UNINTEGRATED,1CMET2-PWY:_folate_transformations_III_(E._coli),14
UNINTEGRATED,ANAGLYCOLYSIS-PWY:_glycolysis_III_(from_glucose),7
UNINTEGRATED,ARGININE-SYN4-PWY:_L-ornithine_biosynthesis_II,11
UNINTEGRATED,ARGSYN-PWY:_L-arginine_biosynthesis_I_(via_L-ornithine),9
UNINTEGRATED,ARGSYNBSUB-PWY:_L-arginine_biosynthesis_II_(acetyl_cycle),12
UNINTEGRATED,ARO-PWY:_chorismate_biosynthesis_I,25
UNINTEGRATED,ASPASN-PWY:_superpathway_of_L-aspartate_and_L-asparagine_biosynthesis,6
UNINTEGRATED,BRANCHED-CHAIN-AA-SYN-PWY:_superpathway_of_branched_chain_amino_acid_biosynthesis,14
UNINTEGRATED,CALVIN-PWY:_Calvin-Benson-Bassham_cycle,4
UNINTEGRATED,CITRULBIO-PWY:_L-citrulline_biosynthesis,2
UNINTEGRATED,COA-PWY-1:_superpathway_of_coenzyme_A_biosynthesis_III_(mammals),20
UNINTEGRATED,COA-PWY:_coenzyme_A_biosynthesis_I_(prokaryotic),26
UNINTEGRATED,COBALSYN-PWY:_superpathway_of_adenosylcobalamin_salvage_from_cobinamide_I,3
UNINTEGRATED,COMPLETE-ARO-PWY:_superpathway_of_aromatic_amino_acid_biosynthesis,11
UNINTEGRATED,DTDPRHAMSYN-PWY:_dTDP-&beta;-L-rhamnose_biosynthesis,30
UNINTEGRATED,FASYN-ELONG-PWY:_fatty_acid_elongation_--_saturated,3
UNINTEGRATED,FUCCAT-PWY:_fucose_degradation,1
UNINTEGRATED,GALACTUROCAT-PWY:_D-galacturonate_degradation_I,2
UNINTEGRATED,GLCMANNANAUT-PWY:_superpathway_of_N-acetylglucosamine,_N-acetylmannosamine_and_N-acetylneuraminate_degradation,1
UNINTEGRATED,GLUCONEO-PWY:_gluconeogenesis_I,1
UNINTEGRATED,GLUCUROCAT-PWY:_superpathway_of_&beta;-D-glucuronosides_degradation,1
UNINTEGRATED,GLUTORN-PWY:_L-ornithine_biosynthesis_I,12
UNINTEGRATED,GLYCOCAT-PWY:_glycogen_degradation_I,1
UNINTEGRATED,GLYCOGENSYNTH-PWY:_glycogen_biosynthesis_I_(from_ADP-D-Glucose),21
UNINTEGRATED,GLYCOLYSIS:_glycolysis_I_(from_glucose_6-phosphate),1
UNINTEGRATED,HEMESYN2-PWY:_heme_b_biosynthesis_II_(oxygen-independent),1
UNINTEGRATED,HISDEG-PWY:_L-histidine_degradation_I,18
UNINTEGRATED,HISTSYN-PWY:_L-histidine_biosynthesis,21
UNINTEGRATED,HSERMETANA-PWY:_L-methionine_biosynthesis_III,7
UNINTEGRATED,ILEUSYN-PWY:_L-isoleucine_biosynthesis_I_(from_threonine),18
UNINTEGRATED,NAGLIPASYN-PWY:_lipid_IVA_biosynthesis_(E._coli),4
UNINTEGRATED,NONMEVIPP-PWY:_methylerythritol_phosphate_pathway_I,28
UNINTEGRATED,NONOXIPENT-PWY:_pentose_phosphate_pathway_(non-oxidative_branch)_I,8
UNINTEGRATED,OANTIGEN-PWY:_O-antigen_building_blocks_biosynthesis_(E._coli),2
UNINTEGRATED,P41-PWY:_pyruvate_fermentation_to_acetate_and_(S)-lactate_I,6
UNINTEGRATED,PANTO-PWY:_phosphopantothenate_biosynthesis_I,21
UNINTEGRATED,PANTOSYN-PWY:_superpathway_of_coenzyme_A_biosynthesis_I_(bacteria),19
UNINTEGRATED,PENTOSE-P-PWY:_pentose_phosphate_pathway,2
UNINTEGRATED,PEPTIDOGLYCANSYN-PWY:_peptidoglycan_biosynthesis_I_(meso-diaminopimelate_containing),26
UNINTEGRATED,PWY-1042:_glycolysis_IV,12
UNINTEGRATED,PWY-1269:_CMP-3-deoxy-D-manno-octulosonate_biosynthesis,6
UNINTEGRATED,PWY-2942:_L-lysine_biosynthesis_III,19
UNINTEGRATED,PWY-3841:_folate_transformations_II_(plants),21
UNINTEGRATED,PWY-4984:_urea_cycle,2
UNINTEGRATED,PWY-5030:_L-histidine_degradation_III,12
UNINTEGRATED,PWY-5097:_L-lysine_biosynthesis_VI,18
UNINTEGRATED,PWY-5100:_pyruvate_fermentation_to_acetate_and_lactate_II,6
UNINTEGRATED,PWY-5103:_L-isoleucine_biosynthesis_III,18
UNINTEGRATED,PWY-5121:_superpathway_of_geranylgeranyl_diphosphate_biosynthesis_II_(via_MEP),2
UNINTEGRATED,PWY-5130:_2-oxobutanoate_degradation_I,1
UNINTEGRATED,PWY-5154:_L-arginine_biosynthesis_III_(via_N-acetyl-L-citrulline),1
UNINTEGRATED,PWY-5188:_tetrapyrrole_biosynthesis_I_(from_glutamate),3
UNINTEGRATED,PWY-5384:_sucrose_degradation_IV_(sucrose_phosphorylase),5
UNINTEGRATED,PWY-5484:_glycolysis_II_(from_fructose_6-phosphate),1
UNINTEGRATED,PWY-5659:_GDP-mannose_biosynthesis,6
UNINTEGRATED,PWY-5667:_CDP-diacylglycerol_biosynthesis_I,19
UNINTEGRATED,PWY-5686:_UMP_biosynthesis_I,24
UNINTEGRATED,PWY-5695:_inosine_5'-phosphate_degradation,20
UNINTEGRATED,PWY-5941:_glycogen_degradation_II,10
UNINTEGRATED,PWY-5973:_cis-vaccenate_biosynthesis,12
UNINTEGRATED,PWY-5989:_stearate_biosynthesis_II_(bacteria_and_plants),3
UNINTEGRATED,PWY-6121:_5-aminoimidazole_ribonucleotide_biosynthesis_I,28
UNINTEGRATED,PWY-6122:_5-aminoimidazole_ribonucleotide_biosynthesis_II,29
UNINTEGRATED,PWY-6123:_inosine-5'-phosphate_biosynthesis_I,18
UNINTEGRATED,PWY-6124:_inosine-5'-phosphate_biosynthesis_II,20
UNINTEGRATED,PWY-6125:_superpathway_of_guanosine_nucleotides_de_novo_biosynthesis_II,10
UNINTEGRATED,PWY-6126:_superpathway_of_adenosine_nucleotides_de_novo_biosynthesis_II,10
UNINTEGRATED,PWY-6143:_CMP-pseudaminate_biosynthesis,1
UNINTEGRATED,PWY-6147:_6-hydroxymethyl-dihydropterin_diphosphate_biosynthesis_I,11
UNINTEGRATED,PWY-6151:_S-adenosyl-L-methionine_salvage_I,15
UNINTEGRATED,PWY-6163:_chorismate_biosynthesis_from_3-dehydroquinate,29
UNINTEGRATED,PWY-621:_sucrose_degradation_III_(sucrose_invertase),5
UNINTEGRATED,PWY-6270:_isoprene_biosynthesis_I,7
UNINTEGRATED,PWY-6277:_superpathway_of_5-aminoimidazole_ribonucleotide_biosynthesis,29
UNINTEGRATED,PWY-6282:_palmitoleate_biosynthesis_I_(from_(5Z)-dodec-5-enoate),3
UNINTEGRATED,PWY-6317:_D-galactose_degradation_I_(Leloir_pathway),8
UNINTEGRATED,PWY-6385:_peptidoglycan_biosynthesis_III_(mycobacteria),21
UNINTEGRATED,PWY-6386:_UDP-N-acetylmuramoyl-pentapeptide_biosynthesis_II_(lysine-containing),25
UNINTEGRATED,PWY-6387:_UDP-N-acetylmuramoyl-pentapeptide_biosynthesis_I_(meso-diaminopimelate_containing),28
UNINTEGRATED,PWY-6507:_4-deoxy-L-threo-hex-4-enopyranuronate_degradation,1
UNINTEGRATED,PWY-6519:_8-amino-7-oxononanoate_biosynthesis_I,1
UNINTEGRATED,PWY-6527:_stachyose_degradation,6
UNINTEGRATED,PWY-6572:_chondroitin_sulfate_degradation_I_(bacterial),1
UNINTEGRATED,PWY-6606:_guanosine_nucleotides_degradation_II,1
UNINTEGRATED,PWY-6608:_guanosine_nucleotides_degradation_III,5
UNINTEGRATED,PWY-6609:_adenine_and_adenosine_salvage_III,29
UNINTEGRATED,PWY-6628:_superpathway_of_L-phenylalanine_biosynthesis,1
UNINTEGRATED,PWY-6630:_superpathway_of_L-tyrosine_biosynthesis,1
UNINTEGRATED,PWY-6700:_queuosine_biosynthesis_I_(de_novo),27
UNINTEGRATED,PWY-6703:_preQ0_biosynthesis,17
UNINTEGRATED,PWY-6731:_starch_degradation_III,2
UNINTEGRATED,PWY-6823:_molybdopterin_biosynthesis,4
UNINTEGRATED,PWY-6897:_thiamine_diphosphate_salvage_II,7
UNINTEGRATED,PWY-6902:_chitin_degradation_II_(Vibrio),6
UNINTEGRATED,PWY-6936:_seleno-amino_acid_biosynthesis_(plants),3
UNINTEGRATED,PWY-7111:_pyruvate_fermentation_to_isobutanol_(engineered),12
UNINTEGRATED,PWY-7197:_pyrimidine_deoxyribonucleotide_phosphorylation,1
UNINTEGRATED,PWY-7199:_pyrimidine_deoxyribonucleosides_salvage,12
UNINTEGRATED,PWY-7208:_superpathway_of_pyrimidine_nucleobases_salvage,2
UNINTEGRATED,PWY-7220:_adenosine_deoxyribonucleotides_de_novo_biosynthesis_II,11
UNINTEGRATED,PWY-7221:_guanosine_ribonucleotides_de_novo_biosynthesis,30
UNINTEGRATED,PWY-7222:_guanosine_deoxyribonucleotides_de_novo_biosynthesis_II,11
UNINTEGRATED,PWY-7228:_superpathway_of_guanosine_nucleotides_de_novo_biosynthesis_I,11
UNINTEGRATED,PWY-7229:_superpathway_of_adenosine_nucleotides_de_novo_biosynthesis_I,10
UNINTEGRATED,PWY-7234:_inosine-5'-phosphate_biosynthesis_III,3
UNINTEGRATED,PWY-7237:_myo-,_chiro-_and_scyllo-inositol_degradation,13
UNINTEGRATED,PWY-7238:_sucrose_biosynthesis_II,21
UNINTEGRATED,PWY-7242:_D-fructuronate_degradation,1
UNINTEGRATED,PWY-724:_superpathway_of_L-lysine,_L-threonine_and_L-methionine_biosynthesis_II,4
UNINTEGRATED,PWY-7282:_4-amino-2-methyl-5-diphosphomethylpyrimidine_biosynthesis_II,3
UNINTEGRATED,PWY-7312:_dTDP-&beta;-D-fucofuranose_biosynthesis,1
UNINTEGRATED,PWY-7315:_dTDP-N-acetylthomosamine_biosynthesis,2
UNINTEGRATED,PWY-7316:_dTDP-N-acetylviosamine_biosynthesis,1
UNINTEGRATED,PWY-7357:_thiamine_phosphate_formation_from_pyrithiamine_and_oxythiamine_(yeast),12
UNINTEGRATED,PWY-7456:_&beta;-(1,4)-mannan_degradation,2
UNINTEGRATED,PWY-7560:_methylerythritol_phosphate_pathway_II,7
UNINTEGRATED,PWY-7663:_gondoate_biosynthesis_(anaerobic),12
UNINTEGRATED,PWY-7664:_oleate_biosynthesis_IV_(anaerobic),3
UNINTEGRATED,PWY-7688:_dTDP-&alpha;-D-ravidosamine_and_dTDP-4-acetyl-&alpha;-D-ravidosamine_biosynthesis,2
UNINTEGRATED,PWY-7790:_UMP_biosynthesis_II,24
UNINTEGRATED,PWY-7791:_UMP_biosynthesis_III,24
UNINTEGRATED,PWY-7851:_coenzyme_A_biosynthesis_II_(eukaryotic),21
UNINTEGRATED,PWY-7953:_UDP-N-acetylmuramoyl-pentapeptide_biosynthesis_III_(meso-diaminopimelate_containing),24
UNINTEGRATED,PWY-7977:_L-methionine_biosynthesis_IV,22
UNINTEGRATED,PWY-8004:_Entner-Doudoroff_pathway_I,1
UNINTEGRATED,PWY-8073:_lipid_IVA_biosynthesis_(P._putida),4
UNINTEGRATED,PWY-8178:_pentose_phosphate_pathway_(non-oxidative_branch)_II,8
UNINTEGRATED,PWY-8187:_L-arginine_degradation_XIII_(reductive_Stickland_reaction),1
UNINTEGRATED,PWY0-1061:_superpathway_of_L-alanine_biosynthesis,2
UNINTEGRATED,PWY0-1241:_ADP-L-glycero-&beta;-D-manno-heptose_biosynthesis,1
UNINTEGRATED,PWY0-1296:_purine_ribonucleosides_degradation,8
UNINTEGRATED,PWY0-1319:_CDP-diacylglycerol_biosynthesis_II,19
UNINTEGRATED,PWY0-1479:_tRNA_processing,1
UNINTEGRATED,PWY0-1586:_peptidoglycan_maturation_(meso-diaminopimelate_containing),13
UNINTEGRATED,PWY0-162:_superpathway_of_pyrimidine_ribonucleotides_de_novo_biosynthesis,2
UNINTEGRATED,PWY0-845:_superpathway_of_pyridoxal_5'-phosphate_biosynthesis_and_salvage,6
UNINTEGRATED,PWY0-862:_(5Z)-dodecenoate_biosynthesis_I,3
UNINTEGRATED,PWY4FS-7:_phosphatidylglycerol_biosynthesis_I_(plastidic),1
UNINTEGRATED,PWY4FS-8:_phosphatidylglycerol_biosynthesis_II_(non-plastidic),1
UNINTEGRATED,PWY66-429:_fatty_acid_biosynthesis_initiation_(mitochondria),14
UNINTEGRATED,PYRIDNUCSYN-PWY:_NAD_de_novo_biosynthesis_I_(from_aspartate),13
UNINTEGRATED,PYRIDOXSYN-PWY:_pyridoxal_5'-phosphate_biosynthesis_I,7
UNINTEGRATED,RHAMCAT-PWY:_L-rhamnose_degradation_I,9
UNINTEGRATED,RIBOSYN2-PWY:_flavin_biosynthesis_I_(bacteria_and_plants),11
UNINTEGRATED,SALVADEHYPOX-PWY:_adenosine_nucleotides_degradation_II,1
UNINTEGRATED,SER-GLYSYN-PWY:_superpathway_of_L-serine_and_glycine_biosynthesis_I,19
UNINTEGRATED,THISYNARA-PWY:_superpathway_of_thiamine_diphosphate_biosynthesis_III_(eukaryotes),9
UNINTEGRATED,THRESYN-PWY:_superpathway_of_L-threonine_biosynthesis,8
UNINTEGRATED,TRNA-CHARGING-PWY:_tRNA_charging,19
UNINTEGRATED,UDPNAGSYN-PWY:_UDP-N-acetyl-D-glucosamine_biosynthesis_I,9
UNINTEGRATED,VALSYN-PWY:_L-valine_biosynthesis,32
1CMET2-PWY:_folate_transformations_III_(E._coli),ANAGLYCOLYSIS-PWY:_glycolysis_III_(from_glucose),3
1CMET2-PWY:_folate_transformations_III_(E._coli),ARGININE-SYN4-PWY:_L-ornithine_biosynthesis_II,7
1CMET2-PWY:_folate_transformations_III_(E._coli),ARGSYN-PWY:_L-arginine_biosynthesis_I_(via_L-ornithine),4
1CMET2-PWY:_folate_transformations_III_(E._coli),ARGSYNBSUB-PWY:_L-arginine_biosynthesis_II_(acetyl_cycle),3
1CMET2-PWY:_folate_transformations_III_(E._coli),ARO-PWY:_chorismate_biosynthesis_I,12
1CMET2-PWY:_folate_transformations_III_(E._coli),ASPASN-PWY:_superpathway_of_L-aspartate_and_L-asparagine_biosynthesis,4
1CMET2-PWY:_folate_transformations_III_(E._coli),BRANCHED-CHAIN-AA-SYN-PWY:_superpathway_of_branched_chain_amino_acid_biosynthesis,8
1CMET2-PWY:_folate_transformations_III_(E._coli),CALVIN-PWY:_Calvin-Benson-Bassham_cycle,2
1CMET2-PWY:_folate_transformations_III_(E._coli),CITRULBIO-PWY:_L-citrulline_biosynthesis,1
1CMET2-PWY:_folate_transformations_III_(E._coli),COA-PWY-1:_superpathway_of_coenzyme_A_biosynthesis_III_(mammals),12
1CMET2-PWY:_folate_transformations_III_(E._coli),COA-PWY:_coenzyme_A_biosynthesis_I_(prokaryotic),13
1CMET2-PWY:_folate_transformations_III_(E._coli),COMPLETE-ARO-PWY:_superpathway_of_aromatic_amino_acid_biosynthesis,5
1CMET2-PWY:_folate_transformations_III_(E._coli),DTDPRHAMSYN-PWY:_dTDP-&beta;-L-rhamnose_biosynthesis,13
1CMET2-PWY:_folate_transformations_III_(E._coli),FASYN-ELONG-PWY:_fatty_acid_elongation_--_saturated,1
1CMET2-PWY:_folate_transformations_III_(E._coli),FUCCAT-PWY:_fucose_degradation,1
1CMET2-PWY:_folate_transformations_III_(E._coli),GLUTORN-PWY:_L-ornithine_biosynthesis_I,4
1CMET2-PWY:_folate_transformations_III_(E._coli),GLYCOGENSYNTH-PWY:_glycogen_biosynthesis_I_(from_ADP-D-Glucose),6
1CMET2-PWY:_folate_transformations_III_(E._coli),HISDEG-PWY:_L-histidine_degradation_I,9
1CMET2-PWY:_folate_transformations_III_(E._coli),HISTSYN-PWY:_L-histidine_biosynthesis,12
1CMET2-PWY:_folate_transformations_III_(E._coli),HSERMETANA-PWY:_L-methionine_biosynthesis_III,4
1CMET2-PWY:_folate_transformations_III_(E._coli),ILEUSYN-PWY:_L-isoleucine_biosynthesis_I_(from_threonine),8
1CMET2-PWY:_folate_transformations_III_(E._coli),NAGLIPASYN-PWY:_lipid_IVA_biosynthesis_(E._coli),1
1CMET2-PWY:_folate_transformations_III_(E._coli),NONMEVIPP-PWY:_methylerythritol_phosphate_pathway_I,14
1CMET2-PWY:_folate_transformations_III_(E._coli),NONOXIPENT-PWY:_pentose_phosphate_pathway_(non-oxidative_branch)_I,5
1CMET2-PWY:_folate_transformations_III_(E._coli),P41-PWY:_pyruvate_fermentation_to_acetate_and_(S)-lactate_I,2
1CMET2-PWY:_folate_transformations_III_(E._coli),PANTO-PWY:_phosphopantothenate_biosynthesis_I,12
1CMET2-PWY:_folate_transformations_III_(E._coli),PANTOSYN-PWY:_superpathway_of_coenzyme_A_biosynthesis_I_(bacteria),12
1CMET2-PWY:_folate_transformations_III_(E._coli),PENTOSE-P-PWY:_pentose_phosphate_pathway,2
1CMET2-PWY:_folate_transformations_III_(E._coli),PEPTIDOGLYCANSYN-PWY:_peptidoglycan_biosynthesis_I_(meso-diaminopimelate_containing),13
1CMET2-PWY:_folate_transformations_III_(E._coli),PWY-1042:_glycolysis_IV,6
1CMET2-PWY:_folate_transformations_III_(E._coli),PWY-1269:_CMP-3-deoxy-D-manno-octulosonate_biosynthesis,3
1CMET2-PWY:_folate_transformations_III_(E._coli),PWY-2942:_L-lysine_biosynthesis_III,11
1CMET2-PWY:_folate_transformations_III_(E._coli),PWY-3841:_folate_transformations_II_(plants),14
1CMET2-PWY:_folate_transformations_III_(E._coli),PWY-4984:_urea_cycle,1
1CMET2-PWY:_folate_transformations_III_(E._coli),PWY-5030:_L-histidine_degradation_III,7
1CMET2-PWY:_folate_transformations_III_(E._coli),PWY-5097:_L-lysine_biosynthesis_VI,9
1CMET2-PWY:_folate_transformations_III_(E._coli),PWY-5100:_pyruvate_fermentation_to_acetate_and_lactate_II,2
1CMET2-PWY:_folate_transformations_III_(E._coli),PWY-5103:_L-isoleucine_biosynthesis_III,8
1CMET2-PWY:_folate_transformations_III_(E._coli),PWY-5121:_superpathway_of_geranylgeranyl_diphosphate_biosynthesis_II_(via_MEP),2
1CMET2-PWY:_folate_transformations_III_(E._coli),PWY-5130:_2-oxobutanoate_degradation_I,1
1CMET2-PWY:_folate_transformations_III_(E._coli),PWY-5154:_L-arginine_biosynthesis_III_(via_N-acetyl-L-citrulline),1
1CMET2-PWY:_folate_transformations_III_(E._coli),PWY-5188:_tetrapyrrole_biosynthesis_I_(from_glutamate),1
1CMET2-PWY:_folate_transformations_III_(E._coli),PWY-5384:_sucrose_degradation_IV_(sucrose_phosphorylase),3
1CMET2-PWY:_folate_transformations_III_(E._coli),PWY-5659:_GDP-mannose_biosynthesis,2
1CMET2-PWY:_folate_transformations_III_(E._coli),PWY-5667:_CDP-diacylglycerol_biosynthesis_I,10
1CMET2-PWY:_folate_transformations_III_(E._coli),PWY-5686:_UMP_biosynthesis_I,14
1CMET2-PWY:_folate_transformations_III_(E._coli),PWY-5695:_inosine_5'-phosphate_degradation,11
1CMET2-PWY:_folate_transformations_III_(E._coli),PWY-5941:_glycogen_degradation_II,5
1CMET2-PWY:_folate_transformations_III_(E._coli),PWY-5973:_cis-vaccenate_biosynthesis,8
1CMET2-PWY:_folate_transformations_III_(E._coli),PWY-5989:_stearate_biosynthesis_II_(bacteria_and_plants),1
1CMET2-PWY:_folate_transformations_III_(E._coli),PWY-6121:_5-aminoimidazole_ribonucleotide_biosynthesis_I,14
1CMET2-PWY:_folate_transformations_III_(E._coli),PWY-6122:_5-aminoimidazole_ribonucleotide_biosynthesis_II,14
1CMET2-PWY:_folate_transformations_III_(E._coli),PWY-6123:_inosine-5'-phosphate_biosynthesis_I,13
1CMET2-PWY:_folate_transformations_III_(E._coli),PWY-6124:_inosine-5'-phosphate_biosynthesis_II,13
1CMET2-PWY:_folate_transformations_III_(E._coli),PWY-6125:_superpathway_of_guanosine_nucleotides_de_novo_biosynthesis_II,7
1CMET2-PWY:_folate_transformations_III_(E._coli),PWY-6126:_superpathway_of_adenosine_nucleotides_de_novo_biosynthesis_II,7
1CMET2-PWY:_folate_transformations_III_(E._coli),PWY-6147:_6-hydroxymethyl-dihydropterin_diphosphate_biosynthesis_I,6
1CMET2-PWY:_folate_transformations_III_(E._coli),PWY-6151:_S-adenosyl-L-methionine_salvage_I,5
1CMET2-PWY:_folate_transformations_III_(E._coli),PWY-6163:_chorismate_biosynthesis_from_3-dehydroquinate,12
1CMET2-PWY:_folate_transformations_III_(E._coli),PWY-621:_sucrose_degradation_III_(sucrose_invertase),3
1CMET2-PWY:_folate_transformations_III_(E._coli),PWY-6270:_isoprene_biosynthesis_I,3
1CMET2-PWY:_folate_transformations_III_(E._coli),PWY-6277:_superpathway_of_5-aminoimidazole_ribonucleotide_biosynthesis,14
1CMET2-PWY:_folate_transformations_III_(E._coli),PWY-6282:_palmitoleate_biosynthesis_I_(from_(5Z)-dodec-5-enoate),1
1CMET2-PWY:_folate_transformations_III_(E._coli),PWY-6317:_D-galactose_degradation_I_(Leloir_pathway),3
1CMET2-PWY:_folate_transformations_III_(E._coli),PWY-6385:_peptidoglycan_biosynthesis_III_(mycobacteria),13
1CMET2-PWY:_folate_transformations_III_(E._coli),PWY-6386:_UDP-N-acetylmuramoyl-pentapeptide_biosynthesis_II_(lysine-containing),14
1CMET2-PWY:_folate_transformations_III_(E._coli),PWY-6387:_UDP-N-acetylmuramoyl-pentapeptide_biosynthesis_I_(meso-diaminopimelate_containing),13
1CMET2-PWY:_folate_transformations_III_(E._coli),PWY-6527:_stachyose_degradation,2
1CMET2-PWY:_folate_transformations_III_(E._coli),PWY-6608:_guanosine_nucleotides_degradation_III,3
1CMET2-PWY:_folate_transformations_III_(E._coli),PWY-6609:_adenine_and_adenosine_salvage_III,13
1CMET2-PWY:_folate_transformations_III_(E._coli),PWY-6630:_superpathway_of_L-tyrosine_biosynthesis,1
1CMET2-PWY:_folate_transformations_III_(E._coli),PWY-6700:_queuosine_biosynthesis_I_(de_novo),11
1CMET2-PWY:_folate_transformations_III_(E._coli),PWY-6703:_preQ0_biosynthesis,10
1CMET2-PWY:_folate_transformations_III_(E._coli),PWY-6823:_molybdopterin_biosynthesis,2
1CMET2-PWY:_folate_transformations_III_(E._coli),PWY-6897:_thiamine_diphosphate_salvage_II,2
1CMET2-PWY:_folate_transformations_III_(E._coli),PWY-6902:_chitin_degradation_II_(Vibrio),1
1CMET2-PWY:_folate_transformations_III_(E._coli),PWY-6936:_seleno-amino_acid_biosynthesis_(plants),1
1CMET2-PWY:_folate_transformations_III_(E._coli),PWY-7111:_pyruvate_fermentation_to_isobutanol_(engineered),5
1CMET2-PWY:_folate_transformations_III_(E._coli),PWY-7199:_pyrimidine_deoxyribonucleosides_salvage,7
1CMET2-PWY:_folate_transformations_III_(E._coli),PWY-7208:_superpathway_of_pyrimidine_nucleobases_salvage,1
1CMET2-PWY:_folate_transformations_III_(E._coli),PWY-7220:_adenosine_deoxyribonucleotides_de_novo_biosynthesis_II,7
1CMET2-PWY:_folate_transformations_III_(E._coli),PWY-7221:_guanosine_ribonucleotides_de_novo_biosynthesis,13
1CMET2-PWY:_folate_transformations_III_(E._coli),PWY-7222:_guanosine_deoxyribonucleotides_de_novo_biosynthesis_II,7
1CMET2-PWY:_folate_transformations_III_(E._coli),PWY-7228:_superpathway_of_guanosine_nucleotides_de_novo_biosynthesis_I,7
1CMET2-PWY:_folate_transformations_III_(E._coli),PWY-7229:_superpathway_of_adenosine_nucleotides_de_novo_biosynthesis_I,7
1CMET2-PWY:_folate_transformations_III_(E._coli),PWY-7234:_inosine-5'-phosphate_biosynthesis_III,2
1CMET2-PWY:_folate_transformations_III_(E._coli),PWY-7237:_myo-,_chiro-_and_scyllo-inositol_degradation,4
1CMET2-PWY:_folate_transformations_III_(E._coli),PWY-7238:_sucrose_biosynthesis_II,4
1CMET2-PWY:_folate_transformations_III_(E._coli),PWY-7282:_4-amino-2-methyl-5-diphosphomethylpyrimidine_biosynthesis_II,2
1CMET2-PWY:_folate_transformations_III_(E._coli),PWY-7312:_dTDP-&beta;-D-fucofuranose_biosynthesis,1
1CMET2-PWY:_folate_transformations_III_(E._coli),PWY-7357:_thiamine_phosphate_formation_from_pyrithiamine_and_oxythiamine_(yeast),5
1CMET2-PWY:_folate_transformations_III_(E._coli),PWY-7456:_&beta;-(1,4)-mannan_degradation,1
1CMET2-PWY:_folate_transformations_III_(E._coli),PWY-7560:_methylerythritol_phosphate_pathway_II,3
1CMET2-PWY:_folate_transformations_III_(E._coli),PWY-7663:_gondoate_biosynthesis_(anaerobic),8
1CMET2-PWY:_folate_transformations_III_(E._coli),PWY-7664:_oleate_biosynthesis_IV_(anaerobic),1
1CMET2-PWY:_folate_transformations_III_(E._coli),PWY-7790:_UMP_biosynthesis_II,14
1CMET2-PWY:_folate_transformations_III_(E._coli),PWY-7791:_UMP_biosynthesis_III,14
1CMET2-PWY:_folate_transformations_III_(E._coli),PWY-7851:_coenzyme_A_biosynthesis_II_(eukaryotic),13
1CMET2-PWY:_folate_transformations_III_(E._coli),PWY-7953:_UDP-N-acetylmuramoyl-pentapeptide_biosynthesis_III_(meso-diaminopimelate_containing),13
1CMET2-PWY:_folate_transformations_III_(E._coli),PWY-7977:_L-methionine_biosynthesis_IV,13
1CMET2-PWY:_folate_transformations_III_(E._coli),PWY-8004:_Entner-Doudoroff_pathway_I,1
1CMET2-PWY:_folate_transformations_III_(E._coli),PWY-8073:_lipid_IVA_biosynthesis_(P._putida),1
1CMET2-PWY:_folate_transformations_III_(E._coli),PWY-8178:_pentose_phosphate_pathway_(non-oxidative_branch)_II,5
1CMET2-PWY:_folate_transformations_III_(E._coli),PWY-8187:_L-arginine_degradation_XIII_(reductive_Stickland_reaction),1
1CMET2-PWY:_folate_transformations_III_(E._coli),PWY0-1061:_superpathway_of_L-alanine_biosynthesis,1
1CMET2-PWY:_folate_transformations_III_(E._coli),PWY0-1296:_purine_ribonucleosides_degradation,2
1CMET2-PWY:_folate_transformations_III_(E._coli),PWY0-1319:_CDP-diacylglycerol_biosynthesis_II,10
1CMET2-PWY:_folate_transformations_III_(E._coli),PWY0-1586:_peptidoglycan_maturation_(meso-diaminopimelate_containing),6
1CMET2-PWY:_folate_transformations_III_(E._coli),PWY0-162:_superpathway_of_pyrimidine_ribonucleotides_de_novo_biosynthesis,1
1CMET2-PWY:_folate_transformations_III_(E._coli),PWY0-845:_superpathway_of_pyridoxal_5'-phosphate_biosynthesis_and_salvage,4
1CMET2-PWY:_folate_transformations_III_(E._coli),PWY0-862:_(5Z)-dodecenoate_biosynthesis_I,1
1CMET2-PWY:_folate_transformations_III_(E._coli),PWY66-429:_fatty_acid_biosynthesis_initiation_(mitochondria),8
1CMET2-PWY:_folate_transformations_III_(E._coli),PYRIDNUCSYN-PWY:_NAD_de_novo_biosynthesis_I_(from_aspartate),6
1CMET2-PWY:_folate_transformations_III_(E._coli),PYRIDOXSYN-PWY:_pyridoxal_5'-phosphate_biosynthesis_I,5
1CMET2-PWY:_folate_transformations_III_(E._coli),RHAMCAT-PWY:_L-rhamnose_degradation_I,5
1CMET2-PWY:_folate_transformations_III_(E._coli),RIBOSYN2-PWY:_flavin_biosynthesis_I_(bacteria_and_plants),6
1CMET2-PWY:_folate_transformations_III_(E._coli),SER-GLYSYN-PWY:_superpathway_of_L-serine_and_glycine_biosynthesis_I,12
1CMET2-PWY:_folate_transformations_III_(E._coli),THISYNARA-PWY:_superpathway_of_thiamine_diphosphate_biosynthesis_III_(eukaryotes),4
1CMET2-PWY:_folate_transformations_III_(E._coli),THRESYN-PWY:_superpathway_of_L-threonine_biosynthesis,4
1CMET2-PWY:_folate_transformations_III_(E._coli),TRNA-CHARGING-PWY:_tRNA_charging,11
1CMET2-PWY:_folate_transformations_III_(E._coli),UDPNAGSYN-PWY:_UDP-N-acetyl-D-glucosamine_biosynthesis_I,1
1CMET2-PWY:_folate_transformations_III_(E._coli),VALSYN-PWY:_L-valine_biosynthesis,13
ANAGLYCOLYSIS-PWY:_glycolysis_III_(from_glucose),ARGININE-SYN4-PWY:_L-ornithine_biosynthesis_II,3
ANAGLYCOLYSIS-PWY:_glycolysis_III_(from_glucose),ARGSYN-PWY:_L-arginine_biosynthesis_I_(via_L-ornithine),4
ANAGLYCOLYSIS-PWY:_glycolysis_III_(from_glucose),ARGSYNBSUB-PWY:_L-arginine_biosynthesis_II_(acetyl_cycle),4
ANAGLYCOLYSIS-PWY:_glycolysis_III_(from_glucose),ARO-PWY:_chorismate_biosynthesis_I,7
ANAGLYCOLYSIS-PWY:_glycolysis_III_(from_glucose),ASPASN-PWY:_superpathway_of_L-aspartate_and_L-asparagine_biosynthesis,1
ANAGLYCOLYSIS-PWY:_glycolysis_III_(from_glucose),BRANCHED-CHAIN-AA-SYN-PWY:_superpathway_of_branched_chain_amino_acid_biosynthesis,6
ANAGLYCOLYSIS-PWY:_glycolysis_III_(from_glucose),CALVIN-PWY:_Calvin-Benson-Bassham_cycle,4
ANAGLYCOLYSIS-PWY:_glycolysis_III_(from_glucose),COA-PWY-1:_superpathway_of_coenzyme_A_biosynthesis_III_(mammals),7
ANAGLYCOLYSIS-PWY:_glycolysis_III_(from_glucose),COA-PWY:_coenzyme_A_biosynthesis_I_(prokaryotic),7
ANAGLYCOLYSIS-PWY:_glycolysis_III_(from_glucose),COBALSYN-PWY:_superpathway_of_adenosylcobalamin_salvage_from_cobinamide_I,1
ANAGLYCOLYSIS-PWY:_glycolysis_III_(from_glucose),COMPLETE-ARO-PWY:_superpathway_of_aromatic_amino_acid_biosynthesis,6
ANAGLYCOLYSIS-PWY:_glycolysis_III_(from_glucose),DTDPRHAMSYN-PWY:_dTDP-&beta;-L-rhamnose_biosynthesis,7
ANAGLYCOLYSIS-PWY:_glycolysis_III_(from_glucose),FASYN-ELONG-PWY:_fatty_acid_elongation_--_saturated,1
ANAGLYCOLYSIS-PWY:_glycolysis_III_(from_glucose),GLUCONEO-PWY:_gluconeogenesis_I,1
ANAGLYCOLYSIS-PWY:_glycolysis_III_(from_glucose),GLUTORN-PWY:_L-ornithine_biosynthesis_I,4
ANAGLYCOLYSIS-PWY:_glycolysis_III_(from_glucose),GLYCOGENSYNTH-PWY:_glycogen_biosynthesis_I_(from_ADP-D-Glucose),4
ANAGLYCOLYSIS-PWY:_glycolysis_III_(from_glucose),GLYCOLYSIS:_glycolysis_I_(from_glucose_6-phosphate),1
ANAGLYCOLYSIS-PWY:_glycolysis_III_(from_glucose),HISDEG-PWY:_L-histidine_degradation_I,2
ANAGLYCOLYSIS-PWY:_glycolysis_III_(from_glucose),HISTSYN-PWY:_L-histidine_biosynthesis,4
ANAGLYCOLYSIS-PWY:_glycolysis_III_(from_glucose),HSERMETANA-PWY:_L-methionine_biosynthesis_III,3
ANAGLYCOLYSIS-PWY:_glycolysis_III_(from_glucose),ILEUSYN-PWY:_L-isoleucine_biosynthesis_I_(from_threonine),6
ANAGLYCOLYSIS-PWY:_glycolysis_III_(from_glucose),NAGLIPASYN-PWY:_lipid_IVA_biosynthesis_(E._coli),1
ANAGLYCOLYSIS-PWY:_glycolysis_III_(from_glucose),NONMEVIPP-PWY:_methylerythritol_phosphate_pathway_I,6
ANAGLYCOLYSIS-PWY:_glycolysis_III_(from_glucose),NONOXIPENT-PWY:_pentose_phosphate_pathway_(non-oxidative_branch)_I,4
ANAGLYCOLYSIS-PWY:_glycolysis_III_(from_glucose),P41-PWY:_pyruvate_fermentation_to_acetate_and_(S)-lactate_I,4
ANAGLYCOLYSIS-PWY:_glycolysis_III_(from_glucose),PANTO-PWY:_phosphopantothenate_biosynthesis_I,7
ANAGLYCOLYSIS-PWY:_glycolysis_III_(from_glucose),PANTOSYN-PWY:_superpathway_of_coenzyme_A_biosynthesis_I_(bacteria),7
ANAGLYCOLYSIS-PWY:_glycolysis_III_(from_glucose),PENTOSE-P-PWY:_pentose_phosphate_pathway,1
ANAGLYCOLYSIS-PWY:_glycolysis_III_(from_glucose),PEPTIDOGLYCANSYN-PWY:_peptidoglycan_biosynthesis_I_(meso-diaminopimelate_containing),6
ANAGLYCOLYSIS-PWY:_glycolysis_III_(from_glucose),PWY-1042:_glycolysis_IV,5
ANAGLYCOLYSIS-PWY:_glycolysis_III_(from_glucose),PWY-2942:_L-lysine_biosynthesis_III,2
ANAGLYCOLYSIS-PWY:_glycolysis_III_(from_glucose),PWY-3841:_folate_transformations_II_(plants),6
ANAGLYCOLYSIS-PWY:_glycolysis_III_(from_glucose),PWY-5030:_L-histidine_degradation_III,1
ANAGLYCOLYSIS-PWY:_glycolysis_III_(from_glucose),PWY-5097:_L-lysine_biosynthesis_VI,4
ANAGLYCOLYSIS-PWY:_glycolysis_III_(from_glucose),PWY-5100:_pyruvate_fermentation_to_acetate_and_lactate_II,4
ANAGLYCOLYSIS-PWY:_glycolysis_III_(from_glucose),PWY-5103:_L-isoleucine_biosynthesis_III,6
ANAGLYCOLYSIS-PWY:_glycolysis_III_(from_glucose),PWY-5188:_tetrapyrrole_biosynthesis_I_(from_glutamate),1
ANAGLYCOLYSIS-PWY:_glycolysis_III_(from_glucose),PWY-5384:_sucrose_degradation_IV_(sucrose_phosphorylase),1
ANAGLYCOLYSIS-PWY:_glycolysis_III_(from_glucose),PWY-5484:_glycolysis_II_(from_fructose_6-phosphate),1
ANAGLYCOLYSIS-PWY:_glycolysis_III_(from_glucose),PWY-5659:_GDP-mannose_biosynthesis,1
ANAGLYCOLYSIS-PWY:_glycolysis_III_(from_glucose),PWY-5667:_CDP-diacylglycerol_biosynthesis_I,6
ANAGLYCOLYSIS-PWY:_glycolysis_III_(from_glucose),PWY-5686:_UMP_biosynthesis_I,6
ANAGLYCOLYSIS-PWY:_glycolysis_III_(from_glucose),PWY-5695:_inosine_5'-phosphate_degradation,4
ANAGLYCOLYSIS-PWY:_glycolysis_III_(from_glucose),PWY-5941:_glycogen_degradation_II,3
ANAGLYCOLYSIS-PWY:_glycolysis_III_(from_glucose),PWY-5973:_cis-vaccenate_biosynthesis,2
ANAGLYCOLYSIS-PWY:_glycolysis_III_(from_glucose),PWY-5989:_stearate_biosynthesis_II_(bacteria_and_plants),1
ANAGLYCOLYSIS-PWY:_glycolysis_III_(from_glucose),PWY-6121:_5-aminoimidazole_ribonucleotide_biosynthesis_I,6
ANAGLYCOLYSIS-PWY:_glycolysis_III_(from_glucose),PWY-6122:_5-aminoimidazole_ribonucleotide_biosynthesis_II,6
ANAGLYCOLYSIS-PWY:_glycolysis_III_(from_glucose),PWY-6123:_inosine-5'-phosphate_biosynthesis_I,3
ANAGLYCOLYSIS-PWY:_glycolysis_III_(from_glucose),PWY-6124:_inosine-5'-phosphate_biosynthesis_II,3
ANAGLYCOLYSIS-PWY:_glycolysis_III_(from_glucose),PWY-6125:_superpathway_of_guanosine_nucleotides_de_novo_biosynthesis_II,2
ANAGLYCOLYSIS-PWY:_glycolysis_III_(from_glucose),PWY-6126:_superpathway_of_adenosine_nucleotides_de_novo_biosynthesis_II,2
ANAGLYCOLYSIS-PWY:_glycolysis_III_(from_glucose),PWY-6147:_6-hydroxymethyl-dihydropterin_diphosphate_biosynthesis_I,3
ANAGLYCOLYSIS-PWY:_glycolysis_III_(from_glucose),PWY-6151:_S-adenosyl-L-methionine_salvage_I,3
ANAGLYCOLYSIS-PWY:_glycolysis_III_(from_glucose),PWY-6163:_chorismate_biosynthesis_from_3-dehydroquinate,7
ANAGLYCOLYSIS-PWY:_glycolysis_III_(from_glucose),PWY-621:_sucrose_degradation_III_(sucrose_invertase),2
ANAGLYCOLYSIS-PWY:_glycolysis_III_(from_glucose),PWY-6270:_isoprene_biosynthesis_I,2
ANAGLYCOLYSIS-PWY:_glycolysis_III_(from_glucose),PWY-6277:_superpathway_of_5-aminoimidazole_ribonucleotide_biosynthesis,6
ANAGLYCOLYSIS-PWY:_glycolysis_III_(from_glucose),PWY-6282:_palmitoleate_biosynthesis_I_(from_(5Z)-dodec-5-enoate),1
ANAGLYCOLYSIS-PWY:_glycolysis_III_(from_glucose),PWY-6317:_D-galactose_degradation_I_(Leloir_pathway),3
ANAGLYCOLYSIS-PWY:_glycolysis_III_(from_glucose),PWY-6385:_peptidoglycan_biosynthesis_III_(mycobacteria),5
ANAGLYCOLYSIS-PWY:_glycolysis_III_(from_glucose),PWY-6386:_UDP-N-acetylmuramoyl-pentapeptide_biosynthesis_II_(lysine-containing),5
ANAGLYCOLYSIS-PWY:_glycolysis_III_(from_glucose),PWY-6387:_UDP-N-acetylmuramoyl-pentapeptide_biosynthesis_I_(meso-diaminopimelate_containing),6
ANAGLYCOLYSIS-PWY:_glycolysis_III_(from_glucose),PWY-6519:_8-amino-7-oxononanoate_biosynthesis_I,1
ANAGLYCOLYSIS-PWY:_glycolysis_III_(from_glucose),PWY-6527:_stachyose_degradation,2
ANAGLYCOLYSIS-PWY:_glycolysis_III_(from_glucose),PWY-6606:_guanosine_nucleotides_degradation_II,1
ANAGLYCOLYSIS-PWY:_glycolysis_III_(from_glucose),PWY-6608:_guanosine_nucleotides_degradation_III,1
ANAGLYCOLYSIS-PWY:_glycolysis_III_(from_glucose),PWY-6609:_adenine_and_adenosine_salvage_III,6
ANAGLYCOLYSIS-PWY:_glycolysis_III_(from_glucose),PWY-6700:_queuosine_biosynthesis_I_(de_novo),6
ANAGLYCOLYSIS-PWY:_glycolysis_III_(from_glucose),PWY-6703:_preQ0_biosynthesis,3
ANAGLYCOLYSIS-PWY:_glycolysis_III_(from_glucose),PWY-6823:_molybdopterin_biosynthesis,3
ANAGLYCOLYSIS-PWY:_glycolysis_III_(from_glucose),PWY-6897:_thiamine_diphosphate_salvage_II,2
ANAGLYCOLYSIS-PWY:_glycolysis_III_(from_glucose),PWY-6902:_chitin_degradation_II_(Vibrio),1
ANAGLYCOLYSIS-PWY:_glycolysis_III_(from_glucose),PWY-6936:_seleno-amino_acid_biosynthesis_(plants),1
ANAGLYCOLYSIS-PWY:_glycolysis_III_(from_glucose),PWY-7111:_pyruvate_fermentation_to_isobutanol_(engineered),5
ANAGLYCOLYSIS-PWY:_glycolysis_III_(from_glucose),PWY-7199:_pyrimidine_deoxyribonucleosides_salvage,2
ANAGLYCOLYSIS-PWY:_glycolysis_III_(from_glucose),PWY-7208:_superpathway_of_pyrimidine_nucleobases_salvage,1
ANAGLYCOLYSIS-PWY:_glycolysis_III_(from_glucose),PWY-7220:_adenosine_deoxyribonucleotides_de_novo_biosynthesis_II,2
ANAGLYCOLYSIS-PWY:_glycolysis_III_(from_glucose),PWY-7221:_guanosine_ribonucleotides_de_novo_biosynthesis,7
ANAGLYCOLYSIS-PWY:_glycolysis_III_(from_glucose),PWY-7222:_guanosine_deoxyribonucleotides_de_novo_biosynthesis_II,2
ANAGLYCOLYSIS-PWY:_glycolysis_III_(from_glucose),PWY-7228:_superpathway_of_guanosine_nucleotides_de_novo_biosynthesis_I,2
ANAGLYCOLYSIS-PWY:_glycolysis_III_(from_glucose),PWY-7229:_superpathway_of_adenosine_nucleotides_de_novo_biosynthesis_I,2
ANAGLYCOLYSIS-PWY:_glycolysis_III_(from_glucose),PWY-7237:_myo-,_chiro-_and_scyllo-inositol_degradation,5
ANAGLYCOLYSIS-PWY:_glycolysis_III_(from_glucose),PWY-7238:_sucrose_biosynthesis_II,5
ANAGLYCOLYSIS-PWY:_glycolysis_III_(from_glucose),PWY-724:_superpathway_of_L-lysine,_L-threonine_and_L-methionine_biosynthesis_II,1
ANAGLYCOLYSIS-PWY:_glycolysis_III_(from_glucose),PWY-7315:_dTDP-N-acetylthomosamine_biosynthesis,1
ANAGLYCOLYSIS-PWY:_glycolysis_III_(from_glucose),PWY-7316:_dTDP-N-acetylviosamine_biosynthesis,1
ANAGLYCOLYSIS-PWY:_glycolysis_III_(from_glucose),PWY-7357:_thiamine_phosphate_formation_from_pyrithiamine_and_oxythiamine_(yeast),5
ANAGLYCOLYSIS-PWY:_glycolysis_III_(from_glucose),PWY-7560:_methylerythritol_phosphate_pathway_II,2
ANAGLYCOLYSIS-PWY:_glycolysis_III_(from_glucose),PWY-7663:_gondoate_biosynthesis_(anaerobic),2
ANAGLYCOLYSIS-PWY:_glycolysis_III_(from_glucose),PWY-7664:_oleate_biosynthesis_IV_(anaerobic),1
ANAGLYCOLYSIS-PWY:_glycolysis_III_(from_glucose),PWY-7688:_dTDP-&alpha;-D-ravidosamine_and_dTDP-4-acetyl-&alpha;-D-ravidosamine_biosynthesis,1
ANAGLYCOLYSIS-PWY:_glycolysis_III_(from_glucose),PWY-7790:_UMP_biosynthesis_II,6
ANAGLYCOLYSIS-PWY:_glycolysis_III_(from_glucose),PWY-7791:_UMP_biosynthesis_III,6
ANAGLYCOLYSIS-PWY:_glycolysis_III_(from_glucose),PWY-7851:_coenzyme_A_biosynthesis_II_(eukaryotic),7
ANAGLYCOLYSIS-PWY:_glycolysis_III_(from_glucose),PWY-7953:_UDP-N-acetylmuramoyl-pentapeptide_biosynthesis_III_(meso-diaminopimelate_containing),6
ANAGLYCOLYSIS-PWY:_glycolysis_III_(from_glucose),PWY-7977:_L-methionine_biosynthesis_IV,4
ANAGLYCOLYSIS-PWY:_glycolysis_III_(from_glucose),PWY-8004:_Entner-Doudoroff_pathway_I,1
ANAGLYCOLYSIS-PWY:_glycolysis_III_(from_glucose),PWY-8073:_lipid_IVA_biosynthesis_(P._putida),1
ANAGLYCOLYSIS-PWY:_glycolysis_III_(from_glucose),PWY-8178:_pentose_phosphate_pathway_(non-oxidative_branch)_II,5
ANAGLYCOLYSIS-PWY:_glycolysis_III_(from_glucose),PWY0-1061:_superpathway_of_L-alanine_biosynthesis,2
ANAGLYCOLYSIS-PWY:_glycolysis_III_(from_glucose),PWY0-1296:_purine_ribonucleosides_degradation,3
ANAGLYCOLYSIS-PWY:_glycolysis_III_(from_glucose),PWY0-1319:_CDP-diacylglycerol_biosynthesis_II,6
ANAGLYCOLYSIS-PWY:_glycolysis_III_(from_glucose),PWY0-1586:_peptidoglycan_maturation_(meso-diaminopimelate_containing),2
ANAGLYCOLYSIS-PWY:_glycolysis_III_(from_glucose),PWY0-845:_superpathway_of_pyridoxal_5'-phosphate_biosynthesis_and_salvage,1
ANAGLYCOLYSIS-PWY:_glycolysis_III_(from_glucose),PWY0-862:_(5Z)-dodecenoate_biosynthesis_I,1
ANAGLYCOLYSIS-PWY:_glycolysis_III_(from_glucose),PWY4FS-7:_phosphatidylglycerol_biosynthesis_I_(plastidic),1
ANAGLYCOLYSIS-PWY:_glycolysis_III_(from_glucose),PWY4FS-8:_phosphatidylglycerol_biosynthesis_II_(non-plastidic),1
ANAGLYCOLYSIS-PWY:_glycolysis_III_(from_glucose),PWY66-429:_fatty_acid_biosynthesis_initiation_(mitochondria),2
ANAGLYCOLYSIS-PWY:_glycolysis_III_(from_glucose),PYRIDNUCSYN-PWY:_NAD_de_novo_biosynthesis_I_(from_aspartate),4
ANAGLYCOLYSIS-PWY:_glycolysis_III_(from_glucose),PYRIDOXSYN-PWY:_pyridoxal_5'-phosphate_biosynthesis_I,1
ANAGLYCOLYSIS-PWY:_glycolysis_III_(from_glucose),RHAMCAT-PWY:_L-rhamnose_degradation_I,2
ANAGLYCOLYSIS-PWY:_glycolysis_III_(from_glucose),RIBOSYN2-PWY:_flavin_biosynthesis_I_(bacteria_and_plants),4
ANAGLYCOLYSIS-PWY:_glycolysis_III_(from_glucose),SER-GLYSYN-PWY:_superpathway_of_L-serine_and_glycine_biosynthesis_I,5
ANAGLYCOLYSIS-PWY:_glycolysis_III_(from_glucose),THISYNARA-PWY:_superpathway_of_thiamine_diphosphate_biosynthesis_III_(eukaryotes),5
ANAGLYCOLYSIS-PWY:_glycolysis_III_(from_glucose),THRESYN-PWY:_superpathway_of_L-threonine_biosynthesis,1
ANAGLYCOLYSIS-PWY:_glycolysis_III_(from_glucose),TRNA-CHARGING-PWY:_tRNA_charging,5
ANAGLYCOLYSIS-PWY:_glycolysis_III_(from_glucose),VALSYN-PWY:_L-valine_biosynthesis,7
ARGININE-SYN4-PWY:_L-ornithine_biosynthesis_II,ARO-PWY:_chorismate_biosynthesis_I,10
ARGININE-SYN4-PWY:_L-ornithine_biosynthesis_II,ASPASN-PWY:_superpathway_of_L-aspartate_and_L-asparagine_biosynthesis,5
ARGININE-SYN4-PWY:_L-ornithine_biosynthesis_II,BRANCHED-CHAIN-AA-SYN-PWY:_superpathway_of_branched_chain_amino_acid_biosynthesis,9
ARGININE-SYN4-PWY:_L-ornithine_biosynthesis_II,COA-PWY-1:_superpathway_of_coenzyme_A_biosynthesis_III_(mammals),11
ARGININE-SYN4-PWY:_L-ornithine_biosynthesis_II,COA-PWY:_coenzyme_A_biosynthesis_I_(prokaryotic),11
ARGININE-SYN4-PWY:_L-ornithine_biosynthesis_II,COBALSYN-PWY:_superpathway_of_adenosylcobalamin_salvage_from_cobinamide_I,1
ARGININE-SYN4-PWY:_L-ornithine_biosynthesis_II,COMPLETE-ARO-PWY:_superpathway_of_aromatic_amino_acid_biosynthesis,2
ARGININE-SYN4-PWY:_L-ornithine_biosynthesis_II,DTDPRHAMSYN-PWY:_dTDP-&beta;-L-rhamnose_biosynthesis,11
ARGININE-SYN4-PWY:_L-ornithine_biosynthesis_II,FASYN-ELONG-PWY:_fatty_acid_elongation_--_saturated,1
ARGININE-SYN4-PWY:_L-ornithine_biosynthesis_II,GLUCONEO-PWY:_gluconeogenesis_I,1
ARGININE-SYN4-PWY:_L-ornithine_biosynthesis_II,GLYCOGENSYNTH-PWY:_glycogen_biosynthesis_I_(from_ADP-D-Glucose),4
ARGININE-SYN4-PWY:_L-ornithine_biosynthesis_II,GLYCOLYSIS:_glycolysis_I_(from_glucose_6-phosphate),1
ARGININE-SYN4-PWY:_L-ornithine_biosynthesis_II,HISDEG-PWY:_L-histidine_degradation_I,8
ARGININE-SYN4-PWY:_L-ornithine_biosynthesis_II,HISTSYN-PWY:_L-histidine_biosynthesis,11
ARGININE-SYN4-PWY:_L-ornithine_biosynthesis_II,HSERMETANA-PWY:_L-methionine_biosynthesis_III,2
ARGININE-SYN4-PWY:_L-ornithine_biosynthesis_II,ILEUSYN-PWY:_L-isoleucine_biosynthesis_I_(from_threonine),9
ARGININE-SYN4-PWY:_L-ornithine_biosynthesis_II,NAGLIPASYN-PWY:_lipid_IVA_biosynthesis_(E._coli),3
ARGININE-SYN4-PWY:_L-ornithine_biosynthesis_II,NONMEVIPP-PWY:_methylerythritol_phosphate_pathway_I,11
ARGININE-SYN4-PWY:_L-ornithine_biosynthesis_II,NONOXIPENT-PWY:_pentose_phosphate_pathway_(non-oxidative_branch)_I,2
ARGININE-SYN4-PWY:_L-ornithine_biosynthesis_II,PANTO-PWY:_phosphopantothenate_biosynthesis_I,11
ARGININE-SYN4-PWY:_L-ornithine_biosynthesis_II,PANTOSYN-PWY:_superpathway_of_coenzyme_A_biosynthesis_I_(bacteria),11
ARGININE-SYN4-PWY:_L-ornithine_biosynthesis_II,PENTOSE-P-PWY:_pentose_phosphate_pathway,2
ARGININE-SYN4-PWY:_L-ornithine_biosynthesis_II,PEPTIDOGLYCANSYN-PWY:_peptidoglycan_biosynthesis_I_(meso-diaminopimelate_containing),10
ARGININE-SYN4-PWY:_L-ornithine_biosynthesis_II,PWY-1042:_glycolysis_IV,4
ARGININE-SYN4-PWY:_L-ornithine_biosynthesis_II,PWY-1269:_CMP-3-deoxy-D-manno-octulosonate_biosynthesis,5
ARGININE-SYN4-PWY:_L-ornithine_biosynthesis_II,PWY-2942:_L-lysine_biosynthesis_III,10
ARGININE-SYN4-PWY:_L-ornithine_biosynthesis_II,PWY-3841:_folate_transformations_II_(plants),10
ARGININE-SYN4-PWY:_L-ornithine_biosynthesis_II,PWY-5030:_L-histidine_degradation_III,8
ARGININE-SYN4-PWY:_L-ornithine_biosynthesis_II,PWY-5097:_L-lysine_biosynthesis_VI,8
ARGININE-SYN4-PWY:_L-ornithine_biosynthesis_II,PWY-5103:_L-isoleucine_biosynthesis_III,9
ARGININE-SYN4-PWY:_L-ornithine_biosynthesis_II,PWY-5121:_superpathway_of_geranylgeranyl_diphosphate_biosynthesis_II_(via_MEP),2
ARGININE-SYN4-PWY:_L-ornithine_biosynthesis_II,PWY-5384:_sucrose_degradation_IV_(sucrose_phosphorylase),2
ARGININE-SYN4-PWY:_L-ornithine_biosynthesis_II,PWY-5484:_glycolysis_II_(from_fructose_6-phosphate),1
ARGININE-SYN4-PWY:_L-ornithine_biosynthesis_II,PWY-5659:_GDP-mannose_biosynthesis,1
ARGININE-SYN4-PWY:_L-ornithine_biosynthesis_II,PWY-5667:_CDP-diacylglycerol_biosynthesis_I,9
ARGININE-SYN4-PWY:_L-ornithine_biosynthesis_II,PWY-5686:_UMP_biosynthesis_I,10
ARGININE-SYN4-PWY:_L-ornithine_biosynthesis_II,PWY-5695:_inosine_5'-phosphate_degradation,10
ARGININE-SYN4-PWY:_L-ornithine_biosynthesis_II,PWY-5941:_glycogen_degradation_II,3
ARGININE-SYN4-PWY:_L-ornithine_biosynthesis_II,PWY-5973:_cis-vaccenate_biosynthesis,8
ARGININE-SYN4-PWY:_L-ornithine_biosynthesis_II,PWY-5989:_stearate_biosynthesis_II_(bacteria_and_plants),1
ARGININE-SYN4-PWY:_L-ornithine_biosynthesis_II,PWY-6121:_5-aminoimidazole_ribonucleotide_biosynthesis_I,10
ARGININE-SYN4-PWY:_L-ornithine_biosynthesis_II,PWY-6122:_5-aminoimidazole_ribonucleotide_biosynthesis_II,10
ARGININE-SYN4-PWY:_L-ornithine_biosynthesis_II,PWY-6123:_inosine-5'-phosphate_biosynthesis_I,10
ARGININE-SYN4-PWY:_L-ornithine_biosynthesis_II,PWY-6124:_inosine-5'-phosphate_biosynthesis_II,10
ARGININE-SYN4-PWY:_L-ornithine_biosynthesis_II,PWY-6125:_superpathway_of_guanosine_nucleotides_de_novo_biosynthesis_II,8
ARGININE-SYN4-PWY:_L-ornithine_biosynthesis_II,PWY-6126:_superpathway_of_adenosine_nucleotides_de_novo_biosynthesis_II,8
ARGININE-SYN4-PWY:_L-ornithine_biosynthesis_II,PWY-6143:_CMP-pseudaminate_biosynthesis,1
ARGININE-SYN4-PWY:_L-ornithine_biosynthesis_II,PWY-6147:_6-hydroxymethyl-dihydropterin_diphosphate_biosynthesis_I,9
ARGININE-SYN4-PWY:_L-ornithine_biosynthesis_II,PWY-6151:_S-adenosyl-L-methionine_salvage_I,3
ARGININE-SYN4-PWY:_L-ornithine_biosynthesis_II,PWY-6163:_chorismate_biosynthesis_from_3-dehydroquinate,11
ARGININE-SYN4-PWY:_L-ornithine_biosynthesis_II,PWY-621:_sucrose_degradation_III_(sucrose_invertase),3
ARGININE-SYN4-PWY:_L-ornithine_biosynthesis_II,PWY-6270:_isoprene_biosynthesis_I,5
ARGININE-SYN4-PWY:_L-ornithine_biosynthesis_II,PWY-6277:_superpathway_of_5-aminoimidazole_ribonucleotide_biosynthesis,10
ARGININE-SYN4-PWY:_L-ornithine_biosynthesis_II,PWY-6282:_palmitoleate_biosynthesis_I_(from_(5Z)-dodec-5-enoate),1
ARGININE-SYN4-PWY:_L-ornithine_biosynthesis_II,PWY-6385:_peptidoglycan_biosynthesis_III_(mycobacteria),10
ARGININE-SYN4-PWY:_L-ornithine_biosynthesis_II,PWY-6386:_UDP-N-acetylmuramoyl-pentapeptide_biosynthesis_II_(lysine-containing),10
ARGININE-SYN4-PWY:_L-ornithine_biosynthesis_II,PWY-6387:_UDP-N-acetylmuramoyl-pentapeptide_biosynthesis_I_(meso-diaminopimelate_containing),10
ARGININE-SYN4-PWY:_L-ornithine_biosynthesis_II,PWY-6519:_8-amino-7-oxononanoate_biosynthesis_I,1
ARGININE-SYN4-PWY:_L-ornithine_biosynthesis_II,PWY-6572:_chondroitin_sulfate_degradation_I_(bacterial),1
ARGININE-SYN4-PWY:_L-ornithine_biosynthesis_II,PWY-6608:_guanosine_nucleotides_degradation_III,3
ARGININE-SYN4-PWY:_L-ornithine_biosynthesis_II,PWY-6609:_adenine_and_adenosine_salvage_III,11
ARGININE-SYN4-PWY:_L-ornithine_biosynthesis_II,PWY-6700:_queuosine_biosynthesis_I_(de_novo),11
ARGININE-SYN4-PWY:_L-ornithine_biosynthesis_II,PWY-6703:_preQ0_biosynthesis,11
ARGININE-SYN4-PWY:_L-ornithine_biosynthesis_II,PWY-6897:_thiamine_diphosphate_salvage_II,4
ARGININE-SYN4-PWY:_L-ornithine_biosynthesis_II,PWY-6902:_chitin_degradation_II_(Vibrio),4
ARGININE-SYN4-PWY:_L-ornithine_biosynthesis_II,PWY-7111:_pyruvate_fermentation_to_isobutanol_(engineered),3
ARGININE-SYN4-PWY:_L-ornithine_biosynthesis_II,PWY-7199:_pyrimidine_deoxyribonucleosides_salvage,10
ARGININE-SYN4-PWY:_L-ornithine_biosynthesis_II,PWY-7220:_adenosine_deoxyribonucleotides_de_novo_biosynthesis_II,8
ARGININE-SYN4-PWY:_L-ornithine_biosynthesis_II,PWY-7221:_guanosine_ribonucleotides_de_novo_biosynthesis,11
ARGININE-SYN4-PWY:_L-ornithine_biosynthesis_II,PWY-7222:_guanosine_deoxyribonucleotides_de_novo_biosynthesis_II,8
ARGININE-SYN4-PWY:_L-ornithine_biosynthesis_II,PWY-7228:_superpathway_of_guanosine_nucleotides_de_novo_biosynthesis_I,8
ARGININE-SYN4-PWY:_L-ornithine_biosynthesis_II,PWY-7229:_superpathway_of_adenosine_nucleotides_de_novo_biosynthesis_I,8
ARGININE-SYN4-PWY:_L-ornithine_biosynthesis_II,PWY-7237:_myo-,_chiro-_and_scyllo-inositol_degradation,4
ARGININE-SYN4-PWY:_L-ornithine_biosynthesis_II,PWY-7238:_sucrose_biosynthesis_II,4
ARGININE-SYN4-PWY:_L-ornithine_biosynthesis_II,PWY-724:_superpathway_of_L-lysine,_L-threonine_and_L-methionine_biosynthesis_II,1
ARGININE-SYN4-PWY:_L-ornithine_biosynthesis_II,PWY-7282:_4-amino-2-methyl-5-diphosphomethylpyrimidine_biosynthesis_II,3
ARGININE-SYN4-PWY:_L-ornithine_biosynthesis_II,PWY-7312:_dTDP-&beta;-D-fucofuranose_biosynthesis,1
ARGININE-SYN4-PWY:_L-ornithine_biosynthesis_II,PWY-7315:_dTDP-N-acetylthomosamine_biosynthesis,1
ARGININE-SYN4-PWY:_L-ornithine_biosynthesis_II,PWY-7316:_dTDP-N-acetylviosamine_biosynthesis,1
ARGININE-SYN4-PWY:_L-ornithine_biosynthesis_II,PWY-7357:_thiamine_phosphate_formation_from_pyrithiamine_and_oxythiamine_(yeast),4
ARGININE-SYN4-PWY:_L-ornithine_biosynthesis_II,PWY-7560:_methylerythritol_phosphate_pathway_II,5
ARGININE-SYN4-PWY:_L-ornithine_biosynthesis_II,PWY-7663:_gondoate_biosynthesis_(anaerobic),8
ARGININE-SYN4-PWY:_L-ornithine_biosynthesis_II,PWY-7664:_oleate_biosynthesis_IV_(anaerobic),1
ARGININE-SYN4-PWY:_L-ornithine_biosynthesis_II,PWY-7688:_dTDP-&alpha;-D-ravidosamine_and_dTDP-4-acetyl-&alpha;-D-ravidosamine_biosynthesis,1
ARGININE-SYN4-PWY:_L-ornithine_biosynthesis_II,PWY-7790:_UMP_biosynthesis_II,10
ARGININE-SYN4-PWY:_L-ornithine_biosynthesis_II,PWY-7791:_UMP_biosynthesis_III,10
ARGININE-SYN4-PWY:_L-ornithine_biosynthesis_II,PWY-7851:_coenzyme_A_biosynthesis_II_(eukaryotic),11
ARGININE-SYN4-PWY:_L-ornithine_biosynthesis_II,PWY-7953:_UDP-N-acetylmuramoyl-pentapeptide_biosynthesis_III_(meso-diaminopimelate_containing),10
ARGININE-SYN4-PWY:_L-ornithine_biosynthesis_II,PWY-7977:_L-methionine_biosynthesis_IV,11
ARGININE-SYN4-PWY:_L-ornithine_biosynthesis_II,PWY-8004:_Entner-Doudoroff_pathway_I,1
ARGININE-SYN4-PWY:_L-ornithine_biosynthesis_II,PWY-8073:_lipid_IVA_biosynthesis_(P._putida),3
ARGININE-SYN4-PWY:_L-ornithine_biosynthesis_II,PWY-8178:_pentose_phosphate_pathway_(non-oxidative_branch)_II,2
ARGININE-SYN4-PWY:_L-ornithine_biosynthesis_II,PWY0-1319:_CDP-diacylglycerol_biosynthesis_II,9
ARGININE-SYN4-PWY:_L-ornithine_biosynthesis_II,PWY0-1586:_peptidoglycan_maturation_(meso-diaminopimelate_containing),8
ARGININE-SYN4-PWY:_L-ornithine_biosynthesis_II,PWY0-162:_superpathway_of_pyrimidine_ribonucleotides_de_novo_biosynthesis,2
ARGININE-SYN4-PWY:_L-ornithine_biosynthesis_II,PWY0-845:_superpathway_of_pyridoxal_5'-phosphate_biosynthesis_and_salvage,6
ARGININE-SYN4-PWY:_L-ornithine_biosynthesis_II,PWY0-862:_(5Z)-dodecenoate_biosynthesis_I,1
ARGININE-SYN4-PWY:_L-ornithine_biosynthesis_II,PWY66-429:_fatty_acid_biosynthesis_initiation_(mitochondria),9
ARGININE-SYN4-PWY:_L-ornithine_biosynthesis_II,PYRIDNUCSYN-PWY:_NAD_de_novo_biosynthesis_I_(from_aspartate),8
ARGININE-SYN4-PWY:_L-ornithine_biosynthesis_II,PYRIDOXSYN-PWY:_pyridoxal_5'-phosphate_biosynthesis_I,7
ARGININE-SYN4-PWY:_L-ornithine_biosynthesis_II,RHAMCAT-PWY:_L-rhamnose_degradation_I,9
ARGININE-SYN4-PWY:_L-ornithine_biosynthesis_II,RIBOSYN2-PWY:_flavin_biosynthesis_I_(bacteria_and_plants),6
ARGININE-SYN4-PWY:_L-ornithine_biosynthesis_II,SER-GLYSYN-PWY:_superpathway_of_L-serine_and_glycine_biosynthesis_I,10
ARGININE-SYN4-PWY:_L-ornithine_biosynthesis_II,THISYNARA-PWY:_superpathway_of_thiamine_diphosphate_biosynthesis_III_(eukaryotes),4
ARGININE-SYN4-PWY:_L-ornithine_biosynthesis_II,THRESYN-PWY:_superpathway_of_L-threonine_biosynthesis,4
ARGININE-SYN4-PWY:_L-ornithine_biosynthesis_II,TRNA-CHARGING-PWY:_tRNA_charging,10
ARGININE-SYN4-PWY:_L-ornithine_biosynthesis_II,VALSYN-PWY:_L-valine_biosynthesis,11
ARGSYN-PWY:_L-arginine_biosynthesis_I_(via_L-ornithine),ARGSYNBSUB-PWY:_L-arginine_biosynthesis_II_(acetyl_cycle),8
ARGSYN-PWY:_L-arginine_biosynthesis_I_(via_L-ornithine),ARO-PWY:_chorismate_biosynthesis_I,8
ARGSYN-PWY:_L-arginine_biosynthesis_I_(via_L-ornithine),BRANCHED-CHAIN-AA-SYN-PWY:_superpathway_of_branched_chain_amino_acid_biosynthesis,4
ARGSYN-PWY:_L-arginine_biosynthesis_I_(via_L-ornithine),CALVIN-PWY:_Calvin-Benson-Bassham_cycle,4
ARGSYN-PWY:_L-arginine_biosynthesis_I_(via_L-ornithine),CITRULBIO-PWY:_L-citrulline_biosynthesis,1
ARGSYN-PWY:_L-arginine_biosynthesis_I_(via_L-ornithine),COA-PWY-1:_superpathway_of_coenzyme_A_biosynthesis_III_(mammals),5
ARGSYN-PWY:_L-arginine_biosynthesis_I_(via_L-ornithine),COA-PWY:_coenzyme_A_biosynthesis_I_(prokaryotic),7
ARGSYN-PWY:_L-arginine_biosynthesis_I_(via_L-ornithine),COBALSYN-PWY:_superpathway_of_adenosylcobalamin_salvage_from_cobinamide_I,2
ARGSYN-PWY:_L-arginine_biosynthesis_I_(via_L-ornithine),COMPLETE-ARO-PWY:_superpathway_of_aromatic_amino_acid_biosynthesis,5
ARGSYN-PWY:_L-arginine_biosynthesis_I_(via_L-ornithine),DTDPRHAMSYN-PWY:_dTDP-&beta;-L-rhamnose_biosynthesis,8
ARGSYN-PWY:_L-arginine_biosynthesis_I_(via_L-ornithine),FASYN-ELONG-PWY:_fatty_acid_elongation_--_saturated,1
ARGSYN-PWY:_L-arginine_biosynthesis_I_(via_L-ornithine),FUCCAT-PWY:_fucose_degradation,1
ARGSYN-PWY:_L-arginine_biosynthesis_I_(via_L-ornithine),GALACTUROCAT-PWY:_D-galacturonate_degradation_I,1
ARGSYN-PWY:_L-arginine_biosynthesis_I_(via_L-ornithine),GLCMANNANAUT-PWY:_superpathway_of_N-acetylglucosamine,_N-acetylmannosamine_and_N-acetylneuraminate_degradation,1
ARGSYN-PWY:_L-arginine_biosynthesis_I_(via_L-ornithine),GLUCUROCAT-PWY:_superpathway_of_&beta;-D-glucuronosides_degradation,1
ARGSYN-PWY:_L-arginine_biosynthesis_I_(via_L-ornithine),GLUTORN-PWY:_L-ornithine_biosynthesis_I,9
ARGSYN-PWY:_L-arginine_biosynthesis_I_(via_L-ornithine),GLYCOGENSYNTH-PWY:_glycogen_biosynthesis_I_(from_ADP-D-Glucose),8
ARGSYN-PWY:_L-arginine_biosynthesis_I_(via_L-ornithine),HISDEG-PWY:_L-histidine_degradation_I,1
ARGSYN-PWY:_L-arginine_biosynthesis_I_(via_L-ornithine),HISTSYN-PWY:_L-histidine_biosynthesis,5
ARGSYN-PWY:_L-arginine_biosynthesis_I_(via_L-ornithine),HSERMETANA-PWY:_L-methionine_biosynthesis_III,4
ARGSYN-PWY:_L-arginine_biosynthesis_I_(via_L-ornithine),ILEUSYN-PWY:_L-isoleucine_biosynthesis_I_(from_threonine),4
ARGSYN-PWY:_L-arginine_biosynthesis_I_(via_L-ornithine),NONMEVIPP-PWY:_methylerythritol_phosphate_pathway_I,6
ARGSYN-PWY:_L-arginine_biosynthesis_I_(via_L-ornithine),NONOXIPENT-PWY:_pentose_phosphate_pathway_(non-oxidative_branch)_I,5
ARGSYN-PWY:_L-arginine_biosynthesis_I_(via_L-ornithine),P41-PWY:_pyruvate_fermentation_to_acetate_and_(S)-lactate_I,4
ARGSYN-PWY:_L-arginine_biosynthesis_I_(via_L-ornithine),PANTO-PWY:_phosphopantothenate_biosynthesis_I,4
ARGSYN-PWY:_L-arginine_biosynthesis_I_(via_L-ornithine),PANTOSYN-PWY:_superpathway_of_coenzyme_A_biosynthesis_I_(bacteria),4
ARGSYN-PWY:_L-arginine_biosynthesis_I_(via_L-ornithine),PEPTIDOGLYCANSYN-PWY:_peptidoglycan_biosynthesis_I_(meso-diaminopimelate_containing),8
ARGSYN-PWY:_L-arginine_biosynthesis_I_(via_L-ornithine),PWY-1042:_glycolysis_IV,5
ARGSYN-PWY:_L-arginine_biosynthesis_I_(via_L-ornithine),PWY-2942:_L-lysine_biosynthesis_III,3
ARGSYN-PWY:_L-arginine_biosynthesis_I_(via_L-ornithine),PWY-3841:_folate_transformations_II_(plants),6
ARGSYN-PWY:_L-arginine_biosynthesis_I_(via_L-ornithine),PWY-4984:_urea_cycle,1
ARGSYN-PWY:_L-arginine_biosynthesis_I_(via_L-ornithine),PWY-5030:_L-histidine_degradation_III,1
ARGSYN-PWY:_L-arginine_biosynthesis_I_(via_L-ornithine),PWY-5097:_L-lysine_biosynthesis_VI,6
ARGSYN-PWY:_L-arginine_biosynthesis_I_(via_L-ornithine),PWY-5100:_pyruvate_fermentation_to_acetate_and_lactate_II,4
ARGSYN-PWY:_L-arginine_biosynthesis_I_(via_L-ornithine),PWY-5103:_L-isoleucine_biosynthesis_III,4
ARGSYN-PWY:_L-arginine_biosynthesis_I_(via_L-ornithine),PWY-5154:_L-arginine_biosynthesis_III_(via_N-acetyl-L-citrulline),1
ARGSYN-PWY:_L-arginine_biosynthesis_I_(via_L-ornithine),PWY-5188:_tetrapyrrole_biosynthesis_I_(from_glutamate),1
ARGSYN-PWY:_L-arginine_biosynthesis_I_(via_L-ornithine),PWY-5384:_sucrose_degradation_IV_(sucrose_phosphorylase),2
ARGSYN-PWY:_L-arginine_biosynthesis_I_(via_L-ornithine),PWY-5659:_GDP-mannose_biosynthesis,3
ARGSYN-PWY:_L-arginine_biosynthesis_I_(via_L-ornithine),PWY-5667:_CDP-diacylglycerol_biosynthesis_I,8
ARGSYN-PWY:_L-arginine_biosynthesis_I_(via_L-ornithine),PWY-5686:_UMP_biosynthesis_I,7
ARGSYN-PWY:_L-arginine_biosynthesis_I_(via_L-ornithine),PWY-5695:_inosine_5'-phosphate_degradation,5
ARGSYN-PWY:_L-arginine_biosynthesis_I_(via_L-ornithine),PWY-5941:_glycogen_degradation_II,6
ARGSYN-PWY:_L-arginine_biosynthesis_I_(via_L-ornithine),PWY-5973:_cis-vaccenate_biosynthesis,1
ARGSYN-PWY:_L-arginine_biosynthesis_I_(via_L-ornithine),PWY-5989:_stearate_biosynthesis_II_(bacteria_and_plants),1
ARGSYN-PWY:_L-arginine_biosynthesis_I_(via_L-ornithine),PWY-6121:_5-aminoimidazole_ribonucleotide_biosynthesis_I,9
ARGSYN-PWY:_L-arginine_biosynthesis_I_(via_L-ornithine),PWY-6122:_5-aminoimidazole_ribonucleotide_biosynthesis_II,9
ARGSYN-PWY:_L-arginine_biosynthesis_I_(via_L-ornithine),PWY-6123:_inosine-5'-phosphate_biosynthesis_I,4
ARGSYN-PWY:_L-arginine_biosynthesis_I_(via_L-ornithine),PWY-6124:_inosine-5'-phosphate_biosynthesis_II,4
ARGSYN-PWY:_L-arginine_biosynthesis_I_(via_L-ornithine),PWY-6151:_S-adenosyl-L-methionine_salvage_I,5
ARGSYN-PWY:_L-arginine_biosynthesis_I_(via_L-ornithine),PWY-6163:_chorismate_biosynthesis_from_3-dehydroquinate,9
ARGSYN-PWY:_L-arginine_biosynthesis_I_(via_L-ornithine),PWY-621:_sucrose_degradation_III_(sucrose_invertase),1
ARGSYN-PWY:_L-arginine_biosynthesis_I_(via_L-ornithine),PWY-6277:_superpathway_of_5-aminoimidazole_ribonucleotide_biosynthesis,9
ARGSYN-PWY:_L-arginine_biosynthesis_I_(via_L-ornithine),PWY-6282:_palmitoleate_biosynthesis_I_(from_(5Z)-dodec-5-enoate),1
ARGSYN-PWY:_L-arginine_biosynthesis_I_(via_L-ornithine),PWY-6317:_D-galactose_degradation_I_(Leloir_pathway),6
ARGSYN-PWY:_L-arginine_biosynthesis_I_(via_L-ornithine),PWY-6385:_peptidoglycan_biosynthesis_III_(mycobacteria),5
ARGSYN-PWY:_L-arginine_biosynthesis_I_(via_L-ornithine),PWY-6386:_UDP-N-acetylmuramoyl-pentapeptide_biosynthesis_II_(lysine-containing),8
ARGSYN-PWY:_L-arginine_biosynthesis_I_(via_L-ornithine),PWY-6387:_UDP-N-acetylmuramoyl-pentapeptide_biosynthesis_I_(meso-diaminopimelate_containing),8
ARGSYN-PWY:_L-arginine_biosynthesis_I_(via_L-ornithine),PWY-6507:_4-deoxy-L-threo-hex-4-enopyranuronate_degradation,1
ARGSYN-PWY:_L-arginine_biosynthesis_I_(via_L-ornithine),PWY-6527:_stachyose_degradation,4
ARGSYN-PWY:_L-arginine_biosynthesis_I_(via_L-ornithine),PWY-6606:_guanosine_nucleotides_degradation_II,1
ARGSYN-PWY:_L-arginine_biosynthesis_I_(via_L-ornithine),PWY-6608:_guanosine_nucleotides_degradation_III,2
ARGSYN-PWY:_L-arginine_biosynthesis_I_(via_L-ornithine),PWY-6609:_adenine_and_adenosine_salvage_III,8
ARGSYN-PWY:_L-arginine_biosynthesis_I_(via_L-ornithine),PWY-6630:_superpathway_of_L-tyrosine_biosynthesis,1
ARGSYN-PWY:_L-arginine_biosynthesis_I_(via_L-ornithine),PWY-6700:_queuosine_biosynthesis_I_(de_novo),7
ARGSYN-PWY:_L-arginine_biosynthesis_I_(via_L-ornithine),PWY-6703:_preQ0_biosynthesis,1
ARGSYN-PWY:_L-arginine_biosynthesis_I_(via_L-ornithine),PWY-6731:_starch_degradation_III,1
ARGSYN-PWY:_L-arginine_biosynthesis_I_(via_L-ornithine),PWY-6823:_molybdopterin_biosynthesis,4
ARGSYN-PWY:_L-arginine_biosynthesis_I_(via_L-ornithine),PWY-6897:_thiamine_diphosphate_salvage_II,2
ARGSYN-PWY:_L-arginine_biosynthesis_I_(via_L-ornithine),PWY-6936:_seleno-amino_acid_biosynthesis_(plants),2
ARGSYN-PWY:_L-arginine_biosynthesis_I_(via_L-ornithine),PWY-7111:_pyruvate_fermentation_to_isobutanol_(engineered),6
ARGSYN-PWY:_L-arginine_biosynthesis_I_(via_L-ornithine),PWY-7208:_superpathway_of_pyrimidine_nucleobases_salvage,2
ARGSYN-PWY:_L-arginine_biosynthesis_I_(via_L-ornithine),PWY-7221:_guanosine_ribonucleotides_de_novo_biosynthesis,8
ARGSYN-PWY:_L-arginine_biosynthesis_I_(via_L-ornithine),PWY-7234:_inosine-5'-phosphate_biosynthesis_III,1
ARGSYN-PWY:_L-arginine_biosynthesis_I_(via_L-ornithine),PWY-7237:_myo-,_chiro-_and_scyllo-inositol_degradation,5
ARGSYN-PWY:_L-arginine_biosynthesis_I_(via_L-ornithine),PWY-7238:_sucrose_biosynthesis_II,8
ARGSYN-PWY:_L-arginine_biosynthesis_I_(via_L-ornithine),PWY-7242:_D-fructuronate_degradation,1
ARGSYN-PWY:_L-arginine_biosynthesis_I_(via_L-ornithine),PWY-724:_superpathway_of_L-lysine,_L-threonine_and_L-methionine_biosynthesis_II,3
ARGSYN-PWY:_L-arginine_biosynthesis_I_(via_L-ornithine),PWY-7315:_dTDP-N-acetylthomosamine_biosynthesis,1
ARGSYN-PWY:_L-arginine_biosynthesis_I_(via_L-ornithine),PWY-7357:_thiamine_phosphate_formation_from_pyrithiamine_and_oxythiamine_(yeast),7
ARGSYN-PWY:_L-arginine_biosynthesis_I_(via_L-ornithine),PWY-7456:_&beta;-(1,4)-mannan_degradation,1
ARGSYN-PWY:_L-arginine_biosynthesis_I_(via_L-ornithine),PWY-7663:_gondoate_biosynthesis_(anaerobic),1
ARGSYN-PWY:_L-arginine_biosynthesis_I_(via_L-ornithine),PWY-7664:_oleate_biosynthesis_IV_(anaerobic),1
ARGSYN-PWY:_L-arginine_biosynthesis_I_(via_L-ornithine),PWY-7790:_UMP_biosynthesis_II,7
ARGSYN-PWY:_L-arginine_biosynthesis_I_(via_L-ornithine),PWY-7791:_UMP_biosynthesis_III,7
ARGSYN-PWY:_L-arginine_biosynthesis_I_(via_L-ornithine),PWY-7851:_coenzyme_A_biosynthesis_II_(eukaryotic),6
ARGSYN-PWY:_L-arginine_biosynthesis_I_(via_L-ornithine),PWY-7953:_UDP-N-acetylmuramoyl-pentapeptide_biosynthesis_III_(meso-diaminopimelate_containing),6
ARGSYN-PWY:_L-arginine_biosynthesis_I_(via_L-ornithine),PWY-7977:_L-methionine_biosynthesis_IV,5
ARGSYN-PWY:_L-arginine_biosynthesis_I_(via_L-ornithine),PWY-8178:_pentose_phosphate_pathway_(non-oxidative_branch)_II,6
ARGSYN-PWY:_L-arginine_biosynthesis_I_(via_L-ornithine),PWY0-1061:_superpathway_of_L-alanine_biosynthesis,2
ARGSYN-PWY:_L-arginine_biosynthesis_I_(via_L-ornithine),PWY0-1296:_purine_ribonucleosides_degradation,5
ARGSYN-PWY:_L-arginine_biosynthesis_I_(via_L-ornithine),PWY0-1319:_CDP-diacylglycerol_biosynthesis_II,8
ARGSYN-PWY:_L-arginine_biosynthesis_I_(via_L-ornithine),PWY0-1586:_peptidoglycan_maturation_(meso-diaminopimelate_containing),2
ARGSYN-PWY:_L-arginine_biosynthesis_I_(via_L-ornithine),PWY0-862:_(5Z)-dodecenoate_biosynthesis_I,1
ARGSYN-PWY:_L-arginine_biosynthesis_I_(via_L-ornithine),PWY4FS-7:_phosphatidylglycerol_biosynthesis_I_(plastidic),1
ARGSYN-PWY:_L-arginine_biosynthesis_I_(via_L-ornithine),PWY4FS-8:_phosphatidylglycerol_biosynthesis_II_(non-plastidic),1
ARGSYN-PWY:_L-arginine_biosynthesis_I_(via_L-ornithine),PWY66-429:_fatty_acid_biosynthesis_initiation_(mitochondria),2
ARGSYN-PWY:_L-arginine_biosynthesis_I_(via_L-ornithine),PYRIDNUCSYN-PWY:_NAD_de_novo_biosynthesis_I_(from_aspartate),1
ARGSYN-PWY:_L-arginine_biosynthesis_I_(via_L-ornithine),RIBOSYN2-PWY:_flavin_biosynthesis_I_(bacteria_and_plants),3
ARGSYN-PWY:_L-arginine_biosynthesis_I_(via_L-ornithine),SALVADEHYPOX-PWY:_adenosine_nucleotides_degradation_II,1
ARGSYN-PWY:_L-arginine_biosynthesis_I_(via_L-ornithine),SER-GLYSYN-PWY:_superpathway_of_L-serine_and_glycine_biosynthesis_I,6
ARGSYN-PWY:_L-arginine_biosynthesis_I_(via_L-ornithine),THISYNARA-PWY:_superpathway_of_thiamine_diphosphate_biosynthesis_III_(eukaryotes),5
ARGSYN-PWY:_L-arginine_biosynthesis_I_(via_L-ornithine),THRESYN-PWY:_superpathway_of_L-threonine_biosynthesis,2
ARGSYN-PWY:_L-arginine_biosynthesis_I_(via_L-ornithine),TRNA-CHARGING-PWY:_tRNA_charging,5
ARGSYN-PWY:_L-arginine_biosynthesis_I_(via_L-ornithine),UDPNAGSYN-PWY:_UDP-N-acetyl-D-glucosamine_biosynthesis_I,1
ARGSYN-PWY:_L-arginine_biosynthesis_I_(via_L-ornithine),VALSYN-PWY:_L-valine_biosynthesis,8
ARGSYNBSUB-PWY:_L-arginine_biosynthesis_II_(acetyl_cycle),ARO-PWY:_chorismate_biosynthesis_I,9
ARGSYNBSUB-PWY:_L-arginine_biosynthesis_II_(acetyl_cycle),BRANCHED-CHAIN-AA-SYN-PWY:_superpathway_of_branched_chain_amino_acid_biosynthesis,4
ARGSYNBSUB-PWY:_L-arginine_biosynthesis_II_(acetyl_cycle),CALVIN-PWY:_Calvin-Benson-Bassham_cycle,4
ARGSYNBSUB-PWY:_L-arginine_biosynthesis_II_(acetyl_cycle),COA-PWY-1:_superpathway_of_coenzyme_A_biosynthesis_III_(mammals),5
ARGSYNBSUB-PWY:_L-arginine_biosynthesis_II_(acetyl_cycle),COA-PWY:_coenzyme_A_biosynthesis_I_(prokaryotic),7
ARGSYNBSUB-PWY:_L-arginine_biosynthesis_II_(acetyl_cycle),COBALSYN-PWY:_superpathway_of_adenosylcobalamin_salvage_from_cobinamide_I,2
ARGSYNBSUB-PWY:_L-arginine_biosynthesis_II_(acetyl_cycle),COMPLETE-ARO-PWY:_superpathway_of_aromatic_amino_acid_biosynthesis,6
ARGSYNBSUB-PWY:_L-arginine_biosynthesis_II_(acetyl_cycle),DTDPRHAMSYN-PWY:_dTDP-&beta;-L-rhamnose_biosynthesis,7
ARGSYNBSUB-PWY:_L-arginine_biosynthesis_II_(acetyl_cycle),FUCCAT-PWY:_fucose_degradation,1
ARGSYNBSUB-PWY:_L-arginine_biosynthesis_II_(acetyl_cycle),GALACTUROCAT-PWY:_D-galacturonate_degradation_I,1
ARGSYNBSUB-PWY:_L-arginine_biosynthesis_II_(acetyl_cycle),GLCMANNANAUT-PWY:_superpathway_of_N-acetylglucosamine,_N-acetylmannosamine_and_N-acetylneuraminate_degradation,1
ARGSYNBSUB-PWY:_L-arginine_biosynthesis_II_(acetyl_cycle),GLUCUROCAT-PWY:_superpathway_of_&beta;-D-glucuronosides_degradation,1
ARGSYNBSUB-PWY:_L-arginine_biosynthesis_II_(acetyl_cycle),GLUTORN-PWY:_L-ornithine_biosynthesis_I,11
ARGSYNBSUB-PWY:_L-arginine_biosynthesis_II_(acetyl_cycle),GLYCOGENSYNTH-PWY:_glycogen_biosynthesis_I_(from_ADP-D-Glucose),11
ARGSYNBSUB-PWY:_L-arginine_biosynthesis_II_(acetyl_cycle),HISTSYN-PWY:_L-histidine_biosynthesis,5
ARGSYNBSUB-PWY:_L-arginine_biosynthesis_II_(acetyl_cycle),HSERMETANA-PWY:_L-methionine_biosynthesis_III,4
ARGSYNBSUB-PWY:_L-arginine_biosynthesis_II_(acetyl_cycle),ILEUSYN-PWY:_L-isoleucine_biosynthesis_I_(from_threonine),4
ARGSYNBSUB-PWY:_L-arginine_biosynthesis_II_(acetyl_cycle),NONMEVIPP-PWY:_methylerythritol_phosphate_pathway_I,8
ARGSYNBSUB-PWY:_L-arginine_biosynthesis_II_(acetyl_cycle),NONOXIPENT-PWY:_pentose_phosphate_pathway_(non-oxidative_branch)_I,5
ARGSYNBSUB-PWY:_L-arginine_biosynthesis_II_(acetyl_cycle),P41-PWY:_pyruvate_fermentation_to_acetate_and_(S)-lactate_I,5
ARGSYNBSUB-PWY:_L-arginine_biosynthesis_II_(acetyl_cycle),PANTO-PWY:_phosphopantothenate_biosynthesis_I,4
ARGSYNBSUB-PWY:_L-arginine_biosynthesis_II_(acetyl_cycle),PANTOSYN-PWY:_superpathway_of_coenzyme_A_biosynthesis_I_(bacteria),4
ARGSYNBSUB-PWY:_L-arginine_biosynthesis_II_(acetyl_cycle),PEPTIDOGLYCANSYN-PWY:_peptidoglycan_biosynthesis_I_(meso-diaminopimelate_containing),8
ARGSYNBSUB-PWY:_L-arginine_biosynthesis_II_(acetyl_cycle),PWY-1042:_glycolysis_IV,5
ARGSYNBSUB-PWY:_L-arginine_biosynthesis_II_(acetyl_cycle),PWY-2942:_L-lysine_biosynthesis_III,2
ARGSYNBSUB-PWY:_L-arginine_biosynthesis_II_(acetyl_cycle),PWY-3841:_folate_transformations_II_(plants),6
ARGSYNBSUB-PWY:_L-arginine_biosynthesis_II_(acetyl_cycle),PWY-5097:_L-lysine_biosynthesis_VI,6
ARGSYNBSUB-PWY:_L-arginine_biosynthesis_II_(acetyl_cycle),PWY-5100:_pyruvate_fermentation_to_acetate_and_lactate_II,5
ARGSYNBSUB-PWY:_L-arginine_biosynthesis_II_(acetyl_cycle),PWY-5103:_L-isoleucine_biosynthesis_III,4
ARGSYNBSUB-PWY:_L-arginine_biosynthesis_II_(acetyl_cycle),PWY-5188:_tetrapyrrole_biosynthesis_I_(from_glutamate),2
ARGSYNBSUB-PWY:_L-arginine_biosynthesis_II_(acetyl_cycle),PWY-5384:_sucrose_degradation_IV_(sucrose_phosphorylase),2
ARGSYNBSUB-PWY:_L-arginine_biosynthesis_II_(acetyl_cycle),PWY-5659:_GDP-mannose_biosynthesis,3
ARGSYNBSUB-PWY:_L-arginine_biosynthesis_II_(acetyl_cycle),PWY-5667:_CDP-diacylglycerol_biosynthesis_I,7
ARGSYNBSUB-PWY:_L-arginine_biosynthesis_II_(acetyl_cycle),PWY-5686:_UMP_biosynthesis_I,7
ARGSYNBSUB-PWY:_L-arginine_biosynthesis_II_(acetyl_cycle),PWY-5695:_inosine_5'-phosphate_degradation,4
ARGSYNBSUB-PWY:_L-arginine_biosynthesis_II_(acetyl_cycle),PWY-5941:_glycogen_degradation_II,6
ARGSYNBSUB-PWY:_L-arginine_biosynthesis_II_(acetyl_cycle),PWY-6121:_5-aminoimidazole_ribonucleotide_biosynthesis_I,9
ARGSYNBSUB-PWY:_L-arginine_biosynthesis_II_(acetyl_cycle),PWY-6122:_5-aminoimidazole_ribonucleotide_biosynthesis_II,10
ARGSYNBSUB-PWY:_L-arginine_biosynthesis_II_(acetyl_cycle),PWY-6123:_inosine-5'-phosphate_biosynthesis_I,3
ARGSYNBSUB-PWY:_L-arginine_biosynthesis_II_(acetyl_cycle),PWY-6124:_inosine-5'-phosphate_biosynthesis_II,3
ARGSYNBSUB-PWY:_L-arginine_biosynthesis_II_(acetyl_cycle),PWY-6151:_S-adenosyl-L-methionine_salvage_I,7
ARGSYNBSUB-PWY:_L-arginine_biosynthesis_II_(acetyl_cycle),PWY-6163:_chorismate_biosynthesis_from_3-dehydroquinate,11
ARGSYNBSUB-PWY:_L-arginine_biosynthesis_II_(acetyl_cycle),PWY-621:_sucrose_degradation_III_(sucrose_invertase),1
ARGSYNBSUB-PWY:_L-arginine_biosynthesis_II_(acetyl_cycle),PWY-6270:_isoprene_biosynthesis_I,1
ARGSYNBSUB-PWY:_L-arginine_biosynthesis_II_(acetyl_cycle),PWY-6277:_superpathway_of_5-aminoimidazole_ribonucleotide_biosynthesis,10
ARGSYNBSUB-PWY:_L-arginine_biosynthesis_II_(acetyl_cycle),PWY-6317:_D-galactose_degradation_I_(Leloir_pathway),7
ARGSYNBSUB-PWY:_L-arginine_biosynthesis_II_(acetyl_cycle),PWY-6385:_peptidoglycan_biosynthesis_III_(mycobacteria),4
ARGSYNBSUB-PWY:_L-arginine_biosynthesis_II_(acetyl_cycle),PWY-6386:_UDP-N-acetylmuramoyl-pentapeptide_biosynthesis_II_(lysine-containing),8
ARGSYNBSUB-PWY:_L-arginine_biosynthesis_II_(acetyl_cycle),PWY-6387:_UDP-N-acetylmuramoyl-pentapeptide_biosynthesis_I_(meso-diaminopimelate_containing),8
ARGSYNBSUB-PWY:_L-arginine_biosynthesis_II_(acetyl_cycle),PWY-6507:_4-deoxy-L-threo-hex-4-enopyranuronate_degradation,1
ARGSYNBSUB-PWY:_L-arginine_biosynthesis_II_(acetyl_cycle),PWY-6527:_stachyose_degradation,5
ARGSYNBSUB-PWY:_L-arginine_biosynthesis_II_(acetyl_cycle),PWY-6606:_guanosine_nucleotides_degradation_II,1
ARGSYNBSUB-PWY:_L-arginine_biosynthesis_II_(acetyl_cycle),PWY-6608:_guanosine_nucleotides_degradation_III,2
ARGSYNBSUB-PWY:_L-arginine_biosynthesis_II_(acetyl_cycle),PWY-6609:_adenine_and_adenosine_salvage_III,9
ARGSYNBSUB-PWY:_L-arginine_biosynthesis_II_(acetyl_cycle),PWY-6630:_superpathway_of_L-tyrosine_biosynthesis,1
ARGSYNBSUB-PWY:_L-arginine_biosynthesis_II_(acetyl_cycle),PWY-6700:_queuosine_biosynthesis_I_(de_novo),8
ARGSYNBSUB-PWY:_L-arginine_biosynthesis_II_(acetyl_cycle),PWY-6703:_preQ0_biosynthesis,1
ARGSYNBSUB-PWY:_L-arginine_biosynthesis_II_(acetyl_cycle),PWY-6731:_starch_degradation_III,2
ARGSYNBSUB-PWY:_L-arginine_biosynthesis_II_(acetyl_cycle),PWY-6823:_molybdopterin_biosynthesis,4
ARGSYNBSUB-PWY:_L-arginine_biosynthesis_II_(acetyl_cycle),PWY-6897:_thiamine_diphosphate_salvage_II,2
ARGSYNBSUB-PWY:_L-arginine_biosynthesis_II_(acetyl_cycle),PWY-6902:_chitin_degradation_II_(Vibrio),1
ARGSYNBSUB-PWY:_L-arginine_biosynthesis_II_(acetyl_cycle),PWY-6936:_seleno-amino_acid_biosynthesis_(plants),2
ARGSYNBSUB-PWY:_L-arginine_biosynthesis_II_(acetyl_cycle),PWY-7111:_pyruvate_fermentation_to_isobutanol_(engineered),6
ARGSYNBSUB-PWY:_L-arginine_biosynthesis_II_(acetyl_cycle),PWY-7208:_superpathway_of_pyrimidine_nucleobases_salvage,2
ARGSYNBSUB-PWY:_L-arginine_biosynthesis_II_(acetyl_cycle),PWY-7221:_guanosine_ribonucleotides_de_novo_biosynthesis,10
ARGSYNBSUB-PWY:_L-arginine_biosynthesis_II_(acetyl_cycle),PWY-7237:_myo-,_chiro-_and_scyllo-inositol_degradation,7
ARGSYNBSUB-PWY:_L-arginine_biosynthesis_II_(acetyl_cycle),PWY-7238:_sucrose_biosynthesis_II,10
ARGSYNBSUB-PWY:_L-arginine_biosynthesis_II_(acetyl_cycle),PWY-7242:_D-fructuronate_degradation,1
ARGSYNBSUB-PWY:_L-arginine_biosynthesis_II_(acetyl_cycle),PWY-724:_superpathway_of_L-lysine,_L-threonine_and_L-methionine_biosynthesis_II,3
ARGSYNBSUB-PWY:_L-arginine_biosynthesis_II_(acetyl_cycle),PWY-7315:_dTDP-N-acetylthomosamine_biosynthesis,1
ARGSYNBSUB-PWY:_L-arginine_biosynthesis_II_(acetyl_cycle),PWY-7357:_thiamine_phosphate_formation_from_pyrithiamine_and_oxythiamine_(yeast),7
ARGSYNBSUB-PWY:_L-arginine_biosynthesis_II_(acetyl_cycle),PWY-7456:_&beta;-(1,4)-mannan_degradation,1
ARGSYNBSUB-PWY:_L-arginine_biosynthesis_II_(acetyl_cycle),PWY-7560:_methylerythritol_phosphate_pathway_II,1
ARGSYNBSUB-PWY:_L-arginine_biosynthesis_II_(acetyl_cycle),PWY-7790:_UMP_biosynthesis_II,7
ARGSYNBSUB-PWY:_L-arginine_biosynthesis_II_(acetyl_cycle),PWY-7791:_UMP_biosynthesis_III,7
ARGSYNBSUB-PWY:_L-arginine_biosynthesis_II_(acetyl_cycle),PWY-7851:_coenzyme_A_biosynthesis_II_(eukaryotic),5
ARGSYNBSUB-PWY:_L-arginine_biosynthesis_II_(acetyl_cycle),PWY-7953:_UDP-N-acetylmuramoyl-pentapeptide_biosynthesis_III_(meso-diaminopimelate_containing),5
ARGSYNBSUB-PWY:_L-arginine_biosynthesis_II_(acetyl_cycle),PWY-7977:_L-methionine_biosynthesis_IV,4
ARGSYNBSUB-PWY:_L-arginine_biosynthesis_II_(acetyl_cycle),PWY-8178:_pentose_phosphate_pathway_(non-oxidative_branch)_II,6
ARGSYNBSUB-PWY:_L-arginine_biosynthesis_II_(acetyl_cycle),PWY0-1061:_superpathway_of_L-alanine_biosynthesis,2
ARGSYNBSUB-PWY:_L-arginine_biosynthesis_II_(acetyl_cycle),PWY0-1296:_purine_ribonucleosides_degradation,6
ARGSYNBSUB-PWY:_L-arginine_biosynthesis_II_(acetyl_cycle),PWY0-1319:_CDP-diacylglycerol_biosynthesis_II,7
ARGSYNBSUB-PWY:_L-arginine_biosynthesis_II_(acetyl_cycle),PWY0-1586:_peptidoglycan_maturation_(meso-diaminopimelate_containing),2
ARGSYNBSUB-PWY:_L-arginine_biosynthesis_II_(acetyl_cycle),PWY4FS-7:_phosphatidylglycerol_biosynthesis_I_(plastidic),1
ARGSYNBSUB-PWY:_L-arginine_biosynthesis_II_(acetyl_cycle),PWY4FS-8:_phosphatidylglycerol_biosynthesis_II_(non-plastidic),1
ARGSYNBSUB-PWY:_L-arginine_biosynthesis_II_(acetyl_cycle),PWY66-429:_fatty_acid_biosynthesis_initiation_(mitochondria),2
ARGSYNBSUB-PWY:_L-arginine_biosynthesis_II_(acetyl_cycle),PYRIDNUCSYN-PWY:_NAD_de_novo_biosynthesis_I_(from_aspartate),1
ARGSYNBSUB-PWY:_L-arginine_biosynthesis_II_(acetyl_cycle),RIBOSYN2-PWY:_flavin_biosynthesis_I_(bacteria_and_plants),3
ARGSYNBSUB-PWY:_L-arginine_biosynthesis_II_(acetyl_cycle),SALVADEHYPOX-PWY:_adenosine_nucleotides_degradation_II,1
ARGSYNBSUB-PWY:_L-arginine_biosynthesis_II_(acetyl_cycle),SER-GLYSYN-PWY:_superpathway_of_L-serine_and_glycine_biosynthesis_I,5
ARGSYNBSUB-PWY:_L-arginine_biosynthesis_II_(acetyl_cycle),THISYNARA-PWY:_superpathway_of_thiamine_diphosphate_biosynthesis_III_(eukaryotes),5
ARGSYNBSUB-PWY:_L-arginine_biosynthesis_II_(acetyl_cycle),THRESYN-PWY:_superpathway_of_L-threonine_biosynthesis,2
ARGSYNBSUB-PWY:_L-arginine_biosynthesis_II_(acetyl_cycle),TRNA-CHARGING-PWY:_tRNA_charging,4
ARGSYNBSUB-PWY:_L-arginine_biosynthesis_II_(acetyl_cycle),UDPNAGSYN-PWY:_UDP-N-acetyl-D-glucosamine_biosynthesis_I,2
ARGSYNBSUB-PWY:_L-arginine_biosynthesis_II_(acetyl_cycle),VALSYN-PWY:_L-valine_biosynthesis,10
ARO-PWY:_chorismate_biosynthesis_I,ASPASN-PWY:_superpathway_of_L-aspartate_and_L-asparagine_biosynthesis,4
ARO-PWY:_chorismate_biosynthesis_I,BRANCHED-CHAIN-AA-SYN-PWY:_superpathway_of_branched_chain_amino_acid_biosynthesis,13
ARO-PWY:_chorismate_biosynthesis_I,CALVIN-PWY:_Calvin-Benson-Bassham_cycle,4
ARO-PWY:_chorismate_biosynthesis_I,CITRULBIO-PWY:_L-citrulline_biosynthesis,1
ARO-PWY:_chorismate_biosynthesis_I,COA-PWY-1:_superpathway_of_coenzyme_A_biosynthesis_III_(mammals),17
ARO-PWY:_chorismate_biosynthesis_I,COA-PWY:_coenzyme_A_biosynthesis_I_(prokaryotic),18
ARO-PWY:_chorismate_biosynthesis_I,COBALSYN-PWY:_superpathway_of_adenosylcobalamin_salvage_from_cobinamide_I,2
ARO-PWY:_chorismate_biosynthesis_I,COMPLETE-ARO-PWY:_superpathway_of_aromatic_amino_acid_biosynthesis,11
ARO-PWY:_chorismate_biosynthesis_I,DTDPRHAMSYN-PWY:_dTDP-&beta;-L-rhamnose_biosynthesis,20
ARO-PWY:_chorismate_biosynthesis_I,FASYN-ELONG-PWY:_fatty_acid_elongation_--_saturated,2
ARO-PWY:_chorismate_biosynthesis_I,FUCCAT-PWY:_fucose_degradation,1
ARO-PWY:_chorismate_biosynthesis_I,GALACTUROCAT-PWY:_D-galacturonate_degradation_I,2
ARO-PWY:_chorismate_biosynthesis_I,GLCMANNANAUT-PWY:_superpathway_of_N-acetylglucosamine,_N-acetylmannosamine_and_N-acetylneuraminate_degradation,1
ARO-PWY:_chorismate_biosynthesis_I,GLUCONEO-PWY:_gluconeogenesis_I,1
ARO-PWY:_chorismate_biosynthesis_I,GLUCUROCAT-PWY:_superpathway_of_&beta;-D-glucuronosides_degradation,1
ARO-PWY:_chorismate_biosynthesis_I,GLUTORN-PWY:_L-ornithine_biosynthesis_I,9
ARO-PWY:_chorismate_biosynthesis_I,GLYCOCAT-PWY:_glycogen_degradation_I,1
ARO-PWY:_chorismate_biosynthesis_I,GLYCOGENSYNTH-PWY:_glycogen_biosynthesis_I_(from_ADP-D-Glucose),14
ARO-PWY:_chorismate_biosynthesis_I,GLYCOLYSIS:_glycolysis_I_(from_glucose_6-phosphate),1
ARO-PWY:_chorismate_biosynthesis_I,HEMESYN2-PWY:_heme_b_biosynthesis_II_(oxygen-independent),1
ARO-PWY:_chorismate_biosynthesis_I,HISDEG-PWY:_L-histidine_degradation_I,11
ARO-PWY:_chorismate_biosynthesis_I,HISTSYN-PWY:_L-histidine_biosynthesis,18
ARO-PWY:_chorismate_biosynthesis_I,HSERMETANA-PWY:_L-methionine_biosynthesis_III,6
ARO-PWY:_chorismate_biosynthesis_I,ILEUSYN-PWY:_L-isoleucine_biosynthesis_I_(from_threonine),14
ARO-PWY:_chorismate_biosynthesis_I,NAGLIPASYN-PWY:_lipid_IVA_biosynthesis_(E._coli),2
ARO-PWY:_chorismate_biosynthesis_I,NONMEVIPP-PWY:_methylerythritol_phosphate_pathway_I,19
ARO-PWY:_chorismate_biosynthesis_I,NONOXIPENT-PWY:_pentose_phosphate_pathway_(non-oxidative_branch)_I,6
ARO-PWY:_chorismate_biosynthesis_I,OANTIGEN-PWY:_O-antigen_building_blocks_biosynthesis_(E._coli),1
ARO-PWY:_chorismate_biosynthesis_I,P41-PWY:_pyruvate_fermentation_to_acetate_and_(S)-lactate_I,5
ARO-PWY:_chorismate_biosynthesis_I,PANTO-PWY:_phosphopantothenate_biosynthesis_I,16
ARO-PWY:_chorismate_biosynthesis_I,PANTOSYN-PWY:_superpathway_of_coenzyme_A_biosynthesis_I_(bacteria),16
ARO-PWY:_chorismate_biosynthesis_I,PENTOSE-P-PWY:_pentose_phosphate_pathway,2
ARO-PWY:_chorismate_biosynthesis_I,PEPTIDOGLYCANSYN-PWY:_peptidoglycan_biosynthesis_I_(meso-diaminopimelate_containing),19
ARO-PWY:_chorismate_biosynthesis_I,PWY-1042:_glycolysis_IV,11
ARO-PWY:_chorismate_biosynthesis_I,PWY-1269:_CMP-3-deoxy-D-manno-octulosonate_biosynthesis,5
ARO-PWY:_chorismate_biosynthesis_I,PWY-2942:_L-lysine_biosynthesis_III,14
ARO-PWY:_chorismate_biosynthesis_I,PWY-3841:_folate_transformations_II_(plants),17
ARO-PWY:_chorismate_biosynthesis_I,PWY-4984:_urea_cycle,1
ARO-PWY:_chorismate_biosynthesis_I,PWY-5030:_L-histidine_degradation_III,9
ARO-PWY:_chorismate_biosynthesis_I,PWY-5097:_L-lysine_biosynthesis_VI,14
ARO-PWY:_chorismate_biosynthesis_I,PWY-5100:_pyruvate_fermentation_to_acetate_and_lactate_II,5
ARO-PWY:_chorismate_biosynthesis_I,PWY-5103:_L-isoleucine_biosynthesis_III,14
ARO-PWY:_chorismate_biosynthesis_I,PWY-5121:_superpathway_of_geranylgeranyl_diphosphate_biosynthesis_II_(via_MEP),2
ARO-PWY:_chorismate_biosynthesis_I,PWY-5154:_L-arginine_biosynthesis_III_(via_N-acetyl-L-citrulline),1
ARO-PWY:_chorismate_biosynthesis_I,PWY-5188:_tetrapyrrole_biosynthesis_I_(from_glutamate),3
ARO-PWY:_chorismate_biosynthesis_I,PWY-5384:_sucrose_degradation_IV_(sucrose_phosphorylase),5
ARO-PWY:_chorismate_biosynthesis_I,PWY-5484:_glycolysis_II_(from_fructose_6-phosphate),1
ARO-PWY:_chorismate_biosynthesis_I,PWY-5659:_GDP-mannose_biosynthesis,6
ARO-PWY:_chorismate_biosynthesis_I,PWY-5667:_CDP-diacylglycerol_biosynthesis_I,16
ARO-PWY:_chorismate_biosynthesis_I,PWY-5686:_UMP_biosynthesis_I,19
ARO-PWY:_chorismate_biosynthesis_I,PWY-5695:_inosine_5'-phosphate_degradation,15
ARO-PWY:_chorismate_biosynthesis_I,PWY-5941:_glycogen_degradation_II,9
ARO-PWY:_chorismate_biosynthesis_I,PWY-5973:_cis-vaccenate_biosynthesis,9
ARO-PWY:_chorismate_biosynthesis_I,PWY-5989:_stearate_biosynthesis_II_(bacteria_and_plants),2
ARO-PWY:_chorismate_biosynthesis_I,PWY-6121:_5-aminoimidazole_ribonucleotide_biosynthesis_I,23
ARO-PWY:_chorismate_biosynthesis_I,PWY-6122:_5-aminoimidazole_ribonucleotide_biosynthesis_II,23
ARO-PWY:_chorismate_biosynthesis_I,PWY-6123:_inosine-5'-phosphate_biosynthesis_I,14
ARO-PWY:_chorismate_biosynthesis_I,PWY-6124:_inosine-5'-phosphate_biosynthesis_II,15
ARO-PWY:_chorismate_biosynthesis_I,PWY-6125:_superpathway_of_guanosine_nucleotides_de_novo_biosynthesis_II,8
ARO-PWY:_chorismate_biosynthesis_I,PWY-6126:_superpathway_of_adenosine_nucleotides_de_novo_biosynthesis_II,9
ARO-PWY:_chorismate_biosynthesis_I,PWY-6147:_6-hydroxymethyl-dihydropterin_diphosphate_biosynthesis_I,8
ARO-PWY:_chorismate_biosynthesis_I,PWY-6151:_S-adenosyl-L-methionine_salvage_I,10
ARO-PWY:_chorismate_biosynthesis_I,PWY-6163:_chorismate_biosynthesis_from_3-dehydroquinate,25
ARO-PWY:_chorismate_biosynthesis_I,PWY-621:_sucrose_degradation_III_(sucrose_invertase),5
ARO-PWY:_chorismate_biosynthesis_I,PWY-6270:_isoprene_biosynthesis_I,6
ARO-PWY:_chorismate_biosynthesis_I,PWY-6277:_superpathway_of_5-aminoimidazole_ribonucleotide_biosynthesis,23
ARO-PWY:_chorismate_biosynthesis_I,PWY-6282:_palmitoleate_biosynthesis_I_(from_(5Z)-dodec-5-enoate),2
ARO-PWY:_chorismate_biosynthesis_I,PWY-6317:_D-galactose_degradation_I_(Leloir_pathway),6
ARO-PWY:_chorismate_biosynthesis_I,PWY-6385:_peptidoglycan_biosynthesis_III_(mycobacteria),15
ARO-PWY:_chorismate_biosynthesis_I,PWY-6386:_UDP-N-acetylmuramoyl-pentapeptide_biosynthesis_II_(lysine-containing),18
ARO-PWY:_chorismate_biosynthesis_I,PWY-6387:_UDP-N-acetylmuramoyl-pentapeptide_biosynthesis_I_(meso-diaminopimelate_containing),19
ARO-PWY:_chorismate_biosynthesis_I,PWY-6507:_4-deoxy-L-threo-hex-4-enopyranuronate_degradation,1
ARO-PWY:_chorismate_biosynthesis_I,PWY-6519:_8-amino-7-oxononanoate_biosynthesis_I,1
ARO-PWY:_chorismate_biosynthesis_I,PWY-6527:_stachyose_degradation,5
ARO-PWY:_chorismate_biosynthesis_I,PWY-6572:_chondroitin_sulfate_degradation_I_(bacterial),1
ARO-PWY:_chorismate_biosynthesis_I,PWY-6606:_guanosine_nucleotides_degradation_II,1
ARO-PWY:_chorismate_biosynthesis_I,PWY-6608:_guanosine_nucleotides_degradation_III,5
ARO-PWY:_chorismate_biosynthesis_I,PWY-6609:_adenine_and_adenosine_salvage_III,21
ARO-PWY:_chorismate_biosynthesis_I,PWY-6628:_superpathway_of_L-phenylalanine_biosynthesis,1
ARO-PWY:_chorismate_biosynthesis_I,PWY-6630:_superpathway_of_L-tyrosine_biosynthesis,1
ARO-PWY:_chorismate_biosynthesis_I,PWY-6700:_queuosine_biosynthesis_I_(de_novo),21
ARO-PWY:_chorismate_biosynthesis_I,PWY-6703:_preQ0_biosynthesis,13
ARO-PWY:_chorismate_biosynthesis_I,PWY-6823:_molybdopterin_biosynthesis,4
ARO-PWY:_chorismate_biosynthesis_I,PWY-6897:_thiamine_diphosphate_salvage_II,6
ARO-PWY:_chorismate_biosynthesis_I,PWY-6902:_chitin_degradation_II_(Vibrio),3
ARO-PWY:_chorismate_biosynthesis_I,PWY-6936:_seleno-amino_acid_biosynthesis_(plants),2
ARO-PWY:_chorismate_biosynthesis_I,PWY-7111:_pyruvate_fermentation_to_isobutanol_(engineered),10
ARO-PWY:_chorismate_biosynthesis_I,PWY-7197:_pyrimidine_deoxyribonucleotide_phosphorylation,1
ARO-PWY:_chorismate_biosynthesis_I,PWY-7199:_pyrimidine_deoxyribonucleosides_salvage,9
ARO-PWY:_chorismate_biosynthesis_I,PWY-7208:_superpathway_of_pyrimidine_nucleobases_salvage,2
ARO-PWY:_chorismate_biosynthesis_I,PWY-7220:_adenosine_deoxyribonucleotides_de_novo_biosynthesis_II,9
ARO-PWY:_chorismate_biosynthesis_I,PWY-7221:_guanosine_ribonucleotides_de_novo_biosynthesis,21
ARO-PWY:_chorismate_biosynthesis_I,PWY-7222:_guanosine_deoxyribonucleotides_de_novo_biosynthesis_II,9
ARO-PWY:_chorismate_biosynthesis_I,PWY-7228:_superpathway_of_guanosine_nucleotides_de_novo_biosynthesis_I,9
ARO-PWY:_chorismate_biosynthesis_I,PWY-7229:_superpathway_of_adenosine_nucleotides_de_novo_biosynthesis_I,9
ARO-PWY:_chorismate_biosynthesis_I,PWY-7234:_inosine-5'-phosphate_biosynthesis_III,1
ARO-PWY:_chorismate_biosynthesis_I,PWY-7237:_myo-,_chiro-_and_scyllo-inositol_degradation,9
ARO-PWY:_chorismate_biosynthesis_I,PWY-7238:_sucrose_biosynthesis_II,14
ARO-PWY:_chorismate_biosynthesis_I,PWY-7242:_D-fructuronate_degradation,1
ARO-PWY:_chorismate_biosynthesis_I,PWY-724:_superpathway_of_L-lysine,_L-threonine_and_L-methionine_biosynthesis_II,2
ARO-PWY:_chorismate_biosynthesis_I,PWY-7282:_4-amino-2-methyl-5-diphosphomethylpyrimidine_biosynthesis_II,2
ARO-PWY:_chorismate_biosynthesis_I,PWY-7312:_dTDP-&beta;-D-fucofuranose_biosynthesis,1
ARO-PWY:_chorismate_biosynthesis_I,PWY-7315:_dTDP-N-acetylthomosamine_biosynthesis,1
ARO-PWY:_chorismate_biosynthesis_I,PWY-7316:_dTDP-N-acetylviosamine_biosynthesis,1
ARO-PWY:_chorismate_biosynthesis_I,PWY-7357:_thiamine_phosphate_formation_from_pyrithiamine_and_oxythiamine_(yeast),10
ARO-PWY:_chorismate_biosynthesis_I,PWY-7456:_&beta;-(1,4)-mannan_degradation,2
ARO-PWY:_chorismate_biosynthesis_I,PWY-7560:_methylerythritol_phosphate_pathway_II,6
ARO-PWY:_chorismate_biosynthesis_I,PWY-7663:_gondoate_biosynthesis_(anaerobic),9
ARO-PWY:_chorismate_biosynthesis_I,PWY-7664:_oleate_biosynthesis_IV_(anaerobic),2
ARO-PWY:_chorismate_biosynthesis_I,PWY-7688:_dTDP-&alpha;-D-ravidosamine_and_dTDP-4-acetyl-&alpha;-D-ravidosamine_biosynthesis,1
ARO-PWY:_chorismate_biosynthesis_I,PWY-7790:_UMP_biosynthesis_II,19
ARO-PWY:_chorismate_biosynthesis_I,PWY-7791:_UMP_biosynthesis_III,19
ARO-PWY:_chorismate_biosynthesis_I,PWY-7851:_coenzyme_A_biosynthesis_II_(eukaryotic),18
ARO-PWY:_chorismate_biosynthesis_I,PWY-7953:_UDP-N-acetylmuramoyl-pentapeptide_biosynthesis_III_(meso-diaminopimelate_containing),16
ARO-PWY:_chorismate_biosynthesis_I,PWY-7977:_L-methionine_biosynthesis_IV,16
ARO-PWY:_chorismate_biosynthesis_I,PWY-8004:_Entner-Doudoroff_pathway_I,1
ARO-PWY:_chorismate_biosynthesis_I,PWY-8073:_lipid_IVA_biosynthesis_(P._putida),2
ARO-PWY:_chorismate_biosynthesis_I,PWY-8178:_pentose_phosphate_pathway_(non-oxidative_branch)_II,7
ARO-PWY:_chorismate_biosynthesis_I,PWY0-1061:_superpathway_of_L-alanine_biosynthesis,2
ARO-PWY:_chorismate_biosynthesis_I,PWY0-1241:_ADP-L-glycero-&beta;-D-manno-heptose_biosynthesis,1
ARO-PWY:_chorismate_biosynthesis_I,PWY0-1296:_purine_ribonucleosides_degradation,6
ARO-PWY:_chorismate_biosynthesis_I,PWY0-1319:_CDP-diacylglycerol_biosynthesis_II,16
ARO-PWY:_chorismate_biosynthesis_I,PWY0-1479:_tRNA_processing,1
ARO-PWY:_chorismate_biosynthesis_I,PWY0-1586:_peptidoglycan_maturation_(meso-diaminopimelate_containing),9
ARO-PWY:_chorismate_biosynthesis_I,PWY0-162:_superpathway_of_pyrimidine_ribonucleotides_de_novo_biosynthesis,2
ARO-PWY:_chorismate_biosynthesis_I,PWY0-845:_superpathway_of_pyridoxal_5'-phosphate_biosynthesis_and_salvage,5
ARO-PWY:_chorismate_biosynthesis_I,PWY0-862:_(5Z)-dodecenoate_biosynthesis_I,2
ARO-PWY:_chorismate_biosynthesis_I,PWY4FS-7:_phosphatidylglycerol_biosynthesis_I_(plastidic),1
ARO-PWY:_chorismate_biosynthesis_I,PWY4FS-8:_phosphatidylglycerol_biosynthesis_II_(non-plastidic),1
ARO-PWY:_chorismate_biosynthesis_I,PWY66-429:_fatty_acid_biosynthesis_initiation_(mitochondria),10
ARO-PWY:_chorismate_biosynthesis_I,PYRIDNUCSYN-PWY:_NAD_de_novo_biosynthesis_I_(from_aspartate),10
ARO-PWY:_chorismate_biosynthesis_I,PYRIDOXSYN-PWY:_pyridoxal_5'-phosphate_biosynthesis_I,6
ARO-PWY:_chorismate_biosynthesis_I,RHAMCAT-PWY:_L-rhamnose_degradation_I,8
ARO-PWY:_chorismate_biosynthesis_I,RIBOSYN2-PWY:_flavin_biosynthesis_I_(bacteria_and_plants),10
ARO-PWY:_chorismate_biosynthesis_I,SALVADEHYPOX-PWY:_adenosine_nucleotides_degradation_II,1
ARO-PWY:_chorismate_biosynthesis_I,SER-GLYSYN-PWY:_superpathway_of_L-serine_and_glycine_biosynthesis_I,16
ARO-PWY:_chorismate_biosynthesis_I,THISYNARA-PWY:_superpathway_of_thiamine_diphosphate_biosynthesis_III_(eukaryotes),8
ARO-PWY:_chorismate_biosynthesis_I,THRESYN-PWY:_superpathway_of_L-threonine_biosynthesis,6
ARO-PWY:_chorismate_biosynthesis_I,TRNA-CHARGING-PWY:_tRNA_charging,16
ARO-PWY:_chorismate_biosynthesis_I,UDPNAGSYN-PWY:_UDP-N-acetyl-D-glucosamine_biosynthesis_I,5
ARO-PWY:_chorismate_biosynthesis_I,VALSYN-PWY:_L-valine_biosynthesis,23
ASPASN-PWY:_superpathway_of_L-aspartate_and_L-asparagine_biosynthesis,BRANCHED-CHAIN-AA-SYN-PWY:_superpathway_of_branched_chain_amino_acid_biosynthesis,3
ASPASN-PWY:_superpathway_of_L-aspartate_and_L-asparagine_biosynthesis,COA-PWY-1:_superpathway_of_coenzyme_A_biosynthesis_III_(mammals),6
ASPASN-PWY:_superpathway_of_L-aspartate_and_L-asparagine_biosynthesis,COA-PWY:_coenzyme_A_biosynthesis_I_(prokaryotic),6
ASPASN-PWY:_superpathway_of_L-aspartate_and_L-asparagine_biosynthesis,COBALSYN-PWY:_superpathway_of_adenosylcobalamin_salvage_from_cobinamide_I,1
ASPASN-PWY:_superpathway_of_L-aspartate_and_L-asparagine_biosynthesis,COMPLETE-ARO-PWY:_superpathway_of_aromatic_amino_acid_biosynthesis,1
ASPASN-PWY:_superpathway_of_L-aspartate_and_L-asparagine_biosynthesis,DTDPRHAMSYN-PWY:_dTDP-&beta;-L-rhamnose_biosynthesis,6
ASPASN-PWY:_superpathway_of_L-aspartate_and_L-asparagine_biosynthesis,FASYN-ELONG-PWY:_fatty_acid_elongation_--_saturated,1
ASPASN-PWY:_superpathway_of_L-aspartate_and_L-asparagine_biosynthesis,HISDEG-PWY:_L-histidine_degradation_I,6
ASPASN-PWY:_superpathway_of_L-aspartate_and_L-asparagine_biosynthesis,HISTSYN-PWY:_L-histidine_biosynthesis,6
ASPASN-PWY:_superpathway_of_L-aspartate_and_L-asparagine_biosynthesis,ILEUSYN-PWY:_L-isoleucine_biosynthesis_I_(from_threonine),3
ASPASN-PWY:_superpathway_of_L-aspartate_and_L-asparagine_biosynthesis,NAGLIPASYN-PWY:_lipid_IVA_biosynthesis_(E._coli),3
ASPASN-PWY:_superpathway_of_L-aspartate_and_L-asparagine_biosynthesis,NONMEVIPP-PWY:_methylerythritol_phosphate_pathway_I,6
ASPASN-PWY:_superpathway_of_L-aspartate_and_L-asparagine_biosynthesis,PANTO-PWY:_phosphopantothenate_biosynthesis_I,6
ASPASN-PWY:_superpathway_of_L-aspartate_and_L-asparagine_biosynthesis,PANTOSYN-PWY:_superpathway_of_coenzyme_A_biosynthesis_I_(bacteria),6
ASPASN-PWY:_superpathway_of_L-aspartate_and_L-asparagine_biosynthesis,PEPTIDOGLYCANSYN-PWY:_peptidoglycan_biosynthesis_I_(meso-diaminopimelate_containing),6
ASPASN-PWY:_superpathway_of_L-aspartate_and_L-asparagine_biosynthesis,PWY-1042:_glycolysis_IV,2
ASPASN-PWY:_superpathway_of_L-aspartate_and_L-asparagine_biosynthesis,PWY-1269:_CMP-3-deoxy-D-manno-octulosonate_biosynthesis,1
ASPASN-PWY:_superpathway_of_L-aspartate_and_L-asparagine_biosynthesis,PWY-2942:_L-lysine_biosynthesis_III,6
ASPASN-PWY:_superpathway_of_L-aspartate_and_L-asparagine_biosynthesis,PWY-3841:_folate_transformations_II_(plants),6
ASPASN-PWY:_superpathway_of_L-aspartate_and_L-asparagine_biosynthesis,PWY-5030:_L-histidine_degradation_III,4
ASPASN-PWY:_superpathway_of_L-aspartate_and_L-asparagine_biosynthesis,PWY-5097:_L-lysine_biosynthesis_VI,3
ASPASN-PWY:_superpathway_of_L-aspartate_and_L-asparagine_biosynthesis,PWY-5103:_L-isoleucine_biosynthesis_III,3
ASPASN-PWY:_superpathway_of_L-aspartate_and_L-asparagine_biosynthesis,PWY-5121:_superpathway_of_geranylgeranyl_diphosphate_biosynthesis_II_(via_MEP),2
ASPASN-PWY:_superpathway_of_L-aspartate_and_L-asparagine_biosynthesis,PWY-5667:_CDP-diacylglycerol_biosynthesis_I,4
ASPASN-PWY:_superpathway_of_L-aspartate_and_L-asparagine_biosynthesis,PWY-5686:_UMP_biosynthesis_I,6
ASPASN-PWY:_superpathway_of_L-aspartate_and_L-asparagine_biosynthesis,PWY-5695:_inosine_5'-phosphate_degradation,6
ASPASN-PWY:_superpathway_of_L-aspartate_and_L-asparagine_biosynthesis,PWY-5973:_cis-vaccenate_biosynthesis,4
ASPASN-PWY:_superpathway_of_L-aspartate_and_L-asparagine_biosynthesis,PWY-5989:_stearate_biosynthesis_II_(bacteria_and_plants),1
ASPASN-PWY:_superpathway_of_L-aspartate_and_L-asparagine_biosynthesis,PWY-6121:_5-aminoimidazole_ribonucleotide_biosynthesis_I,6
ASPASN-PWY:_superpathway_of_L-aspartate_and_L-asparagine_biosynthesis,PWY-6122:_5-aminoimidazole_ribonucleotide_biosynthesis_II,6
ASPASN-PWY:_superpathway_of_L-aspartate_and_L-asparagine_biosynthesis,PWY-6123:_inosine-5'-phosphate_biosynthesis_I,6
ASPASN-PWY:_superpathway_of_L-aspartate_and_L-asparagine_biosynthesis,PWY-6124:_inosine-5'-phosphate_biosynthesis_II,6
ASPASN-PWY:_superpathway_of_L-aspartate_and_L-asparagine_biosynthesis,PWY-6125:_superpathway_of_guanosine_nucleotides_de_novo_biosynthesis_II,4
ASPASN-PWY:_superpathway_of_L-aspartate_and_L-asparagine_biosynthesis,PWY-6126:_superpathway_of_adenosine_nucleotides_de_novo_biosynthesis_II,4
ASPASN-PWY:_superpathway_of_L-aspartate_and_L-asparagine_biosynthesis,PWY-6143:_CMP-pseudaminate_biosynthesis,1
ASPASN-PWY:_superpathway_of_L-aspartate_and_L-asparagine_biosynthesis,PWY-6147:_6-hydroxymethyl-dihydropterin_diphosphate_biosynthesis_I,4
ASPASN-PWY:_superpathway_of_L-aspartate_and_L-asparagine_biosynthesis,PWY-6151:_S-adenosyl-L-methionine_salvage_I,4
ASPASN-PWY:_superpathway_of_L-aspartate_and_L-asparagine_biosynthesis,PWY-6163:_chorismate_biosynthesis_from_3-dehydroquinate,5
ASPASN-PWY:_superpathway_of_L-aspartate_and_L-asparagine_biosynthesis,PWY-6277:_superpathway_of_5-aminoimidazole_ribonucleotide_biosynthesis,6
ASPASN-PWY:_superpathway_of_L-aspartate_and_L-asparagine_biosynthesis,PWY-6282:_palmitoleate_biosynthesis_I_(from_(5Z)-dodec-5-enoate),1
ASPASN-PWY:_superpathway_of_L-aspartate_and_L-asparagine_biosynthesis,PWY-6385:_peptidoglycan_biosynthesis_III_(mycobacteria),6
ASPASN-PWY:_superpathway_of_L-aspartate_and_L-asparagine_biosynthesis,PWY-6386:_UDP-N-acetylmuramoyl-pentapeptide_biosynthesis_II_(lysine-containing),6
ASPASN-PWY:_superpathway_of_L-aspartate_and_L-asparagine_biosynthesis,PWY-6387:_UDP-N-acetylmuramoyl-pentapeptide_biosynthesis_I_(meso-diaminopimelate_containing),6
ASPASN-PWY:_superpathway_of_L-aspartate_and_L-asparagine_biosynthesis,PWY-6519:_8-amino-7-oxononanoate_biosynthesis_I,1
ASPASN-PWY:_superpathway_of_L-aspartate_and_L-asparagine_biosynthesis,PWY-6609:_adenine_and_adenosine_salvage_III,5
ASPASN-PWY:_superpathway_of_L-aspartate_and_L-asparagine_biosynthesis,PWY-6700:_queuosine_biosynthesis_I_(de_novo),6
ASPASN-PWY:_superpathway_of_L-aspartate_and_L-asparagine_biosynthesis,PWY-6703:_preQ0_biosynthesis,6
ASPASN-PWY:_superpathway_of_L-aspartate_and_L-asparagine_biosynthesis,PWY-6897:_thiamine_diphosphate_salvage_II,1
ASPASN-PWY:_superpathway_of_L-aspartate_and_L-asparagine_biosynthesis,PWY-6902:_chitin_degradation_II_(Vibrio),3
ASPASN-PWY:_superpathway_of_L-aspartate_and_L-asparagine_biosynthesis,PWY-7111:_pyruvate_fermentation_to_isobutanol_(engineered),2
ASPASN-PWY:_superpathway_of_L-aspartate_and_L-asparagine_biosynthesis,PWY-7199:_pyrimidine_deoxyribonucleosides_salvage,5
ASPASN-PWY:_superpathway_of_L-aspartate_and_L-asparagine_biosynthesis,PWY-7220:_adenosine_deoxyribonucleotides_de_novo_biosynthesis_II,4
ASPASN-PWY:_superpathway_of_L-aspartate_and_L-asparagine_biosynthesis,PWY-7221:_guanosine_ribonucleotides_de_novo_biosynthesis,6
ASPASN-PWY:_superpathway_of_L-aspartate_and_L-asparagine_biosynthesis,PWY-7222:_guanosine_deoxyribonucleotides_de_novo_biosynthesis_II,4
ASPASN-PWY:_superpathway_of_L-aspartate_and_L-asparagine_biosynthesis,PWY-7228:_superpathway_of_guanosine_nucleotides_de_novo_biosynthesis_I,4
ASPASN-PWY:_superpathway_of_L-aspartate_and_L-asparagine_biosynthesis,PWY-7229:_superpathway_of_adenosine_nucleotides_de_novo_biosynthesis_I,4
ASPASN-PWY:_superpathway_of_L-aspartate_and_L-asparagine_biosynthesis,PWY-7238:_sucrose_biosynthesis_II,3
ASPASN-PWY:_superpathway_of_L-aspartate_and_L-asparagine_biosynthesis,PWY-724:_superpathway_of_L-lysine,_L-threonine_and_L-methionine_biosynthesis_II,1
ASPASN-PWY:_superpathway_of_L-aspartate_and_L-asparagine_biosynthesis,PWY-7282:_4-amino-2-methyl-5-diphosphomethylpyrimidine_biosynthesis_II,1
ASPASN-PWY:_superpathway_of_L-aspartate_and_L-asparagine_biosynthesis,PWY-7312:_dTDP-&beta;-D-fucofuranose_biosynthesis,1
ASPASN-PWY:_superpathway_of_L-aspartate_and_L-asparagine_biosynthesis,PWY-7315:_dTDP-N-acetylthomosamine_biosynthesis,1
ASPASN-PWY:_superpathway_of_L-aspartate_and_L-asparagine_biosynthesis,PWY-7316:_dTDP-N-acetylviosamine_biosynthesis,1
ASPASN-PWY:_superpathway_of_L-aspartate_and_L-asparagine_biosynthesis,PWY-7357:_thiamine_phosphate_formation_from_pyrithiamine_and_oxythiamine_(yeast),1
ASPASN-PWY:_superpathway_of_L-aspartate_and_L-asparagine_biosynthesis,PWY-7663:_gondoate_biosynthesis_(anaerobic),4
ASPASN-PWY:_superpathway_of_L-aspartate_and_L-asparagine_biosynthesis,PWY-7664:_oleate_biosynthesis_IV_(anaerobic),1
ASPASN-PWY:_superpathway_of_L-aspartate_and_L-asparagine_biosynthesis,PWY-7688:_dTDP-&alpha;-D-ravidosamine_and_dTDP-4-acetyl-&alpha;-D-ravidosamine_biosynthesis,1
ASPASN-PWY:_superpathway_of_L-aspartate_and_L-asparagine_biosynthesis,PWY-7790:_UMP_biosynthesis_II,6
ASPASN-PWY:_superpathway_of_L-aspartate_and_L-asparagine_biosynthesis,PWY-7791:_UMP_biosynthesis_III,6
ASPASN-PWY:_superpathway_of_L-aspartate_and_L-asparagine_biosynthesis,PWY-7851:_coenzyme_A_biosynthesis_II_(eukaryotic),6
ASPASN-PWY:_superpathway_of_L-aspartate_and_L-asparagine_biosynthesis,PWY-7953:_UDP-N-acetylmuramoyl-pentapeptide_biosynthesis_III_(meso-diaminopimelate_containing),6
ASPASN-PWY:_superpathway_of_L-aspartate_and_L-asparagine_biosynthesis,PWY-7977:_L-methionine_biosynthesis_IV,6
ASPASN-PWY:_superpathway_of_L-aspartate_and_L-asparagine_biosynthesis,PWY-8073:_lipid_IVA_biosynthesis_(P._putida),3
ASPASN-PWY:_superpathway_of_L-aspartate_and_L-asparagine_biosynthesis,PWY-8187:_L-arginine_degradation_XIII_(reductive_Stickland_reaction),1
ASPASN-PWY:_superpathway_of_L-aspartate_and_L-asparagine_biosynthesis,PWY0-1319:_CDP-diacylglycerol_biosynthesis_II,4
ASPASN-PWY:_superpathway_of_L-aspartate_and_L-asparagine_biosynthesis,PWY0-1586:_peptidoglycan_maturation_(meso-diaminopimelate_containing),5
ASPASN-PWY:_superpathway_of_L-aspartate_and_L-asparagine_biosynthesis,PWY0-845:_superpathway_of_pyridoxal_5'-phosphate_biosynthesis_and_salvage,1
ASPASN-PWY:_superpathway_of_L-aspartate_and_L-asparagine_biosynthesis,PWY0-862:_(5Z)-dodecenoate_biosynthesis_I,1
ASPASN-PWY:_superpathway_of_L-aspartate_and_L-asparagine_biosynthesis,PWY66-429:_fatty_acid_biosynthesis_initiation_(mitochondria),4
ASPASN-PWY:_superpathway_of_L-aspartate_and_L-asparagine_biosynthesis,PYRIDNUCSYN-PWY:_NAD_de_novo_biosynthesis_I_(from_aspartate),4
ASPASN-PWY:_superpathway_of_L-aspartate_and_L-asparagine_biosynthesis,PYRIDOXSYN-PWY:_pyridoxal_5'-phosphate_biosynthesis_I,2
ASPASN-PWY:_superpathway_of_L-aspartate_and_L-asparagine_biosynthesis,RHAMCAT-PWY:_L-rhamnose_degradation_I,4
ASPASN-PWY:_superpathway_of_L-aspartate_and_L-asparagine_biosynthesis,RIBOSYN2-PWY:_flavin_biosynthesis_I_(bacteria_and_plants),3
ASPASN-PWY:_superpathway_of_L-aspartate_and_L-asparagine_biosynthesis,SER-GLYSYN-PWY:_superpathway_of_L-serine_and_glycine_biosynthesis_I,5
ASPASN-PWY:_superpathway_of_L-aspartate_and_L-asparagine_biosynthesis,THISYNARA-PWY:_superpathway_of_thiamine_diphosphate_biosynthesis_III_(eukaryotes),1
ASPASN-PWY:_superpathway_of_L-aspartate_and_L-asparagine_biosynthesis,THRESYN-PWY:_superpathway_of_L-threonine_biosynthesis,4
ASPASN-PWY:_superpathway_of_L-aspartate_and_L-asparagine_biosynthesis,TRNA-CHARGING-PWY:_tRNA_charging,5
ASPASN-PWY:_superpathway_of_L-aspartate_and_L-asparagine_biosynthesis,VALSYN-PWY:_L-valine_biosynthesis,6
BRANCHED-CHAIN-AA-SYN-PWY:_superpathway_of_branched_chain_amino_acid_biosynthesis,CALVIN-PWY:_Calvin-Benson-Bassham_cycle,3
BRANCHED-CHAIN-AA-SYN-PWY:_superpathway_of_branched_chain_amino_acid_biosynthesis,COA-PWY-1:_superpathway_of_coenzyme_A_biosynthesis_III_(mammals),13
BRANCHED-CHAIN-AA-SYN-PWY:_superpathway_of_branched_chain_amino_acid_biosynthesis,COA-PWY:_coenzyme_A_biosynthesis_I_(prokaryotic),13
BRANCHED-CHAIN-AA-SYN-PWY:_superpathway_of_branched_chain_amino_acid_biosynthesis,COBALSYN-PWY:_superpathway_of_adenosylcobalamin_salvage_from_cobinamide_I,2
BRANCHED-CHAIN-AA-SYN-PWY:_superpathway_of_branched_chain_amino_acid_biosynthesis,COMPLETE-ARO-PWY:_superpathway_of_aromatic_amino_acid_biosynthesis,7
BRANCHED-CHAIN-AA-SYN-PWY:_superpathway_of_branched_chain_amino_acid_biosynthesis,DTDPRHAMSYN-PWY:_dTDP-&beta;-L-rhamnose_biosynthesis,13
BRANCHED-CHAIN-AA-SYN-PWY:_superpathway_of_branched_chain_amino_acid_biosynthesis,FASYN-ELONG-PWY:_fatty_acid_elongation_--_saturated,1
BRANCHED-CHAIN-AA-SYN-PWY:_superpathway_of_branched_chain_amino_acid_biosynthesis,FUCCAT-PWY:_fucose_degradation,1
BRANCHED-CHAIN-AA-SYN-PWY:_superpathway_of_branched_chain_amino_acid_biosynthesis,GLUCONEO-PWY:_gluconeogenesis_I,1
BRANCHED-CHAIN-AA-SYN-PWY:_superpathway_of_branched_chain_amino_acid_biosynthesis,GLUTORN-PWY:_L-ornithine_biosynthesis_I,4
BRANCHED-CHAIN-AA-SYN-PWY:_superpathway_of_branched_chain_amino_acid_biosynthesis,GLYCOGENSYNTH-PWY:_glycogen_biosynthesis_I_(from_ADP-D-Glucose),8
BRANCHED-CHAIN-AA-SYN-PWY:_superpathway_of_branched_chain_amino_acid_biosynthesis,GLYCOLYSIS:_glycolysis_I_(from_glucose_6-phosphate),1
BRANCHED-CHAIN-AA-SYN-PWY:_superpathway_of_branched_chain_amino_acid_biosynthesis,HISDEG-PWY:_L-histidine_degradation_I,7
BRANCHED-CHAIN-AA-SYN-PWY:_superpathway_of_branched_chain_amino_acid_biosynthesis,HISTSYN-PWY:_L-histidine_biosynthesis,12
BRANCHED-CHAIN-AA-SYN-PWY:_superpathway_of_branched_chain_amino_acid_biosynthesis,HSERMETANA-PWY:_L-methionine_biosynthesis_III,4
BRANCHED-CHAIN-AA-SYN-PWY:_superpathway_of_branched_chain_amino_acid_biosynthesis,ILEUSYN-PWY:_L-isoleucine_biosynthesis_I_(from_threonine),14
BRANCHED-CHAIN-AA-SYN-PWY:_superpathway_of_branched_chain_amino_acid_biosynthesis,NAGLIPASYN-PWY:_lipid_IVA_biosynthesis_(E._coli),3
BRANCHED-CHAIN-AA-SYN-PWY:_superpathway_of_branched_chain_amino_acid_biosynthesis,NONMEVIPP-PWY:_methylerythritol_phosphate_pathway_I,13
BRANCHED-CHAIN-AA-SYN-PWY:_superpathway_of_branched_chain_amino_acid_biosynthesis,NONOXIPENT-PWY:_pentose_phosphate_pathway_(non-oxidative_branch)_I,5
BRANCHED-CHAIN-AA-SYN-PWY:_superpathway_of_branched_chain_amino_acid_biosynthesis,P41-PWY:_pyruvate_fermentation_to_acetate_and_(S)-lactate_I,3
BRANCHED-CHAIN-AA-SYN-PWY:_superpathway_of_branched_chain_amino_acid_biosynthesis,PANTO-PWY:_phosphopantothenate_biosynthesis_I,13
BRANCHED-CHAIN-AA-SYN-PWY:_superpathway_of_branched_chain_amino_acid_biosynthesis,PANTOSYN-PWY:_superpathway_of_coenzyme_A_biosynthesis_I_(bacteria),13
BRANCHED-CHAIN-AA-SYN-PWY:_superpathway_of_branched_chain_amino_acid_biosynthesis,PENTOSE-P-PWY:_pentose_phosphate_pathway,2
BRANCHED-CHAIN-AA-SYN-PWY:_superpathway_of_branched_chain_amino_acid_biosynthesis,PEPTIDOGLYCANSYN-PWY:_peptidoglycan_biosynthesis_I_(meso-diaminopimelate_containing),12
BRANCHED-CHAIN-AA-SYN-PWY:_superpathway_of_branched_chain_amino_acid_biosynthesis,PWY-1042:_glycolysis_IV,5
BRANCHED-CHAIN-AA-SYN-PWY:_superpathway_of_branched_chain_amino_acid_biosynthesis,PWY-1269:_CMP-3-deoxy-D-manno-octulosonate_biosynthesis,5
BRANCHED-CHAIN-AA-SYN-PWY:_superpathway_of_branched_chain_amino_acid_biosynthesis,PWY-2942:_L-lysine_biosynthesis_III,10
BRANCHED-CHAIN-AA-SYN-PWY:_superpathway_of_branched_chain_amino_acid_biosynthesis,PWY-3841:_folate_transformations_II_(plants),13
BRANCHED-CHAIN-AA-SYN-PWY:_superpathway_of_branched_chain_amino_acid_biosynthesis,PWY-5030:_L-histidine_degradation_III,6
BRANCHED-CHAIN-AA-SYN-PWY:_superpathway_of_branched_chain_amino_acid_biosynthesis,PWY-5097:_L-lysine_biosynthesis_VI,11
BRANCHED-CHAIN-AA-SYN-PWY:_superpathway_of_branched_chain_amino_acid_biosynthesis,PWY-5100:_pyruvate_fermentation_to_acetate_and_lactate_II,3
BRANCHED-CHAIN-AA-SYN-PWY:_superpathway_of_branched_chain_amino_acid_biosynthesis,PWY-5103:_L-isoleucine_biosynthesis_III,14
BRANCHED-CHAIN-AA-SYN-PWY:_superpathway_of_branched_chain_amino_acid_biosynthesis,PWY-5384:_sucrose_degradation_IV_(sucrose_phosphorylase),2
BRANCHED-CHAIN-AA-SYN-PWY:_superpathway_of_branched_chain_amino_acid_biosynthesis,PWY-5484:_glycolysis_II_(from_fructose_6-phosphate),1
BRANCHED-CHAIN-AA-SYN-PWY:_superpathway_of_branched_chain_amino_acid_biosynthesis,PWY-5659:_GDP-mannose_biosynthesis,3
BRANCHED-CHAIN-AA-SYN-PWY:_superpathway_of_branched_chain_amino_acid_biosynthesis,PWY-5667:_CDP-diacylglycerol_biosynthesis_I,13
BRANCHED-CHAIN-AA-SYN-PWY:_superpathway_of_branched_chain_amino_acid_biosynthesis,PWY-5686:_UMP_biosynthesis_I,13
BRANCHED-CHAIN-AA-SYN-PWY:_superpathway_of_branched_chain_amino_acid_biosynthesis,PWY-5695:_inosine_5'-phosphate_degradation,9
BRANCHED-CHAIN-AA-SYN-PWY:_superpathway_of_branched_chain_amino_acid_biosynthesis,PWY-5941:_glycogen_degradation_II,6
BRANCHED-CHAIN-AA-SYN-PWY:_superpathway_of_branched_chain_amino_acid_biosynthesis,PWY-5973:_cis-vaccenate_biosynthesis,9
BRANCHED-CHAIN-AA-SYN-PWY:_superpathway_of_branched_chain_amino_acid_biosynthesis,PWY-5989:_stearate_biosynthesis_II_(bacteria_and_plants),1
BRANCHED-CHAIN-AA-SYN-PWY:_superpathway_of_branched_chain_amino_acid_biosynthesis,PWY-6121:_5-aminoimidazole_ribonucleotide_biosynthesis_I,13
BRANCHED-CHAIN-AA-SYN-PWY:_superpathway_of_branched_chain_amino_acid_biosynthesis,PWY-6122:_5-aminoimidazole_ribonucleotide_biosynthesis_II,13
BRANCHED-CHAIN-AA-SYN-PWY:_superpathway_of_branched_chain_amino_acid_biosynthesis,PWY-6123:_inosine-5'-phosphate_biosynthesis_I,11
BRANCHED-CHAIN-AA-SYN-PWY:_superpathway_of_branched_chain_amino_acid_biosynthesis,PWY-6124:_inosine-5'-phosphate_biosynthesis_II,11
BRANCHED-CHAIN-AA-SYN-PWY:_superpathway_of_branched_chain_amino_acid_biosynthesis,PWY-6125:_superpathway_of_guanosine_nucleotides_de_novo_biosynthesis_II,6
BRANCHED-CHAIN-AA-SYN-PWY:_superpathway_of_branched_chain_amino_acid_biosynthesis,PWY-6126:_superpathway_of_adenosine_nucleotides_de_novo_biosynthesis_II,6
BRANCHED-CHAIN-AA-SYN-PWY:_superpathway_of_branched_chain_amino_acid_biosynthesis,PWY-6143:_CMP-pseudaminate_biosynthesis,1
BRANCHED-CHAIN-AA-SYN-PWY:_superpathway_of_branched_chain_amino_acid_biosynthesis,PWY-6147:_6-hydroxymethyl-dihydropterin_diphosphate_biosynthesis_I,8
BRANCHED-CHAIN-AA-SYN-PWY:_superpathway_of_branched_chain_amino_acid_biosynthesis,PWY-6151:_S-adenosyl-L-methionine_salvage_I,4
BRANCHED-CHAIN-AA-SYN-PWY:_superpathway_of_branched_chain_amino_acid_biosynthesis,PWY-6163:_chorismate_biosynthesis_from_3-dehydroquinate,14
BRANCHED-CHAIN-AA-SYN-PWY:_superpathway_of_branched_chain_amino_acid_biosynthesis,PWY-621:_sucrose_degradation_III_(sucrose_invertase),3
BRANCHED-CHAIN-AA-SYN-PWY:_superpathway_of_branched_chain_amino_acid_biosynthesis,PWY-6270:_isoprene_biosynthesis_I,5
BRANCHED-CHAIN-AA-SYN-PWY:_superpathway_of_branched_chain_amino_acid_biosynthesis,PWY-6277:_superpathway_of_5-aminoimidazole_ribonucleotide_biosynthesis,13
BRANCHED-CHAIN-AA-SYN-PWY:_superpathway_of_branched_chain_amino_acid_biosynthesis,PWY-6282:_palmitoleate_biosynthesis_I_(from_(5Z)-dodec-5-enoate),1
BRANCHED-CHAIN-AA-SYN-PWY:_superpathway_of_branched_chain_amino_acid_biosynthesis,PWY-6317:_D-galactose_degradation_I_(Leloir_pathway),3
BRANCHED-CHAIN-AA-SYN-PWY:_superpathway_of_branched_chain_amino_acid_biosynthesis,PWY-6385:_peptidoglycan_biosynthesis_III_(mycobacteria),11
BRANCHED-CHAIN-AA-SYN-PWY:_superpathway_of_branched_chain_amino_acid_biosynthesis,PWY-6386:_UDP-N-acetylmuramoyl-pentapeptide_biosynthesis_II_(lysine-containing),12
BRANCHED-CHAIN-AA-SYN-PWY:_superpathway_of_branched_chain_amino_acid_biosynthesis,PWY-6387:_UDP-N-acetylmuramoyl-pentapeptide_biosynthesis_I_(meso-diaminopimelate_containing),12
BRANCHED-CHAIN-AA-SYN-PWY:_superpathway_of_branched_chain_amino_acid_biosynthesis,PWY-6519:_8-amino-7-oxononanoate_biosynthesis_I,1
BRANCHED-CHAIN-AA-SYN-PWY:_superpathway_of_branched_chain_amino_acid_biosynthesis,PWY-6527:_stachyose_degradation,2
BRANCHED-CHAIN-AA-SYN-PWY:_superpathway_of_branched_chain_amino_acid_biosynthesis,PWY-6572:_chondroitin_sulfate_degradation_I_(bacterial),1
BRANCHED-CHAIN-AA-SYN-PWY:_superpathway_of_branched_chain_amino_acid_biosynthesis,PWY-6606:_guanosine_nucleotides_degradation_II,1
BRANCHED-CHAIN-AA-SYN-PWY:_superpathway_of_branched_chain_amino_acid_biosynthesis,PWY-6608:_guanosine_nucleotides_degradation_III,4
BRANCHED-CHAIN-AA-SYN-PWY:_superpathway_of_branched_chain_amino_acid_biosynthesis,PWY-6609:_adenine_and_adenosine_salvage_III,13
BRANCHED-CHAIN-AA-SYN-PWY:_superpathway_of_branched_chain_amino_acid_biosynthesis,PWY-6630:_superpathway_of_L-tyrosine_biosynthesis,1
BRANCHED-CHAIN-AA-SYN-PWY:_superpathway_of_branched_chain_amino_acid_biosynthesis,PWY-6700:_queuosine_biosynthesis_I_(de_novo),14
BRANCHED-CHAIN-AA-SYN-PWY:_superpathway_of_branched_chain_amino_acid_biosynthesis,PWY-6703:_preQ0_biosynthesis,10
BRANCHED-CHAIN-AA-SYN-PWY:_superpathway_of_branched_chain_amino_acid_biosynthesis,PWY-6823:_molybdopterin_biosynthesis,2
BRANCHED-CHAIN-AA-SYN-PWY:_superpathway_of_branched_chain_amino_acid_biosynthesis,PWY-6897:_thiamine_diphosphate_salvage_II,5
BRANCHED-CHAIN-AA-SYN-PWY:_superpathway_of_branched_chain_amino_acid_biosynthesis,PWY-6902:_chitin_degradation_II_(Vibrio),4
BRANCHED-CHAIN-AA-SYN-PWY:_superpathway_of_branched_chain_amino_acid_biosynthesis,PWY-7111:_pyruvate_fermentation_to_isobutanol_(engineered),6
BRANCHED-CHAIN-AA-SYN-PWY:_superpathway_of_branched_chain_amino_acid_biosynthesis,PWY-7199:_pyrimidine_deoxyribonucleosides_salvage,8
BRANCHED-CHAIN-AA-SYN-PWY:_superpathway_of_branched_chain_amino_acid_biosynthesis,PWY-7208:_superpathway_of_pyrimidine_nucleobases_salvage,2
BRANCHED-CHAIN-AA-SYN-PWY:_superpathway_of_branched_chain_amino_acid_biosynthesis,PWY-7220:_adenosine_deoxyribonucleotides_de_novo_biosynthesis_II,6
BRANCHED-CHAIN-AA-SYN-PWY:_superpathway_of_branched_chain_amino_acid_biosynthesis,PWY-7221:_guanosine_ribonucleotides_de_novo_biosynthesis,13
BRANCHED-CHAIN-AA-SYN-PWY:_superpathway_of_branched_chain_amino_acid_biosynthesis,PWY-7222:_guanosine_deoxyribonucleotides_de_novo_biosynthesis_II,6
BRANCHED-CHAIN-AA-SYN-PWY:_superpathway_of_branched_chain_amino_acid_biosynthesis,PWY-7228:_superpathway_of_guanosine_nucleotides_de_novo_biosynthesis_I,6
BRANCHED-CHAIN-AA-SYN-PWY:_superpathway_of_branched_chain_amino_acid_biosynthesis,PWY-7229:_superpathway_of_adenosine_nucleotides_de_novo_biosynthesis_I,6
BRANCHED-CHAIN-AA-SYN-PWY:_superpathway_of_branched_chain_amino_acid_biosynthesis,PWY-7237:_myo-,_chiro-_and_scyllo-inositol_degradation,7
BRANCHED-CHAIN-AA-SYN-PWY:_superpathway_of_branched_chain_amino_acid_biosynthesis,PWY-7238:_sucrose_biosynthesis_II,8
BRANCHED-CHAIN-AA-SYN-PWY:_superpathway_of_branched_chain_amino_acid_biosynthesis,PWY-724:_superpathway_of_L-lysine,_L-threonine_and_L-methionine_biosynthesis_II,2
BRANCHED-CHAIN-AA-SYN-PWY:_superpathway_of_branched_chain_amino_acid_biosynthesis,PWY-7282:_4-amino-2-methyl-5-diphosphomethylpyrimidine_biosynthesis_II,3
BRANCHED-CHAIN-AA-SYN-PWY:_superpathway_of_branched_chain_amino_acid_biosynthesis,PWY-7312:_dTDP-&beta;-D-fucofuranose_biosynthesis,1
BRANCHED-CHAIN-AA-SYN-PWY:_superpathway_of_branched_chain_amino_acid_biosynthesis,PWY-7315:_dTDP-N-acetylthomosamine_biosynthesis,2
BRANCHED-CHAIN-AA-SYN-PWY:_superpathway_of_branched_chain_amino_acid_biosynthesis,PWY-7316:_dTDP-N-acetylviosamine_biosynthesis,1
BRANCHED-CHAIN-AA-SYN-PWY:_superpathway_of_branched_chain_amino_acid_biosynthesis,PWY-7357:_thiamine_phosphate_formation_from_pyrithiamine_and_oxythiamine_(yeast),8
BRANCHED-CHAIN-AA-SYN-PWY:_superpathway_of_branched_chain_amino_acid_biosynthesis,PWY-7456:_&beta;-(1,4)-mannan_degradation,1
BRANCHED-CHAIN-AA-SYN-PWY:_superpathway_of_branched_chain_amino_acid_biosynthesis,PWY-7560:_methylerythritol_phosphate_pathway_II,5
BRANCHED-CHAIN-AA-SYN-PWY:_superpathway_of_branched_chain_amino_acid_biosynthesis,PWY-7663:_gondoate_biosynthesis_(anaerobic),9
BRANCHED-CHAIN-AA-SYN-PWY:_superpathway_of_branched_chain_amino_acid_biosynthesis,PWY-7664:_oleate_biosynthesis_IV_(anaerobic),1
BRANCHED-CHAIN-AA-SYN-PWY:_superpathway_of_branched_chain_amino_acid_biosynthesis,PWY-7688:_dTDP-&alpha;-D-ravidosamine_and_dTDP-4-acetyl-&alpha;-D-ravidosamine_biosynthesis,1
BRANCHED-CHAIN-AA-SYN-PWY:_superpathway_of_branched_chain_amino_acid_biosynthesis,PWY-7790:_UMP_biosynthesis_II,13
BRANCHED-CHAIN-AA-SYN-PWY:_superpathway_of_branched_chain_amino_acid_biosynthesis,PWY-7791:_UMP_biosynthesis_III,13
BRANCHED-CHAIN-AA-SYN-PWY:_superpathway_of_branched_chain_amino_acid_biosynthesis,PWY-7851:_coenzyme_A_biosynthesis_II_(eukaryotic),13
BRANCHED-CHAIN-AA-SYN-PWY:_superpathway_of_branched_chain_amino_acid_biosynthesis,PWY-7953:_UDP-N-acetylmuramoyl-pentapeptide_biosynthesis_III_(meso-diaminopimelate_containing),12
BRANCHED-CHAIN-AA-SYN-PWY:_superpathway_of_branched_chain_amino_acid_biosynthesis,PWY-7977:_L-methionine_biosynthesis_IV,12
BRANCHED-CHAIN-AA-SYN-PWY:_superpathway_of_branched_chain_amino_acid_biosynthesis,PWY-8004:_Entner-Doudoroff_pathway_I,1
BRANCHED-CHAIN-AA-SYN-PWY:_superpathway_of_branched_chain_amino_acid_biosynthesis,PWY-8073:_lipid_IVA_biosynthesis_(P._putida),3
BRANCHED-CHAIN-AA-SYN-PWY:_superpathway_of_branched_chain_amino_acid_biosynthesis,PWY-8178:_pentose_phosphate_pathway_(non-oxidative_branch)_II,6
BRANCHED-CHAIN-AA-SYN-PWY:_superpathway_of_branched_chain_amino_acid_biosynthesis,PWY0-1061:_superpathway_of_L-alanine_biosynthesis,2
BRANCHED-CHAIN-AA-SYN-PWY:_superpathway_of_branched_chain_amino_acid_biosynthesis,PWY0-1296:_purine_ribonucleosides_degradation,2
BRANCHED-CHAIN-AA-SYN-PWY:_superpathway_of_branched_chain_amino_acid_biosynthesis,PWY0-1319:_CDP-diacylglycerol_biosynthesis_II,13
BRANCHED-CHAIN-AA-SYN-PWY:_superpathway_of_branched_chain_amino_acid_biosynthesis,PWY0-1586:_peptidoglycan_maturation_(meso-diaminopimelate_containing),7
BRANCHED-CHAIN-AA-SYN-PWY:_superpathway_of_branched_chain_amino_acid_biosynthesis,PWY0-162:_superpathway_of_pyrimidine_ribonucleotides_de_novo_biosynthesis,2
BRANCHED-CHAIN-AA-SYN-PWY:_superpathway_of_branched_chain_amino_acid_biosynthesis,PWY0-845:_superpathway_of_pyridoxal_5'-phosphate_biosynthesis_and_salvage,6
BRANCHED-CHAIN-AA-SYN-PWY:_superpathway_of_branched_chain_amino_acid_biosynthesis,PWY0-862:_(5Z)-dodecenoate_biosynthesis_I,1
BRANCHED-CHAIN-AA-SYN-PWY:_superpathway_of_branched_chain_amino_acid_biosynthesis,PWY4FS-7:_phosphatidylglycerol_biosynthesis_I_(plastidic),1
BRANCHED-CHAIN-AA-SYN-PWY:_superpathway_of_branched_chain_amino_acid_biosynthesis,PWY4FS-8:_phosphatidylglycerol_biosynthesis_II_(non-plastidic),1
BRANCHED-CHAIN-AA-SYN-PWY:_superpathway_of_branched_chain_amino_acid_biosynthesis,PWY66-429:_fatty_acid_biosynthesis_initiation_(mitochondria),9
BRANCHED-CHAIN-AA-SYN-PWY:_superpathway_of_branched_chain_amino_acid_biosynthesis,PYRIDNUCSYN-PWY:_NAD_de_novo_biosynthesis_I_(from_aspartate),7
BRANCHED-CHAIN-AA-SYN-PWY:_superpathway_of_branched_chain_amino_acid_biosynthesis,PYRIDOXSYN-PWY:_pyridoxal_5'-phosphate_biosynthesis_I,7
BRANCHED-CHAIN-AA-SYN-PWY:_superpathway_of_branched_chain_amino_acid_biosynthesis,RHAMCAT-PWY:_L-rhamnose_degradation_I,7
BRANCHED-CHAIN-AA-SYN-PWY:_superpathway_of_branched_chain_amino_acid_biosynthesis,RIBOSYN2-PWY:_flavin_biosynthesis_I_(bacteria_and_plants),7
BRANCHED-CHAIN-AA-SYN-PWY:_superpathway_of_branched_chain_amino_acid_biosynthesis,SER-GLYSYN-PWY:_superpathway_of_L-serine_and_glycine_biosynthesis_I,11
BRANCHED-CHAIN-AA-SYN-PWY:_superpathway_of_branched_chain_amino_acid_biosynthesis,THISYNARA-PWY:_superpathway_of_thiamine_diphosphate_biosynthesis_III_(eukaryotes),7
BRANCHED-CHAIN-AA-SYN-PWY:_superpathway_of_branched_chain_amino_acid_biosynthesis,THRESYN-PWY:_superpathway_of_L-threonine_biosynthesis,3
BRANCHED-CHAIN-AA-SYN-PWY:_superpathway_of_branched_chain_amino_acid_biosynthesis,TRNA-CHARGING-PWY:_tRNA_charging,11
BRANCHED-CHAIN-AA-SYN-PWY:_superpathway_of_branched_chain_amino_acid_biosynthesis,UDPNAGSYN-PWY:_UDP-N-acetyl-D-glucosamine_biosynthesis_I,1
BRANCHED-CHAIN-AA-SYN-PWY:_superpathway_of_branched_chain_amino_acid_biosynthesis,VALSYN-PWY:_L-valine_biosynthesis,14
CALVIN-PWY:_Calvin-Benson-Bassham_cycle,COA-PWY-1:_superpathway_of_coenzyme_A_biosynthesis_III_(mammals),4
CALVIN-PWY:_Calvin-Benson-Bassham_cycle,COA-PWY:_coenzyme_A_biosynthesis_I_(prokaryotic),4
CALVIN-PWY:_Calvin-Benson-Bassham_cycle,COBALSYN-PWY:_superpathway_of_adenosylcobalamin_salvage_from_cobinamide_I,1
CALVIN-PWY:_Calvin-Benson-Bassham_cycle,COMPLETE-ARO-PWY:_superpathway_of_aromatic_amino_acid_biosynthesis,4
CALVIN-PWY:_Calvin-Benson-Bassham_cycle,DTDPRHAMSYN-PWY:_dTDP-&beta;-L-rhamnose_biosynthesis,4
CALVIN-PWY:_Calvin-Benson-Bassham_cycle,GLUTORN-PWY:_L-ornithine_biosynthesis_I,4
CALVIN-PWY:_Calvin-Benson-Bassham_cycle,GLYCOGENSYNTH-PWY:_glycogen_biosynthesis_I_(from_ADP-D-Glucose),4
CALVIN-PWY:_Calvin-Benson-Bassham_cycle,HISTSYN-PWY:_L-histidine_biosynthesis,1
CALVIN-PWY:_Calvin-Benson-Bassham_cycle,HSERMETANA-PWY:_L-methionine_biosynthesis_III,2
CALVIN-PWY:_Calvin-Benson-Bassham_cycle,ILEUSYN-PWY:_L-isoleucine_biosynthesis_I_(from_threonine),3
CALVIN-PWY:_Calvin-Benson-Bassham_cycle,NONMEVIPP-PWY:_methylerythritol_phosphate_pathway_I,3
CALVIN-PWY:_Calvin-Benson-Bassham_cycle,NONOXIPENT-PWY:_pentose_phosphate_pathway_(non-oxidative_branch)_I,3
CALVIN-PWY:_Calvin-Benson-Bassham_cycle,P41-PWY:_pyruvate_fermentation_to_acetate_and_(S)-lactate_I,4
CALVIN-PWY:_Calvin-Benson-Bassham_cycle,PANTO-PWY:_phosphopantothenate_biosynthesis_I,4
CALVIN-PWY:_Calvin-Benson-Bassham_cycle,PANTOSYN-PWY:_superpathway_of_coenzyme_A_biosynthesis_I_(bacteria),4
CALVIN-PWY:_Calvin-Benson-Bassham_cycle,PEPTIDOGLYCANSYN-PWY:_peptidoglycan_biosynthesis_I_(meso-diaminopimelate_containing),4
CALVIN-PWY:_Calvin-Benson-Bassham_cycle,PWY-1042:_glycolysis_IV,4
CALVIN-PWY:_Calvin-Benson-Bassham_cycle,PWY-3841:_folate_transformations_II_(plants),4
CALVIN-PWY:_Calvin-Benson-Bassham_cycle,PWY-5097:_L-lysine_biosynthesis_VI,2
CALVIN-PWY:_Calvin-Benson-Bassham_cycle,PWY-5100:_pyruvate_fermentation_to_acetate_and_lactate_II,4
CALVIN-PWY:_Calvin-Benson-Bassham_cycle,PWY-5103:_L-isoleucine_biosynthesis_III,3
CALVIN-PWY:_Calvin-Benson-Bassham_cycle,PWY-5188:_tetrapyrrole_biosynthesis_I_(from_glutamate),1
CALVIN-PWY:_Calvin-Benson-Bassham_cycle,PWY-5384:_sucrose_degradation_IV_(sucrose_phosphorylase),1
CALVIN-PWY:_Calvin-Benson-Bassham_cycle,PWY-5659:_GDP-mannose_biosynthesis,1
CALVIN-PWY:_Calvin-Benson-Bassham_cycle,PWY-5667:_CDP-diacylglycerol_biosynthesis_I,4
CALVIN-PWY:_Calvin-Benson-Bassham_cycle,PWY-5686:_UMP_biosynthesis_I,4
CALVIN-PWY:_Calvin-Benson-Bassham_cycle,PWY-5695:_inosine_5'-phosphate_degradation,2
CALVIN-PWY:_Calvin-Benson-Bassham_cycle,PWY-5941:_glycogen_degradation_II,3
CALVIN-PWY:_Calvin-Benson-Bassham_cycle,PWY-6121:_5-aminoimidazole_ribonucleotide_biosynthesis_I,4
CALVIN-PWY:_Calvin-Benson-Bassham_cycle,PWY-6122:_5-aminoimidazole_ribonucleotide_biosynthesis_II,4
CALVIN-PWY:_Calvin-Benson-Bassham_cycle,PWY-6123:_inosine-5'-phosphate_biosynthesis_I,1
CALVIN-PWY:_Calvin-Benson-Bassham_cycle,PWY-6124:_inosine-5'-phosphate_biosynthesis_II,1
CALVIN-PWY:_Calvin-Benson-Bassham_cycle,PWY-6151:_S-adenosyl-L-methionine_salvage_I,3
CALVIN-PWY:_Calvin-Benson-Bassham_cycle,PWY-6163:_chorismate_biosynthesis_from_3-dehydroquinate,4
CALVIN-PWY:_Calvin-Benson-Bassham_cycle,PWY-621:_sucrose_degradation_III_(sucrose_invertase),1
CALVIN-PWY:_Calvin-Benson-Bassham_cycle,PWY-6277:_superpathway_of_5-aminoimidazole_ribonucleotide_biosynthesis,4
CALVIN-PWY:_Calvin-Benson-Bassham_cycle,PWY-6317:_D-galactose_degradation_I_(Leloir_pathway),3
CALVIN-PWY:_Calvin-Benson-Bassham_cycle,PWY-6385:_peptidoglycan_biosynthesis_III_(mycobacteria),3
CALVIN-PWY:_Calvin-Benson-Bassham_cycle,PWY-6386:_UDP-N-acetylmuramoyl-pentapeptide_biosynthesis_II_(lysine-containing),3
CALVIN-PWY:_Calvin-Benson-Bassham_cycle,PWY-6387:_UDP-N-acetylmuramoyl-pentapeptide_biosynthesis_I_(meso-diaminopimelate_containing),4
CALVIN-PWY:_Calvin-Benson-Bassham_cycle,PWY-6527:_stachyose_degradation,2
CALVIN-PWY:_Calvin-Benson-Bassham_cycle,PWY-6606:_guanosine_nucleotides_degradation_II,1
CALVIN-PWY:_Calvin-Benson-Bassham_cycle,PWY-6608:_guanosine_nucleotides_degradation_III,1
CALVIN-PWY:_Calvin-Benson-Bassham_cycle,PWY-6609:_adenine_and_adenosine_salvage_III,3
CALVIN-PWY:_Calvin-Benson-Bassham_cycle,PWY-6700:_queuosine_biosynthesis_I_(de_novo),3
CALVIN-PWY:_Calvin-Benson-Bassham_cycle,PWY-6823:_molybdopterin_biosynthesis,3
CALVIN-PWY:_Calvin-Benson-Bassham_cycle,PWY-6897:_thiamine_diphosphate_salvage_II,1
CALVIN-PWY:_Calvin-Benson-Bassham_cycle,PWY-6936:_seleno-amino_acid_biosynthesis_(plants),1
CALVIN-PWY:_Calvin-Benson-Bassham_cycle,PWY-7111:_pyruvate_fermentation_to_isobutanol_(engineered),4
CALVIN-PWY:_Calvin-Benson-Bassham_cycle,PWY-7208:_superpathway_of_pyrimidine_nucleobases_salvage,1
CALVIN-PWY:_Calvin-Benson-Bassham_cycle,PWY-7221:_guanosine_ribonucleotides_de_novo_biosynthesis,4
CALVIN-PWY:_Calvin-Benson-Bassham_cycle,PWY-7237:_myo-,_chiro-_and_scyllo-inositol_degradation,3
CALVIN-PWY:_Calvin-Benson-Bassham_cycle,PWY-7238:_sucrose_biosynthesis_II,4
CALVIN-PWY:_Calvin-Benson-Bassham_cycle,PWY-724:_superpathway_of_L-lysine,_L-threonine_and_L-methionine_biosynthesis_II,1
CALVIN-PWY:_Calvin-Benson-Bassham_cycle,PWY-7315:_dTDP-N-acetylthomosamine_biosynthesis,1
CALVIN-PWY:_Calvin-Benson-Bassham_cycle,PWY-7357:_thiamine_phosphate_formation_from_pyrithiamine_and_oxythiamine_(yeast),4
CALVIN-PWY:_Calvin-Benson-Bassham_cycle,PWY-7790:_UMP_biosynthesis_II,4
CALVIN-PWY:_Calvin-Benson-Bassham_cycle,PWY-7791:_UMP_biosynthesis_III,4
CALVIN-PWY:_Calvin-Benson-Bassham_cycle,PWY-7851:_coenzyme_A_biosynthesis_II_(eukaryotic),4
CALVIN-PWY:_Calvin-Benson-Bassham_cycle,PWY-7953:_UDP-N-acetylmuramoyl-pentapeptide_biosynthesis_III_(meso-diaminopimelate_containing),4
CALVIN-PWY:_Calvin-Benson-Bassham_cycle,PWY-7977:_L-methionine_biosynthesis_IV,1
CALVIN-PWY:_Calvin-Benson-Bassham_cycle,PWY-8178:_pentose_phosphate_pathway_(non-oxidative_branch)_II,4
CALVIN-PWY:_Calvin-Benson-Bassham_cycle,PWY0-1061:_superpathway_of_L-alanine_biosynthesis,2
CALVIN-PWY:_Calvin-Benson-Bassham_cycle,PWY0-1296:_purine_ribonucleosides_degradation,3
CALVIN-PWY:_Calvin-Benson-Bassham_cycle,PWY0-1319:_CDP-diacylglycerol_biosynthesis_II,4
CALVIN-PWY:_Calvin-Benson-Bassham_cycle,PWY0-1586:_peptidoglycan_maturation_(meso-diaminopimelate_containing),1
CALVIN-PWY:_Calvin-Benson-Bassham_cycle,PWY4FS-7:_phosphatidylglycerol_biosynthesis_I_(plastidic),1
CALVIN-PWY:_Calvin-Benson-Bassham_cycle,PWY4FS-8:_phosphatidylglycerol_biosynthesis_II_(non-plastidic),1
CALVIN-PWY:_Calvin-Benson-Bassham_cycle,PYRIDNUCSYN-PWY:_NAD_de_novo_biosynthesis_I_(from_aspartate),1
CALVIN-PWY:_Calvin-Benson-Bassham_cycle,RIBOSYN2-PWY:_flavin_biosynthesis_I_(bacteria_and_plants),2
CALVIN-PWY:_Calvin-Benson-Bassham_cycle,SER-GLYSYN-PWY:_superpathway_of_L-serine_and_glycine_biosynthesis_I,3
CALVIN-PWY:_Calvin-Benson-Bassham_cycle,THISYNARA-PWY:_superpathway_of_thiamine_diphosphate_biosynthesis_III_(eukaryotes),4
CALVIN-PWY:_Calvin-Benson-Bassham_cycle,THRESYN-PWY:_superpathway_of_L-threonine_biosynthesis,1
CALVIN-PWY:_Calvin-Benson-Bassham_cycle,TRNA-CHARGING-PWY:_tRNA_charging,2
CALVIN-PWY:_Calvin-Benson-Bassham_cycle,VALSYN-PWY:_L-valine_biosynthesis,4
CITRULBIO-PWY:_L-citrulline_biosynthesis,COA-PWY:_coenzyme_A_biosynthesis_I_(prokaryotic),2
CITRULBIO-PWY:_L-citrulline_biosynthesis,DTDPRHAMSYN-PWY:_dTDP-&beta;-L-rhamnose_biosynthesis,2
CITRULBIO-PWY:_L-citrulline_biosynthesis,FASYN-ELONG-PWY:_fatty_acid_elongation_--_saturated,2
CITRULBIO-PWY:_L-citrulline_biosynthesis,GLUTORN-PWY:_L-ornithine_biosynthesis_I,1
CITRULBIO-PWY:_L-citrulline_biosynthesis,HISDEG-PWY:_L-histidine_degradation_I,2
CITRULBIO-PWY:_L-citrulline_biosynthesis,HISTSYN-PWY:_L-histidine_biosynthesis,1
CITRULBIO-PWY:_L-citrulline_biosynthesis,NONMEVIPP-PWY:_methylerythritol_phosphate_pathway_I,2
CITRULBIO-PWY:_L-citrulline_biosynthesis,PANTO-PWY:_phosphopantothenate_biosynthesis_I,1
CITRULBIO-PWY:_L-citrulline_biosynthesis,PEPTIDOGLYCANSYN-PWY:_peptidoglycan_biosynthesis_I_(meso-diaminopimelate_containing),2
CITRULBIO-PWY:_L-citrulline_biosynthesis,PWY-2942:_L-lysine_biosynthesis_III,2
CITRULBIO-PWY:_L-citrulline_biosynthesis,PWY-3841:_folate_transformations_II_(plants),1
CITRULBIO-PWY:_L-citrulline_biosynthesis,PWY-4984:_urea_cycle,2
CITRULBIO-PWY:_L-citrulline_biosynthesis,PWY-5030:_L-histidine_degradation_III,2
CITRULBIO-PWY:_L-citrulline_biosynthesis,PWY-5097:_L-lysine_biosynthesis_VI,2
CITRULBIO-PWY:_L-citrulline_biosynthesis,PWY-5154:_L-arginine_biosynthesis_III_(via_N-acetyl-L-citrulline),1
CITRULBIO-PWY:_L-citrulline_biosynthesis,PWY-5667:_CDP-diacylglycerol_biosynthesis_I,2
CITRULBIO-PWY:_L-citrulline_biosynthesis,PWY-5686:_UMP_biosynthesis_I,2
CITRULBIO-PWY:_L-citrulline_biosynthesis,PWY-5695:_inosine_5'-phosphate_degradation,2
CITRULBIO-PWY:_L-citrulline_biosynthesis,PWY-5973:_cis-vaccenate_biosynthesis,2
CITRULBIO-PWY:_L-citrulline_biosynthesis,PWY-5989:_stearate_biosynthesis_II_(bacteria_and_plants),2
CITRULBIO-PWY:_L-citrulline_biosynthesis,PWY-6121:_5-aminoimidazole_ribonucleotide_biosynthesis_I,2
CITRULBIO-PWY:_L-citrulline_biosynthesis,PWY-6122:_5-aminoimidazole_ribonucleotide_biosynthesis_II,2
CITRULBIO-PWY:_L-citrulline_biosynthesis,PWY-6123:_inosine-5'-phosphate_biosynthesis_I,2
CITRULBIO-PWY:_L-citrulline_biosynthesis,PWY-6124:_inosine-5'-phosphate_biosynthesis_II,2
CITRULBIO-PWY:_L-citrulline_biosynthesis,PWY-6163:_chorismate_biosynthesis_from_3-dehydroquinate,1
CITRULBIO-PWY:_L-citrulline_biosynthesis,PWY-6277:_superpathway_of_5-aminoimidazole_ribonucleotide_biosynthesis,2
CITRULBIO-PWY:_L-citrulline_biosynthesis,PWY-6282:_palmitoleate_biosynthesis_I_(from_(5Z)-dodec-5-enoate),2
CITRULBIO-PWY:_L-citrulline_biosynthesis,PWY-6385:_peptidoglycan_biosynthesis_III_(mycobacteria),1
CITRULBIO-PWY:_L-citrulline_biosynthesis,PWY-6386:_UDP-N-acetylmuramoyl-pentapeptide_biosynthesis_II_(lysine-containing),1
CITRULBIO-PWY:_L-citrulline_biosynthesis,PWY-6387:_UDP-N-acetylmuramoyl-pentapeptide_biosynthesis_I_(meso-diaminopimelate_containing),2
CITRULBIO-PWY:_L-citrulline_biosynthesis,PWY-6609:_adenine_and_adenosine_salvage_III,2
CITRULBIO-PWY:_L-citrulline_biosynthesis,PWY-7221:_guanosine_ribonucleotides_de_novo_biosynthesis,2
CITRULBIO-PWY:_L-citrulline_biosynthesis,PWY-7234:_inosine-5'-phosphate_biosynthesis_III,2
CITRULBIO-PWY:_L-citrulline_biosynthesis,PWY-7663:_gondoate_biosynthesis_(anaerobic),2
CITRULBIO-PWY:_L-citrulline_biosynthesis,PWY-7664:_oleate_biosynthesis_IV_(anaerobic),2
CITRULBIO-PWY:_L-citrulline_biosynthesis,PWY-7790:_UMP_biosynthesis_II,2
CITRULBIO-PWY:_L-citrulline_biosynthesis,PWY-7791:_UMP_biosynthesis_III,2
CITRULBIO-PWY:_L-citrulline_biosynthesis,PWY-7851:_coenzyme_A_biosynthesis_II_(eukaryotic),1
CITRULBIO-PWY:_L-citrulline_biosynthesis,PWY-7953:_UDP-N-acetylmuramoyl-pentapeptide_biosynthesis_III_(meso-diaminopimelate_containing),2
CITRULBIO-PWY:_L-citrulline_biosynthesis,PWY-7977:_L-methionine_biosynthesis_IV,2
CITRULBIO-PWY:_L-citrulline_biosynthesis,PWY0-1319:_CDP-diacylglycerol_biosynthesis_II,2
CITRULBIO-PWY:_L-citrulline_biosynthesis,PWY0-862:_(5Z)-dodecenoate_biosynthesis_I,2
CITRULBIO-PWY:_L-citrulline_biosynthesis,PYRIDNUCSYN-PWY:_NAD_de_novo_biosynthesis_I_(from_aspartate),1
CITRULBIO-PWY:_L-citrulline_biosynthesis,SER-GLYSYN-PWY:_superpathway_of_L-serine_and_glycine_biosynthesis_I,2
CITRULBIO-PWY:_L-citrulline_biosynthesis,TRNA-CHARGING-PWY:_tRNA_charging,1
CITRULBIO-PWY:_L-citrulline_biosynthesis,VALSYN-PWY:_L-valine_biosynthesis,2
COA-PWY-1:_superpathway_of_coenzyme_A_biosynthesis_III_(mammals),COA-PWY:_coenzyme_A_biosynthesis_I_(prokaryotic),20
COA-PWY-1:_superpathway_of_coenzyme_A_biosynthesis_III_(mammals),COBALSYN-PWY:_superpathway_of_adenosylcobalamin_salvage_from_cobinamide_I,3
COA-PWY-1:_superpathway_of_coenzyme_A_biosynthesis_III_(mammals),COMPLETE-ARO-PWY:_superpathway_of_aromatic_amino_acid_biosynthesis,8
COA-PWY-1:_superpathway_of_coenzyme_A_biosynthesis_III_(mammals),DTDPRHAMSYN-PWY:_dTDP-&beta;-L-rhamnose_biosynthesis,20
COA-PWY-1:_superpathway_of_coenzyme_A_biosynthesis_III_(mammals),FASYN-ELONG-PWY:_fatty_acid_elongation_--_saturated,1
COA-PWY-1:_superpathway_of_coenzyme_A_biosynthesis_III_(mammals),GALACTUROCAT-PWY:_D-galacturonate_degradation_I,1
COA-PWY-1:_superpathway_of_coenzyme_A_biosynthesis_III_(mammals),GLCMANNANAUT-PWY:_superpathway_of_N-acetylglucosamine,_N-acetylmannosamine_and_N-acetylneuraminate_degradation,1
COA-PWY-1:_superpathway_of_coenzyme_A_biosynthesis_III_(mammals),GLUCONEO-PWY:_gluconeogenesis_I,1
COA-PWY-1:_superpathway_of_coenzyme_A_biosynthesis_III_(mammals),GLUCUROCAT-PWY:_superpathway_of_&beta;-D-glucuronosides_degradation,1
COA-PWY-1:_superpathway_of_coenzyme_A_biosynthesis_III_(mammals),GLUTORN-PWY:_L-ornithine_biosynthesis_I,5
COA-PWY-1:_superpathway_of_coenzyme_A_biosynthesis_III_(mammals),GLYCOGENSYNTH-PWY:_glycogen_biosynthesis_I_(from_ADP-D-Glucose),9
COA-PWY-1:_superpathway_of_coenzyme_A_biosynthesis_III_(mammals),GLYCOLYSIS:_glycolysis_I_(from_glucose_6-phosphate),1
COA-PWY-1:_superpathway_of_coenzyme_A_biosynthesis_III_(mammals),HISDEG-PWY:_L-histidine_degradation_I,12
COA-PWY-1:_superpathway_of_coenzyme_A_biosynthesis_III_(mammals),HISTSYN-PWY:_L-histidine_biosynthesis,15
COA-PWY-1:_superpathway_of_coenzyme_A_biosynthesis_III_(mammals),HSERMETANA-PWY:_L-methionine_biosynthesis_III,4
COA-PWY-1:_superpathway_of_coenzyme_A_biosynthesis_III_(mammals),ILEUSYN-PWY:_L-isoleucine_biosynthesis_I_(from_threonine),13
COA-PWY-1:_superpathway_of_coenzyme_A_biosynthesis_III_(mammals),NAGLIPASYN-PWY:_lipid_IVA_biosynthesis_(E._coli),3
COA-PWY-1:_superpathway_of_coenzyme_A_biosynthesis_III_(mammals),NONMEVIPP-PWY:_methylerythritol_phosphate_pathway_I,18
COA-PWY-1:_superpathway_of_coenzyme_A_biosynthesis_III_(mammals),NONOXIPENT-PWY:_pentose_phosphate_pathway_(non-oxidative_branch)_I,5
COA-PWY-1:_superpathway_of_coenzyme_A_biosynthesis_III_(mammals),OANTIGEN-PWY:_O-antigen_building_blocks_biosynthesis_(E._coli),1
COA-PWY-1:_superpathway_of_coenzyme_A_biosynthesis_III_(mammals),P41-PWY:_pyruvate_fermentation_to_acetate_and_(S)-lactate_I,4
COA-PWY-1:_superpathway_of_coenzyme_A_biosynthesis_III_(mammals),PANTO-PWY:_phosphopantothenate_biosynthesis_I,19
COA-PWY-1:_superpathway_of_coenzyme_A_biosynthesis_III_(mammals),PANTOSYN-PWY:_superpathway_of_coenzyme_A_biosynthesis_I_(bacteria),19
COA-PWY-1:_superpathway_of_coenzyme_A_biosynthesis_III_(mammals),PENTOSE-P-PWY:_pentose_phosphate_pathway,2
COA-PWY-1:_superpathway_of_coenzyme_A_biosynthesis_III_(mammals),PEPTIDOGLYCANSYN-PWY:_peptidoglycan_biosynthesis_I_(meso-diaminopimelate_containing),19
COA-PWY-1:_superpathway_of_coenzyme_A_biosynthesis_III_(mammals),PWY-1042:_glycolysis_IV,11
COA-PWY-1:_superpathway_of_coenzyme_A_biosynthesis_III_(mammals),PWY-1269:_CMP-3-deoxy-D-manno-octulosonate_biosynthesis,5
COA-PWY-1:_superpathway_of_coenzyme_A_biosynthesis_III_(mammals),PWY-2942:_L-lysine_biosynthesis_III,13
COA-PWY-1:_superpathway_of_coenzyme_A_biosynthesis_III_(mammals),PWY-3841:_folate_transformations_II_(plants),17
COA-PWY-1:_superpathway_of_coenzyme_A_biosynthesis_III_(mammals),PWY-5030:_L-histidine_degradation_III,9
COA-PWY-1:_superpathway_of_coenzyme_A_biosynthesis_III_(mammals),PWY-5097:_L-lysine_biosynthesis_VI,12
COA-PWY-1:_superpathway_of_coenzyme_A_biosynthesis_III_(mammals),PWY-5100:_pyruvate_fermentation_to_acetate_and_lactate_II,4
COA-PWY-1:_superpathway_of_coenzyme_A_biosynthesis_III_(mammals),PWY-5103:_L-isoleucine_biosynthesis_III,13
COA-PWY-1:_superpathway_of_coenzyme_A_biosynthesis_III_(mammals),PWY-5121:_superpathway_of_geranylgeranyl_diphosphate_biosynthesis_II_(via_MEP),2
COA-PWY-1:_superpathway_of_coenzyme_A_biosynthesis_III_(mammals),PWY-5130:_2-oxobutanoate_degradation_I,1
COA-PWY-1:_superpathway_of_coenzyme_A_biosynthesis_III_(mammals),PWY-5188:_tetrapyrrole_biosynthesis_I_(from_glutamate),1
COA-PWY-1:_superpathway_of_coenzyme_A_biosynthesis_III_(mammals),PWY-5384:_sucrose_degradation_IV_(sucrose_phosphorylase),4
COA-PWY-1:_superpathway_of_coenzyme_A_biosynthesis_III_(mammals),PWY-5484:_glycolysis_II_(from_fructose_6-phosphate),1
COA-PWY-1:_superpathway_of_coenzyme_A_biosynthesis_III_(mammals),PWY-5659:_GDP-mannose_biosynthesis,3
COA-PWY-1:_superpathway_of_coenzyme_A_biosynthesis_III_(mammals),PWY-5667:_CDP-diacylglycerol_biosynthesis_I,15
COA-PWY-1:_superpathway_of_coenzyme_A_biosynthesis_III_(mammals),PWY-5686:_UMP_biosynthesis_I,19
COA-PWY-1:_superpathway_of_coenzyme_A_biosynthesis_III_(mammals),PWY-5695:_inosine_5'-phosphate_degradation,15
COA-PWY-1:_superpathway_of_coenzyme_A_biosynthesis_III_(mammals),PWY-5941:_glycogen_degradation_II,7
COA-PWY-1:_superpathway_of_coenzyme_A_biosynthesis_III_(mammals),PWY-5973:_cis-vaccenate_biosynthesis,10
COA-PWY-1:_superpathway_of_coenzyme_A_biosynthesis_III_(mammals),PWY-5989:_stearate_biosynthesis_II_(bacteria_and_plants),1
COA-PWY-1:_superpathway_of_coenzyme_A_biosynthesis_III_(mammals),PWY-6121:_5-aminoimidazole_ribonucleotide_biosynthesis_I,19
COA-PWY-1:_superpathway_of_coenzyme_A_biosynthesis_III_(mammals),PWY-6122:_5-aminoimidazole_ribonucleotide_biosynthesis_II,19
COA-PWY-1:_superpathway_of_coenzyme_A_biosynthesis_III_(mammals),PWY-6123:_inosine-5'-phosphate_biosynthesis_I,15
COA-PWY-1:_superpathway_of_coenzyme_A_biosynthesis_III_(mammals),PWY-6124:_inosine-5'-phosphate_biosynthesis_II,15
COA-PWY-1:_superpathway_of_coenzyme_A_biosynthesis_III_(mammals),PWY-6125:_superpathway_of_guanosine_nucleotides_de_novo_biosynthesis_II,9
COA-PWY-1:_superpathway_of_coenzyme_A_biosynthesis_III_(mammals),PWY-6126:_superpathway_of_adenosine_nucleotides_de_novo_biosynthesis_II,9
COA-PWY-1:_superpathway_of_coenzyme_A_biosynthesis_III_(mammals),PWY-6143:_CMP-pseudaminate_biosynthesis,1
COA-PWY-1:_superpathway_of_coenzyme_A_biosynthesis_III_(mammals),PWY-6147:_6-hydroxymethyl-dihydropterin_diphosphate_biosynthesis_I,10
COA-PWY-1:_superpathway_of_coenzyme_A_biosynthesis_III_(mammals),PWY-6151:_S-adenosyl-L-methionine_salvage_I,9
COA-PWY-1:_superpathway_of_coenzyme_A_biosynthesis_III_(mammals),PWY-6163:_chorismate_biosynthesis_from_3-dehydroquinate,18
COA-PWY-1:_superpathway_of_coenzyme_A_biosynthesis_III_(mammals),PWY-621:_sucrose_degradation_III_(sucrose_invertase),4
COA-PWY-1:_superpathway_of_coenzyme_A_biosynthesis_III_(mammals),PWY-6270:_isoprene_biosynthesis_I,6
COA-PWY-1:_superpathway_of_coenzyme_A_biosynthesis_III_(mammals),PWY-6277:_superpathway_of_5-aminoimidazole_ribonucleotide_biosynthesis,19
COA-PWY-1:_superpathway_of_coenzyme_A_biosynthesis_III_(mammals),PWY-6282:_palmitoleate_biosynthesis_I_(from_(5Z)-dodec-5-enoate),1
COA-PWY-1:_superpathway_of_coenzyme_A_biosynthesis_III_(mammals),PWY-6317:_D-galactose_degradation_I_(Leloir_pathway),4
COA-PWY-1:_superpathway_of_coenzyme_A_biosynthesis_III_(mammals),PWY-6385:_peptidoglycan_biosynthesis_III_(mycobacteria),17
COA-PWY-1:_superpathway_of_coenzyme_A_biosynthesis_III_(mammals),PWY-6386:_UDP-N-acetylmuramoyl-pentapeptide_biosynthesis_II_(lysine-containing),18
COA-PWY-1:_superpathway_of_coenzyme_A_biosynthesis_III_(mammals),PWY-6387:_UDP-N-acetylmuramoyl-pentapeptide_biosynthesis_I_(meso-diaminopimelate_containing),19
COA-PWY-1:_superpathway_of_coenzyme_A_biosynthesis_III_(mammals),PWY-6507:_4-deoxy-L-threo-hex-4-enopyranuronate_degradation,1
COA-PWY-1:_superpathway_of_coenzyme_A_biosynthesis_III_(mammals),PWY-6519:_8-amino-7-oxononanoate_biosynthesis_I,1
COA-PWY-1:_superpathway_of_coenzyme_A_biosynthesis_III_(mammals),PWY-6527:_stachyose_degradation,3
COA-PWY-1:_superpathway_of_coenzyme_A_biosynthesis_III_(mammals),PWY-6572:_chondroitin_sulfate_degradation_I_(bacterial),1
COA-PWY-1:_superpathway_of_coenzyme_A_biosynthesis_III_(mammals),PWY-6606:_guanosine_nucleotides_degradation_II,1
COA-PWY-1:_superpathway_of_coenzyme_A_biosynthesis_III_(mammals),PWY-6608:_guanosine_nucleotides_degradation_III,5
COA-PWY-1:_superpathway_of_coenzyme_A_biosynthesis_III_(mammals),PWY-6609:_adenine_and_adenosine_salvage_III,18
COA-PWY-1:_superpathway_of_coenzyme_A_biosynthesis_III_(mammals),PWY-6628:_superpathway_of_L-phenylalanine_biosynthesis,1
COA-PWY-1:_superpathway_of_coenzyme_A_biosynthesis_III_(mammals),PWY-6700:_queuosine_biosynthesis_I_(de_novo),18
COA-PWY-1:_superpathway_of_coenzyme_A_biosynthesis_III_(mammals),PWY-6703:_preQ0_biosynthesis,15
COA-PWY-1:_superpathway_of_coenzyme_A_biosynthesis_III_(mammals),PWY-6823:_molybdopterin_biosynthesis,4
COA-PWY-1:_superpathway_of_coenzyme_A_biosynthesis_III_(mammals),PWY-6897:_thiamine_diphosphate_salvage_II,6
COA-PWY-1:_superpathway_of_coenzyme_A_biosynthesis_III_(mammals),PWY-6902:_chitin_degradation_II_(Vibrio),4
COA-PWY-1:_superpathway_of_coenzyme_A_biosynthesis_III_(mammals),PWY-6936:_seleno-amino_acid_biosynthesis_(plants),1
COA-PWY-1:_superpathway_of_coenzyme_A_biosynthesis_III_(mammals),PWY-7111:_pyruvate_fermentation_to_isobutanol_(engineered),9
COA-PWY-1:_superpathway_of_coenzyme_A_biosynthesis_III_(mammals),PWY-7199:_pyrimidine_deoxyribonucleosides_salvage,10
COA-PWY-1:_superpathway_of_coenzyme_A_biosynthesis_III_(mammals),PWY-7208:_superpathway_of_pyrimidine_nucleobases_salvage,1
COA-PWY-1:_superpathway_of_coenzyme_A_biosynthesis_III_(mammals),PWY-7220:_adenosine_deoxyribonucleotides_de_novo_biosynthesis_II,9
COA-PWY-1:_superpathway_of_coenzyme_A_biosynthesis_III_(mammals),PWY-7221:_guanosine_ribonucleotides_de_novo_biosynthesis,18
COA-PWY-1:_superpathway_of_coenzyme_A_biosynthesis_III_(mammals),PWY-7222:_guanosine_deoxyribonucleotides_de_novo_biosynthesis_II,9
COA-PWY-1:_superpathway_of_coenzyme_A_biosynthesis_III_(mammals),PWY-7228:_superpathway_of_guanosine_nucleotides_de_novo_biosynthesis_I,9
COA-PWY-1:_superpathway_of_coenzyme_A_biosynthesis_III_(mammals),PWY-7229:_superpathway_of_adenosine_nucleotides_de_novo_biosynthesis_I,9
COA-PWY-1:_superpathway_of_coenzyme_A_biosynthesis_III_(mammals),PWY-7234:_inosine-5'-phosphate_biosynthesis_III,1
COA-PWY-1:_superpathway_of_coenzyme_A_biosynthesis_III_(mammals),PWY-7237:_myo-,_chiro-_and_scyllo-inositol_degradation,8
COA-PWY-1:_superpathway_of_coenzyme_A_biosynthesis_III_(mammals),PWY-7238:_sucrose_biosynthesis_II,9
COA-PWY-1:_superpathway_of_coenzyme_A_biosynthesis_III_(mammals),PWY-7242:_D-fructuronate_degradation,1
COA-PWY-1:_superpathway_of_coenzyme_A_biosynthesis_III_(mammals),PWY-724:_superpathway_of_L-lysine,_L-threonine_and_L-methionine_biosynthesis_II,3
COA-PWY-1:_superpathway_of_coenzyme_A_biosynthesis_III_(mammals),PWY-7282:_4-amino-2-methyl-5-diphosphomethylpyrimidine_biosynthesis_II,3
COA-PWY-1:_superpathway_of_coenzyme_A_biosynthesis_III_(mammals),PWY-7312:_dTDP-&beta;-D-fucofuranose_biosynthesis,1
COA-PWY-1:_superpathway_of_coenzyme_A_biosynthesis_III_(mammals),PWY-7315:_dTDP-N-acetylthomosamine_biosynthesis,2
COA-PWY-1:_superpathway_of_coenzyme_A_biosynthesis_III_(mammals),PWY-7316:_dTDP-N-acetylviosamine_biosynthesis,1
COA-PWY-1:_superpathway_of_coenzyme_A_biosynthesis_III_(mammals),PWY-7357:_thiamine_phosphate_formation_from_pyrithiamine_and_oxythiamine_(yeast),9
COA-PWY-1:_superpathway_of_coenzyme_A_biosynthesis_III_(mammals),PWY-7560:_methylerythritol_phosphate_pathway_II,6
COA-PWY-1:_superpathway_of_coenzyme_A_biosynthesis_III_(mammals),PWY-7663:_gondoate_biosynthesis_(anaerobic),10
COA-PWY-1:_superpathway_of_coenzyme_A_biosynthesis_III_(mammals),PWY-7664:_oleate_biosynthesis_IV_(anaerobic),1
COA-PWY-1:_superpathway_of_coenzyme_A_biosynthesis_III_(mammals),PWY-7688:_dTDP-&alpha;-D-ravidosamine_and_dTDP-4-acetyl-&alpha;-D-ravidosamine_biosynthesis,1
COA-PWY-1:_superpathway_of_coenzyme_A_biosynthesis_III_(mammals),PWY-7790:_UMP_biosynthesis_II,19
COA-PWY-1:_superpathway_of_coenzyme_A_biosynthesis_III_(mammals),PWY-7791:_UMP_biosynthesis_III,19
COA-PWY-1:_superpathway_of_coenzyme_A_biosynthesis_III_(mammals),PWY-7851:_coenzyme_A_biosynthesis_II_(eukaryotic),20
COA-PWY-1:_superpathway_of_coenzyme_A_biosynthesis_III_(mammals),PWY-7953:_UDP-N-acetylmuramoyl-pentapeptide_biosynthesis_III_(meso-diaminopimelate_containing),18
COA-PWY-1:_superpathway_of_coenzyme_A_biosynthesis_III_(mammals),PWY-7977:_L-methionine_biosynthesis_IV,16
COA-PWY-1:_superpathway_of_coenzyme_A_biosynthesis_III_(mammals),PWY-8004:_Entner-Doudoroff_pathway_I,1
COA-PWY-1:_superpathway_of_coenzyme_A_biosynthesis_III_(mammals),PWY-8073:_lipid_IVA_biosynthesis_(P._putida),3
COA-PWY-1:_superpathway_of_coenzyme_A_biosynthesis_III_(mammals),PWY-8178:_pentose_phosphate_pathway_(non-oxidative_branch)_II,6
COA-PWY-1:_superpathway_of_coenzyme_A_biosynthesis_III_(mammals),PWY-8187:_L-arginine_degradation_XIII_(reductive_Stickland_reaction),1
COA-PWY-1:_superpathway_of_coenzyme_A_biosynthesis_III_(mammals),PWY0-1061:_superpathway_of_L-alanine_biosynthesis,2
COA-PWY-1:_superpathway_of_coenzyme_A_biosynthesis_III_(mammals),PWY0-1241:_ADP-L-glycero-&beta;-D-manno-heptose_biosynthesis,1
COA-PWY-1:_superpathway_of_coenzyme_A_biosynthesis_III_(mammals),PWY0-1296:_purine_ribonucleosides_degradation,5
COA-PWY-1:_superpathway_of_coenzyme_A_biosynthesis_III_(mammals),PWY0-1319:_CDP-diacylglycerol_biosynthesis_II,15
COA-PWY-1:_superpathway_of_coenzyme_A_biosynthesis_III_(mammals),PWY0-1586:_peptidoglycan_maturation_(meso-diaminopimelate_containing),10
COA-PWY-1:_superpathway_of_coenzyme_A_biosynthesis_III_(mammals),PWY0-162:_superpathway_of_pyrimidine_ribonucleotides_de_novo_biosynthesis,2
COA-PWY-1:_superpathway_of_coenzyme_A_biosynthesis_III_(mammals),PWY0-845:_superpathway_of_pyridoxal_5'-phosphate_biosynthesis_and_salvage,6
COA-PWY-1:_superpathway_of_coenzyme_A_biosynthesis_III_(mammals),PWY0-862:_(5Z)-dodecenoate_biosynthesis_I,1
COA-PWY-1:_superpathway_of_coenzyme_A_biosynthesis_III_(mammals),PWY4FS-7:_phosphatidylglycerol_biosynthesis_I_(plastidic),1
COA-PWY-1:_superpathway_of_coenzyme_A_biosynthesis_III_(mammals),PWY4FS-8:_phosphatidylglycerol_biosynthesis_II_(non-plastidic),1
COA-PWY-1:_superpathway_of_coenzyme_A_biosynthesis_III_(mammals),PWY66-429:_fatty_acid_biosynthesis_initiation_(mitochondria),10
COA-PWY-1:_superpathway_of_coenzyme_A_biosynthesis_III_(mammals),PYRIDNUCSYN-PWY:_NAD_de_novo_biosynthesis_I_(from_aspartate),10
COA-PWY-1:_superpathway_of_coenzyme_A_biosynthesis_III_(mammals),PYRIDOXSYN-PWY:_pyridoxal_5'-phosphate_biosynthesis_I,7
COA-PWY-1:_superpathway_of_coenzyme_A_biosynthesis_III_(mammals),RHAMCAT-PWY:_L-rhamnose_degradation_I,9
COA-PWY-1:_superpathway_of_coenzyme_A_biosynthesis_III_(mammals),RIBOSYN2-PWY:_flavin_biosynthesis_I_(bacteria_and_plants),11
COA-PWY-1:_superpathway_of_coenzyme_A_biosynthesis_III_(mammals),SALVADEHYPOX-PWY:_adenosine_nucleotides_degradation_II,1
COA-PWY-1:_superpathway_of_coenzyme_A_biosynthesis_III_(mammals),SER-GLYSYN-PWY:_superpathway_of_L-serine_and_glycine_biosynthesis_I,15
COA-PWY-1:_superpathway_of_coenzyme_A_biosynthesis_III_(mammals),THISYNARA-PWY:_superpathway_of_thiamine_diphosphate_biosynthesis_III_(eukaryotes),9
COA-PWY-1:_superpathway_of_coenzyme_A_biosynthesis_III_(mammals),THRESYN-PWY:_superpathway_of_L-threonine_biosynthesis,7
COA-PWY-1:_superpathway_of_coenzyme_A_biosynthesis_III_(mammals),TRNA-CHARGING-PWY:_tRNA_charging,16
COA-PWY-1:_superpathway_of_coenzyme_A_biosynthesis_III_(mammals),UDPNAGSYN-PWY:_UDP-N-acetyl-D-glucosamine_biosynthesis_I,1
COA-PWY-1:_superpathway_of_coenzyme_A_biosynthesis_III_(mammals),VALSYN-PWY:_L-valine_biosynthesis,19
COA-PWY:_coenzyme_A_biosynthesis_I_(prokaryotic),COBALSYN-PWY:_superpathway_of_adenosylcobalamin_salvage_from_cobinamide_I,3
COA-PWY:_coenzyme_A_biosynthesis_I_(prokaryotic),COMPLETE-ARO-PWY:_superpathway_of_aromatic_amino_acid_biosynthesis,8
COA-PWY:_coenzyme_A_biosynthesis_I_(prokaryotic),DTDPRHAMSYN-PWY:_dTDP-&beta;-L-rhamnose_biosynthesis,23
COA-PWY:_coenzyme_A_biosynthesis_I_(prokaryotic),FASYN-ELONG-PWY:_fatty_acid_elongation_--_saturated,3
COA-PWY:_coenzyme_A_biosynthesis_I_(prokaryotic),GALACTUROCAT-PWY:_D-galacturonate_degradation_I,1
COA-PWY:_coenzyme_A_biosynthesis_I_(prokaryotic),GLCMANNANAUT-PWY:_superpathway_of_N-acetylglucosamine,_N-acetylmannosamine_and_N-acetylneuraminate_degradation,1
COA-PWY:_coenzyme_A_biosynthesis_I_(prokaryotic),GLUCONEO-PWY:_gluconeogenesis_I,1
COA-PWY:_coenzyme_A_biosynthesis_I_(prokaryotic),GLUCUROCAT-PWY:_superpathway_of_&beta;-D-glucuronosides_degradation,1
COA-PWY:_coenzyme_A_biosynthesis_I_(prokaryotic),GLUTORN-PWY:_L-ornithine_biosynthesis_I,8
COA-PWY:_coenzyme_A_biosynthesis_I_(prokaryotic),GLYCOGENSYNTH-PWY:_glycogen_biosynthesis_I_(from_ADP-D-Glucose),13
COA-PWY:_coenzyme_A_biosynthesis_I_(prokaryotic),GLYCOLYSIS:_glycolysis_I_(from_glucose_6-phosphate),1
COA-PWY:_coenzyme_A_biosynthesis_I_(prokaryotic),HISDEG-PWY:_L-histidine_degradation_I,14
COA-PWY:_coenzyme_A_biosynthesis_I_(prokaryotic),HISTSYN-PWY:_L-histidine_biosynthesis,16
COA-PWY:_coenzyme_A_biosynthesis_I_(prokaryotic),HSERMETANA-PWY:_L-methionine_biosynthesis_III,5
COA-PWY:_coenzyme_A_biosynthesis_I_(prokaryotic),ILEUSYN-PWY:_L-isoleucine_biosynthesis_I_(from_threonine),14
COA-PWY:_coenzyme_A_biosynthesis_I_(prokaryotic),NAGLIPASYN-PWY:_lipid_IVA_biosynthesis_(E._coli),3
COA-PWY:_coenzyme_A_biosynthesis_I_(prokaryotic),NONMEVIPP-PWY:_methylerythritol_phosphate_pathway_I,22
COA-PWY:_coenzyme_A_biosynthesis_I_(prokaryotic),NONOXIPENT-PWY:_pentose_phosphate_pathway_(non-oxidative_branch)_I,6
COA-PWY:_coenzyme_A_biosynthesis_I_(prokaryotic),OANTIGEN-PWY:_O-antigen_building_blocks_biosynthesis_(E._coli),1
COA-PWY:_coenzyme_A_biosynthesis_I_(prokaryotic),P41-PWY:_pyruvate_fermentation_to_acetate_and_(S)-lactate_I,5
COA-PWY:_coenzyme_A_biosynthesis_I_(prokaryotic),PANTO-PWY:_phosphopantothenate_biosynthesis_I,20
COA-PWY:_coenzyme_A_biosynthesis_I_(prokaryotic),PANTOSYN-PWY:_superpathway_of_coenzyme_A_biosynthesis_I_(bacteria),19
COA-PWY:_coenzyme_A_biosynthesis_I_(prokaryotic),PENTOSE-P-PWY:_pentose_phosphate_pathway,2
COA-PWY:_coenzyme_A_biosynthesis_I_(prokaryotic),PEPTIDOGLYCANSYN-PWY:_peptidoglycan_biosynthesis_I_(meso-diaminopimelate_containing),23
COA-PWY:_coenzyme_A_biosynthesis_I_(prokaryotic),PWY-1042:_glycolysis_IV,11
COA-PWY:_coenzyme_A_biosynthesis_I_(prokaryotic),PWY-1269:_CMP-3-deoxy-D-manno-octulosonate_biosynthesis,5
COA-PWY:_coenzyme_A_biosynthesis_I_(prokaryotic),PWY-2942:_L-lysine_biosynthesis_III,16
COA-PWY:_coenzyme_A_biosynthesis_I_(prokaryotic),PWY-3841:_folate_transformations_II_(plants),18
COA-PWY:_coenzyme_A_biosynthesis_I_(prokaryotic),PWY-4984:_urea_cycle,2
COA-PWY:_coenzyme_A_biosynthesis_I_(prokaryotic),PWY-5030:_L-histidine_degradation_III,11
COA-PWY:_coenzyme_A_biosynthesis_I_(prokaryotic),PWY-5097:_L-lysine_biosynthesis_VI,15
COA-PWY:_coenzyme_A_biosynthesis_I_(prokaryotic),PWY-5100:_pyruvate_fermentation_to_acetate_and_lactate_II,5
COA-PWY:_coenzyme_A_biosynthesis_I_(prokaryotic),PWY-5103:_L-isoleucine_biosynthesis_III,14
COA-PWY:_coenzyme_A_biosynthesis_I_(prokaryotic),PWY-5121:_superpathway_of_geranylgeranyl_diphosphate_biosynthesis_II_(via_MEP),2
COA-PWY:_coenzyme_A_biosynthesis_I_(prokaryotic),PWY-5130:_2-oxobutanoate_degradation_I,1
COA-PWY:_coenzyme_A_biosynthesis_I_(prokaryotic),PWY-5154:_L-arginine_biosynthesis_III_(via_N-acetyl-L-citrulline),1
COA-PWY:_coenzyme_A_biosynthesis_I_(prokaryotic),PWY-5188:_tetrapyrrole_biosynthesis_I_(from_glutamate),1
COA-PWY:_coenzyme_A_biosynthesis_I_(prokaryotic),PWY-5384:_sucrose_degradation_IV_(sucrose_phosphorylase),4
COA-PWY:_coenzyme_A_biosynthesis_I_(prokaryotic),PWY-5484:_glycolysis_II_(from_fructose_6-phosphate),1
COA-PWY:_coenzyme_A_biosynthesis_I_(prokaryotic),PWY-5659:_GDP-mannose_biosynthesis,3
COA-PWY:_coenzyme_A_biosynthesis_I_(prokaryotic),PWY-5667:_CDP-diacylglycerol_biosynthesis_I,18
COA-PWY:_coenzyme_A_biosynthesis_I_(prokaryotic),PWY-5686:_UMP_biosynthesis_I,22
COA-PWY:_coenzyme_A_biosynthesis_I_(prokaryotic),PWY-5695:_inosine_5'-phosphate_degradation,18
COA-PWY:_coenzyme_A_biosynthesis_I_(prokaryotic),PWY-5941:_glycogen_degradation_II,8
COA-PWY:_coenzyme_A_biosynthesis_I_(prokaryotic),PWY-5973:_cis-vaccenate_biosynthesis,12
COA-PWY:_coenzyme_A_biosynthesis_I_(prokaryotic),PWY-5989:_stearate_biosynthesis_II_(bacteria_and_plants),3
COA-PWY:_coenzyme_A_biosynthesis_I_(prokaryotic),PWY-6121:_5-aminoimidazole_ribonucleotide_biosynthesis_I,22
COA-PWY:_coenzyme_A_biosynthesis_I_(prokaryotic),PWY-6122:_5-aminoimidazole_ribonucleotide_biosynthesis_II,22
COA-PWY:_coenzyme_A_biosynthesis_I_(prokaryotic),PWY-6123:_inosine-5'-phosphate_biosynthesis_I,17
COA-PWY:_coenzyme_A_biosynthesis_I_(prokaryotic),PWY-6124:_inosine-5'-phosphate_biosynthesis_II,17
COA-PWY:_coenzyme_A_biosynthesis_I_(prokaryotic),PWY-6125:_superpathway_of_guanosine_nucleotides_de_novo_biosynthesis_II,9
COA-PWY:_coenzyme_A_biosynthesis_I_(prokaryotic),PWY-6126:_superpathway_of_adenosine_nucleotides_de_novo_biosynthesis_II,9
COA-PWY:_coenzyme_A_biosynthesis_I_(prokaryotic),PWY-6143:_CMP-pseudaminate_biosynthesis,1
COA-PWY:_coenzyme_A_biosynthesis_I_(prokaryotic),PWY-6147:_6-hydroxymethyl-dihydropterin_diphosphate_biosynthesis_I,10
COA-PWY:_coenzyme_A_biosynthesis_I_(prokaryotic),PWY-6151:_S-adenosyl-L-methionine_salvage_I,11
COA-PWY:_coenzyme_A_biosynthesis_I_(prokaryotic),PWY-6163:_chorismate_biosynthesis_from_3-dehydroquinate,21
COA-PWY:_coenzyme_A_biosynthesis_I_(prokaryotic),PWY-621:_sucrose_degradation_III_(sucrose_invertase),4
COA-PWY:_coenzyme_A_biosynthesis_I_(prokaryotic),PWY-6270:_isoprene_biosynthesis_I,7
COA-PWY:_coenzyme_A_biosynthesis_I_(prokaryotic),PWY-6277:_superpathway_of_5-aminoimidazole_ribonucleotide_biosynthesis,22
COA-PWY:_coenzyme_A_biosynthesis_I_(prokaryotic),PWY-6282:_palmitoleate_biosynthesis_I_(from_(5Z)-dodec-5-enoate),3
COA-PWY:_coenzyme_A_biosynthesis_I_(prokaryotic),PWY-6317:_D-galactose_degradation_I_(Leloir_pathway),6
COA-PWY:_coenzyme_A_biosynthesis_I_(prokaryotic),PWY-6385:_peptidoglycan_biosynthesis_III_(mycobacteria),20
COA-PWY:_coenzyme_A_biosynthesis_I_(prokaryotic),PWY-6386:_UDP-N-acetylmuramoyl-pentapeptide_biosynthesis_II_(lysine-containing),22
COA-PWY:_coenzyme_A_biosynthesis_I_(prokaryotic),PWY-6387:_UDP-N-acetylmuramoyl-pentapeptide_biosynthesis_I_(meso-diaminopimelate_containing),23
COA-PWY:_coenzyme_A_biosynthesis_I_(prokaryotic),PWY-6507:_4-deoxy-L-threo-hex-4-enopyranuronate_degradation,1
COA-PWY:_coenzyme_A_biosynthesis_I_(prokaryotic),PWY-6519:_8-amino-7-oxononanoate_biosynthesis_I,1
COA-PWY:_coenzyme_A_biosynthesis_I_(prokaryotic),PWY-6527:_stachyose_degradation,4
COA-PWY:_coenzyme_A_biosynthesis_I_(prokaryotic),PWY-6572:_chondroitin_sulfate_degradation_I_(bacterial),1
COA-PWY:_coenzyme_A_biosynthesis_I_(prokaryotic),PWY-6606:_guanosine_nucleotides_degradation_II,1
COA-PWY:_coenzyme_A_biosynthesis_I_(prokaryotic),PWY-6608:_guanosine_nucleotides_degradation_III,5
COA-PWY:_coenzyme_A_biosynthesis_I_(prokaryotic),PWY-6609:_adenine_and_adenosine_salvage_III,22
COA-PWY:_coenzyme_A_biosynthesis_I_(prokaryotic),PWY-6628:_superpathway_of_L-phenylalanine_biosynthesis,1
COA-PWY:_coenzyme_A_biosynthesis_I_(prokaryotic),PWY-6700:_queuosine_biosynthesis_I_(de_novo),19
COA-PWY:_coenzyme_A_biosynthesis_I_(prokaryotic),PWY-6703:_preQ0_biosynthesis,16
COA-PWY:_coenzyme_A_biosynthesis_I_(prokaryotic),PWY-6731:_starch_degradation_III,2
COA-PWY:_coenzyme_A_biosynthesis_I_(prokaryotic),PWY-6823:_molybdopterin_biosynthesis,4
COA-PWY:_coenzyme_A_biosynthesis_I_(prokaryotic),PWY-6897:_thiamine_diphosphate_salvage_II,6
COA-PWY:_coenzyme_A_biosynthesis_I_(prokaryotic),PWY-6902:_chitin_degradation_II_(Vibrio),5
COA-PWY:_coenzyme_A_biosynthesis_I_(prokaryotic),PWY-6936:_seleno-amino_acid_biosynthesis_(plants),2
COA-PWY:_coenzyme_A_biosynthesis_I_(prokaryotic),PWY-7111:_pyruvate_fermentation_to_isobutanol_(engineered),9
COA-PWY:_coenzyme_A_biosynthesis_I_(prokaryotic),PWY-7199:_pyrimidine_deoxyribonucleosides_salvage,10
COA-PWY:_coenzyme_A_biosynthesis_I_(prokaryotic),PWY-7208:_superpathway_of_pyrimidine_nucleobases_salvage,1
COA-PWY:_coenzyme_A_biosynthesis_I_(prokaryotic),PWY-7220:_adenosine_deoxyribonucleotides_de_novo_biosynthesis_II,9
COA-PWY:_coenzyme_A_biosynthesis_I_(prokaryotic),PWY-7221:_guanosine_ribonucleotides_de_novo_biosynthesis,23
COA-PWY:_coenzyme_A_biosynthesis_I_(prokaryotic),PWY-7222:_guanosine_deoxyribonucleotides_de_novo_biosynthesis_II,9
COA-PWY:_coenzyme_A_biosynthesis_I_(prokaryotic),PWY-7228:_superpathway_of_guanosine_nucleotides_de_novo_biosynthesis_I,9
COA-PWY:_coenzyme_A_biosynthesis_I_(prokaryotic),PWY-7229:_superpathway_of_adenosine_nucleotides_de_novo_biosynthesis_I,9
COA-PWY:_coenzyme_A_biosynthesis_I_(prokaryotic),PWY-7234:_inosine-5'-phosphate_biosynthesis_III,3
COA-PWY:_coenzyme_A_biosynthesis_I_(prokaryotic),PWY-7237:_myo-,_chiro-_and_scyllo-inositol_degradation,9
COA-PWY:_coenzyme_A_biosynthesis_I_(prokaryotic),PWY-7238:_sucrose_biosynthesis_II,11
COA-PWY:_coenzyme_A_biosynthesis_I_(prokaryotic),PWY-7242:_D-fructuronate_degradation,1
COA-PWY:_coenzyme_A_biosynthesis_I_(prokaryotic),PWY-724:_superpathway_of_L-lysine,_L-threonine_and_L-methionine_biosynthesis_II,4
COA-PWY:_coenzyme_A_biosynthesis_I_(prokaryotic),PWY-7282:_4-amino-2-methyl-5-diphosphomethylpyrimidine_biosynthesis_II,3
COA-PWY:_coenzyme_A_biosynthesis_I_(prokaryotic),PWY-7312:_dTDP-&beta;-D-fucofuranose_biosynthesis,1
COA-PWY:_coenzyme_A_biosynthesis_I_(prokaryotic),PWY-7315:_dTDP-N-acetylthomosamine_biosynthesis,2
COA-PWY:_coenzyme_A_biosynthesis_I_(prokaryotic),PWY-7316:_dTDP-N-acetylviosamine_biosynthesis,1
COA-PWY:_coenzyme_A_biosynthesis_I_(prokaryotic),PWY-7357:_thiamine_phosphate_formation_from_pyrithiamine_and_oxythiamine_(yeast),10
COA-PWY:_coenzyme_A_biosynthesis_I_(prokaryotic),PWY-7560:_methylerythritol_phosphate_pathway_II,7
COA-PWY:_coenzyme_A_biosynthesis_I_(prokaryotic),PWY-7663:_gondoate_biosynthesis_(anaerobic),12
COA-PWY:_coenzyme_A_biosynthesis_I_(prokaryotic),PWY-7664:_oleate_biosynthesis_IV_(anaerobic),3
COA-PWY:_coenzyme_A_biosynthesis_I_(prokaryotic),PWY-7688:_dTDP-&alpha;-D-ravidosamine_and_dTDP-4-acetyl-&alpha;-D-ravidosamine_biosynthesis,1
COA-PWY:_coenzyme_A_biosynthesis_I_(prokaryotic),PWY-7790:_UMP_biosynthesis_II,22
COA-PWY:_coenzyme_A_biosynthesis_I_(prokaryotic),PWY-7791:_UMP_biosynthesis_III,22
COA-PWY:_coenzyme_A_biosynthesis_I_(prokaryotic),PWY-7851:_coenzyme_A_biosynthesis_II_(eukaryotic),21
COA-PWY:_coenzyme_A_biosynthesis_I_(prokaryotic),PWY-7953:_UDP-N-acetylmuramoyl-pentapeptide_biosynthesis_III_(meso-diaminopimelate_containing),22
COA-PWY:_coenzyme_A_biosynthesis_I_(prokaryotic),PWY-7977:_L-methionine_biosynthesis_IV,19
COA-PWY:_coenzyme_A_biosynthesis_I_(prokaryotic),PWY-8004:_Entner-Doudoroff_pathway_I,1
COA-PWY:_coenzyme_A_biosynthesis_I_(prokaryotic),PWY-8073:_lipid_IVA_biosynthesis_(P._putida),3
COA-PWY:_coenzyme_A_biosynthesis_I_(prokaryotic),PWY-8178:_pentose_phosphate_pathway_(non-oxidative_branch)_II,7
COA-PWY:_coenzyme_A_biosynthesis_I_(prokaryotic),PWY-8187:_L-arginine_degradation_XIII_(reductive_Stickland_reaction),1
COA-PWY:_coenzyme_A_biosynthesis_I_(prokaryotic),PWY0-1061:_superpathway_of_L-alanine_biosynthesis,2
COA-PWY:_coenzyme_A_biosynthesis_I_(prokaryotic),PWY0-1241:_ADP-L-glycero-&beta;-D-manno-heptose_biosynthesis,1
COA-PWY:_coenzyme_A_biosynthesis_I_(prokaryotic),PWY0-1296:_purine_ribonucleosides_degradation,6
COA-PWY:_coenzyme_A_biosynthesis_I_(prokaryotic),PWY0-1319:_CDP-diacylglycerol_biosynthesis_II,18
COA-PWY:_coenzyme_A_biosynthesis_I_(prokaryotic),PWY0-1586:_peptidoglycan_maturation_(meso-diaminopimelate_containing),12
COA-PWY:_coenzyme_A_biosynthesis_I_(prokaryotic),PWY0-162:_superpathway_of_pyrimidine_ribonucleotides_de_novo_biosynthesis,2
COA-PWY:_coenzyme_A_biosynthesis_I_(prokaryotic),PWY0-845:_superpathway_of_pyridoxal_5'-phosphate_biosynthesis_and_salvage,6
COA-PWY:_coenzyme_A_biosynthesis_I_(prokaryotic),PWY0-862:_(5Z)-dodecenoate_biosynthesis_I,3
COA-PWY:_coenzyme_A_biosynthesis_I_(prokaryotic),PWY4FS-7:_phosphatidylglycerol_biosynthesis_I_(plastidic),1
COA-PWY:_coenzyme_A_biosynthesis_I_(prokaryotic),PWY4FS-8:_phosphatidylglycerol_biosynthesis_II_(non-plastidic),1
COA-PWY:_coenzyme_A_biosynthesis_I_(prokaryotic),PWY66-429:_fatty_acid_biosynthesis_initiation_(mitochondria),11
COA-PWY:_coenzyme_A_biosynthesis_I_(prokaryotic),PYRIDNUCSYN-PWY:_NAD_de_novo_biosynthesis_I_(from_aspartate),11
COA-PWY:_coenzyme_A_biosynthesis_I_(prokaryotic),PYRIDOXSYN-PWY:_pyridoxal_5'-phosphate_biosynthesis_I,7
COA-PWY:_coenzyme_A_biosynthesis_I_(prokaryotic),RHAMCAT-PWY:_L-rhamnose_degradation_I,9
COA-PWY:_coenzyme_A_biosynthesis_I_(prokaryotic),RIBOSYN2-PWY:_flavin_biosynthesis_I_(bacteria_and_plants),11
COA-PWY:_coenzyme_A_biosynthesis_I_(prokaryotic),SALVADEHYPOX-PWY:_adenosine_nucleotides_degradation_II,1
COA-PWY:_coenzyme_A_biosynthesis_I_(prokaryotic),SER-GLYSYN-PWY:_superpathway_of_L-serine_and_glycine_biosynthesis_I,17
COA-PWY:_coenzyme_A_biosynthesis_I_(prokaryotic),THISYNARA-PWY:_superpathway_of_thiamine_diphosphate_biosynthesis_III_(eukaryotes),9
COA-PWY:_coenzyme_A_biosynthesis_I_(prokaryotic),THRESYN-PWY:_superpathway_of_L-threonine_biosynthesis,7
COA-PWY:_coenzyme_A_biosynthesis_I_(prokaryotic),TRNA-CHARGING-PWY:_tRNA_charging,17
COA-PWY:_coenzyme_A_biosynthesis_I_(prokaryotic),UDPNAGSYN-PWY:_UDP-N-acetyl-D-glucosamine_biosynthesis_I,2
COA-PWY:_coenzyme_A_biosynthesis_I_(prokaryotic),VALSYN-PWY:_L-valine_biosynthesis,22
COBALSYN-PWY:_superpathway_of_adenosylcobalamin_salvage_from_cobinamide_I,COMPLETE-ARO-PWY:_superpathway_of_aromatic_amino_acid_biosynthesis,1
COBALSYN-PWY:_superpathway_of_adenosylcobalamin_salvage_from_cobinamide_I,DTDPRHAMSYN-PWY:_dTDP-&beta;-L-rhamnose_biosynthesis,3
COBALSYN-PWY:_superpathway_of_adenosylcobalamin_salvage_from_cobinamide_I,GALACTUROCAT-PWY:_D-galacturonate_degradation_I,1
COBALSYN-PWY:_superpathway_of_adenosylcobalamin_salvage_from_cobinamide_I,GLCMANNANAUT-PWY:_superpathway_of_N-acetylglucosamine,_N-acetylmannosamine_and_N-acetylneuraminate_degradation,1
COBALSYN-PWY:_superpathway_of_adenosylcobalamin_salvage_from_cobinamide_I,GLUCUROCAT-PWY:_superpathway_of_&beta;-D-glucuronosides_degradation,1
COBALSYN-PWY:_superpathway_of_adenosylcobalamin_salvage_from_cobinamide_I,GLUTORN-PWY:_L-ornithine_biosynthesis_I,2
COBALSYN-PWY:_superpathway_of_adenosylcobalamin_salvage_from_cobinamide_I,GLYCOGENSYNTH-PWY:_glycogen_biosynthesis_I_(from_ADP-D-Glucose),2
COBALSYN-PWY:_superpathway_of_adenosylcobalamin_salvage_from_cobinamide_I,HISDEG-PWY:_L-histidine_degradation_I,1
COBALSYN-PWY:_superpathway_of_adenosylcobalamin_salvage_from_cobinamide_I,HISTSYN-PWY:_L-histidine_biosynthesis,2
COBALSYN-PWY:_superpathway_of_adenosylcobalamin_salvage_from_cobinamide_I,HSERMETANA-PWY:_L-methionine_biosynthesis_III,1
COBALSYN-PWY:_superpathway_of_adenosylcobalamin_salvage_from_cobinamide_I,ILEUSYN-PWY:_L-isoleucine_biosynthesis_I_(from_threonine),2
COBALSYN-PWY:_superpathway_of_adenosylcobalamin_salvage_from_cobinamide_I,NAGLIPASYN-PWY:_lipid_IVA_biosynthesis_(E._coli),1
COBALSYN-PWY:_superpathway_of_adenosylcobalamin_salvage_from_cobinamide_I,NONMEVIPP-PWY:_methylerythritol_phosphate_pathway_I,2
COBALSYN-PWY:_superpathway_of_adenosylcobalamin_salvage_from_cobinamide_I,P41-PWY:_pyruvate_fermentation_to_acetate_and_(S)-lactate_I,1
COBALSYN-PWY:_superpathway_of_adenosylcobalamin_salvage_from_cobinamide_I,PANTO-PWY:_phosphopantothenate_biosynthesis_I,2
COBALSYN-PWY:_superpathway_of_adenosylcobalamin_salvage_from_cobinamide_I,PANTOSYN-PWY:_superpathway_of_coenzyme_A_biosynthesis_I_(bacteria),2
COBALSYN-PWY:_superpathway_of_adenosylcobalamin_salvage_from_cobinamide_I,PEPTIDOGLYCANSYN-PWY:_peptidoglycan_biosynthesis_I_(meso-diaminopimelate_containing),3
COBALSYN-PWY:_superpathway_of_adenosylcobalamin_salvage_from_cobinamide_I,PWY-1042:_glycolysis_IV,2
COBALSYN-PWY:_superpathway_of_adenosylcobalamin_salvage_from_cobinamide_I,PWY-1269:_CMP-3-deoxy-D-manno-octulosonate_biosynthesis,1
COBALSYN-PWY:_superpathway_of_adenosylcobalamin_salvage_from_cobinamide_I,PWY-2942:_L-lysine_biosynthesis_III,1
COBALSYN-PWY:_superpathway_of_adenosylcobalamin_salvage_from_cobinamide_I,PWY-3841:_folate_transformations_II_(plants),2
COBALSYN-PWY:_superpathway_of_adenosylcobalamin_salvage_from_cobinamide_I,PWY-5030:_L-histidine_degradation_III,1
COBALSYN-PWY:_superpathway_of_adenosylcobalamin_salvage_from_cobinamide_I,PWY-5097:_L-lysine_biosynthesis_VI,3
COBALSYN-PWY:_superpathway_of_adenosylcobalamin_salvage_from_cobinamide_I,PWY-5100:_pyruvate_fermentation_to_acetate_and_lactate_II,1
COBALSYN-PWY:_superpathway_of_adenosylcobalamin_salvage_from_cobinamide_I,PWY-5103:_L-isoleucine_biosynthesis_III,2
COBALSYN-PWY:_superpathway_of_adenosylcobalamin_salvage_from_cobinamide_I,PWY-5384:_sucrose_degradation_IV_(sucrose_phosphorylase),1
COBALSYN-PWY:_superpathway_of_adenosylcobalamin_salvage_from_cobinamide_I,PWY-5659:_GDP-mannose_biosynthesis,2
COBALSYN-PWY:_superpathway_of_adenosylcobalamin_salvage_from_cobinamide_I,PWY-5667:_CDP-diacylglycerol_biosynthesis_I,3
COBALSYN-PWY:_superpathway_of_adenosylcobalamin_salvage_from_cobinamide_I,PWY-5686:_UMP_biosynthesis_I,3
COBALSYN-PWY:_superpathway_of_adenosylcobalamin_salvage_from_cobinamide_I,PWY-5695:_inosine_5'-phosphate_degradation,3
COBALSYN-PWY:_superpathway_of_adenosylcobalamin_salvage_from_cobinamide_I,PWY-5941:_glycogen_degradation_II,2
COBALSYN-PWY:_superpathway_of_adenosylcobalamin_salvage_from_cobinamide_I,PWY-5973:_cis-vaccenate_biosynthesis,1
COBALSYN-PWY:_superpathway_of_adenosylcobalamin_salvage_from_cobinamide_I,PWY-6121:_5-aminoimidazole_ribonucleotide_biosynthesis_I,3
COBALSYN-PWY:_superpathway_of_adenosylcobalamin_salvage_from_cobinamide_I,PWY-6122:_5-aminoimidazole_ribonucleotide_biosynthesis_II,3
COBALSYN-PWY:_superpathway_of_adenosylcobalamin_salvage_from_cobinamide_I,PWY-6123:_inosine-5'-phosphate_biosynthesis_I,2
COBALSYN-PWY:_superpathway_of_adenosylcobalamin_salvage_from_cobinamide_I,PWY-6124:_inosine-5'-phosphate_biosynthesis_II,2
COBALSYN-PWY:_superpathway_of_adenosylcobalamin_salvage_from_cobinamide_I,PWY-6143:_CMP-pseudaminate_biosynthesis,1
COBALSYN-PWY:_superpathway_of_adenosylcobalamin_salvage_from_cobinamide_I,PWY-6147:_6-hydroxymethyl-dihydropterin_diphosphate_biosynthesis_I,1
COBALSYN-PWY:_superpathway_of_adenosylcobalamin_salvage_from_cobinamide_I,PWY-6151:_S-adenosyl-L-methionine_salvage_I,2
COBALSYN-PWY:_superpathway_of_adenosylcobalamin_salvage_from_cobinamide_I,PWY-6163:_chorismate_biosynthesis_from_3-dehydroquinate,3
COBALSYN-PWY:_superpathway_of_adenosylcobalamin_salvage_from_cobinamide_I,PWY-6277:_superpathway_of_5-aminoimidazole_ribonucleotide_biosynthesis,3
COBALSYN-PWY:_superpathway_of_adenosylcobalamin_salvage_from_cobinamide_I,PWY-6317:_D-galactose_degradation_I_(Leloir_pathway),2
COBALSYN-PWY:_superpathway_of_adenosylcobalamin_salvage_from_cobinamide_I,PWY-6385:_peptidoglycan_biosynthesis_III_(mycobacteria),1
COBALSYN-PWY:_superpathway_of_adenosylcobalamin_salvage_from_cobinamide_I,PWY-6386:_UDP-N-acetylmuramoyl-pentapeptide_biosynthesis_II_(lysine-containing),2
COBALSYN-PWY:_superpathway_of_adenosylcobalamin_salvage_from_cobinamide_I,PWY-6387:_UDP-N-acetylmuramoyl-pentapeptide_biosynthesis_I_(meso-diaminopimelate_containing),3
COBALSYN-PWY:_superpathway_of_adenosylcobalamin_salvage_from_cobinamide_I,PWY-6507:_4-deoxy-L-threo-hex-4-enopyranuronate_degradation,1
COBALSYN-PWY:_superpathway_of_adenosylcobalamin_salvage_from_cobinamide_I,PWY-6527:_stachyose_degradation,2
COBALSYN-PWY:_superpathway_of_adenosylcobalamin_salvage_from_cobinamide_I,PWY-6606:_guanosine_nucleotides_degradation_II,1
COBALSYN-PWY:_superpathway_of_adenosylcobalamin_salvage_from_cobinamide_I,PWY-6608:_guanosine_nucleotides_degradation_III,2
COBALSYN-PWY:_superpathway_of_adenosylcobalamin_salvage_from_cobinamide_I,PWY-6609:_adenine_and_adenosine_salvage_III,2
COBALSYN-PWY:_superpathway_of_adenosylcobalamin_salvage_from_cobinamide_I,PWY-6700:_queuosine_biosynthesis_I_(de_novo),3
COBALSYN-PWY:_superpathway_of_adenosylcobalamin_salvage_from_cobinamide_I,PWY-6703:_preQ0_biosynthesis,1
COBALSYN-PWY:_superpathway_of_adenosylcobalamin_salvage_from_cobinamide_I,PWY-6823:_molybdopterin_biosynthesis,1
COBALSYN-PWY:_superpathway_of_adenosylcobalamin_salvage_from_cobinamide_I,PWY-6897:_thiamine_diphosphate_salvage_II,2
COBALSYN-PWY:_superpathway_of_adenosylcobalamin_salvage_from_cobinamide_I,PWY-6902:_chitin_degradation_II_(Vibrio),1
COBALSYN-PWY:_superpathway_of_adenosylcobalamin_salvage_from_cobinamide_I,PWY-7111:_pyruvate_fermentation_to_isobutanol_(engineered),3
COBALSYN-PWY:_superpathway_of_adenosylcobalamin_salvage_from_cobinamide_I,PWY-7199:_pyrimidine_deoxyribonucleosides_salvage,1
COBALSYN-PWY:_superpathway_of_adenosylcobalamin_salvage_from_cobinamide_I,PWY-7208:_superpathway_of_pyrimidine_nucleobases_salvage,1
COBALSYN-PWY:_superpathway_of_adenosylcobalamin_salvage_from_cobinamide_I,PWY-7221:_guanosine_ribonucleotides_de_novo_biosynthesis,3
COBALSYN-PWY:_superpathway_of_adenosylcobalamin_salvage_from_cobinamide_I,PWY-7237:_myo-,_chiro-_and_scyllo-inositol_degradation,2
COBALSYN-PWY:_superpathway_of_adenosylcobalamin_salvage_from_cobinamide_I,PWY-7238:_sucrose_biosynthesis_II,3
COBALSYN-PWY:_superpathway_of_adenosylcobalamin_salvage_from_cobinamide_I,PWY-7242:_D-fructuronate_degradation,1
COBALSYN-PWY:_superpathway_of_adenosylcobalamin_salvage_from_cobinamide_I,PWY-724:_superpathway_of_L-lysine,_L-threonine_and_L-methionine_biosynthesis_II,3
COBALSYN-PWY:_superpathway_of_adenosylcobalamin_salvage_from_cobinamide_I,PWY-7282:_4-amino-2-methyl-5-diphosphomethylpyrimidine_biosynthesis_II,1
COBALSYN-PWY:_superpathway_of_adenosylcobalamin_salvage_from_cobinamide_I,PWY-7315:_dTDP-N-acetylthomosamine_biosynthesis,1
COBALSYN-PWY:_superpathway_of_adenosylcobalamin_salvage_from_cobinamide_I,PWY-7357:_thiamine_phosphate_formation_from_pyrithiamine_and_oxythiamine_(yeast),3
COBALSYN-PWY:_superpathway_of_adenosylcobalamin_salvage_from_cobinamide_I,PWY-7663:_gondoate_biosynthesis_(anaerobic),1
COBALSYN-PWY:_superpathway_of_adenosylcobalamin_salvage_from_cobinamide_I,PWY-7790:_UMP_biosynthesis_II,3
COBALSYN-PWY:_superpathway_of_adenosylcobalamin_salvage_from_cobinamide_I,PWY-7791:_UMP_biosynthesis_III,3
COBALSYN-PWY:_superpathway_of_adenosylcobalamin_salvage_from_cobinamide_I,PWY-7851:_coenzyme_A_biosynthesis_II_(eukaryotic),3
COBALSYN-PWY:_superpathway_of_adenosylcobalamin_salvage_from_cobinamide_I,PWY-7953:_UDP-N-acetylmuramoyl-pentapeptide_biosynthesis_III_(meso-diaminopimelate_containing),2
COBALSYN-PWY:_superpathway_of_adenosylcobalamin_salvage_from_cobinamide_I,PWY-7977:_L-methionine_biosynthesis_IV,2
COBALSYN-PWY:_superpathway_of_adenosylcobalamin_salvage_from_cobinamide_I,PWY-8073:_lipid_IVA_biosynthesis_(P._putida),1
COBALSYN-PWY:_superpathway_of_adenosylcobalamin_salvage_from_cobinamide_I,PWY-8178:_pentose_phosphate_pathway_(non-oxidative_branch)_II,1
COBALSYN-PWY:_superpathway_of_adenosylcobalamin_salvage_from_cobinamide_I,PWY0-1296:_purine_ribonucleosides_degradation,1
COBALSYN-PWY:_superpathway_of_adenosylcobalamin_salvage_from_cobinamide_I,PWY0-1319:_CDP-diacylglycerol_biosynthesis_II,3
COBALSYN-PWY:_superpathway_of_adenosylcobalamin_salvage_from_cobinamide_I,PWY0-1586:_peptidoglycan_maturation_(meso-diaminopimelate_containing),1
COBALSYN-PWY:_superpathway_of_adenosylcobalamin_salvage_from_cobinamide_I,PWY0-845:_superpathway_of_pyridoxal_5'-phosphate_biosynthesis_and_salvage,1
COBALSYN-PWY:_superpathway_of_adenosylcobalamin_salvage_from_cobinamide_I,PWY4FS-7:_phosphatidylglycerol_biosynthesis_I_(plastidic),1
COBALSYN-PWY:_superpathway_of_adenosylcobalamin_salvage_from_cobinamide_I,PWY4FS-8:_phosphatidylglycerol_biosynthesis_II_(non-plastidic),1
COBALSYN-PWY:_superpathway_of_adenosylcobalamin_salvage_from_cobinamide_I,PWY66-429:_fatty_acid_biosynthesis_initiation_(mitochondria),1
COBALSYN-PWY:_superpathway_of_adenosylcobalamin_salvage_from_cobinamide_I,PYRIDNUCSYN-PWY:_NAD_de_novo_biosynthesis_I_(from_aspartate),2
COBALSYN-PWY:_superpathway_of_adenosylcobalamin_salvage_from_cobinamide_I,PYRIDOXSYN-PWY:_pyridoxal_5'-phosphate_biosynthesis_I,1
COBALSYN-PWY:_superpathway_of_adenosylcobalamin_salvage_from_cobinamide_I,RHAMCAT-PWY:_L-rhamnose_degradation_I,1
COBALSYN-PWY:_superpathway_of_adenosylcobalamin_salvage_from_cobinamide_I,RIBOSYN2-PWY:_flavin_biosynthesis_I_(bacteria_and_plants),1
COBALSYN-PWY:_superpathway_of_adenosylcobalamin_salvage_from_cobinamide_I,SALVADEHYPOX-PWY:_adenosine_nucleotides_degradation_II,1
COBALSYN-PWY:_superpathway_of_adenosylcobalamin_salvage_from_cobinamide_I,SER-GLYSYN-PWY:_superpathway_of_L-serine_and_glycine_biosynthesis_I,3
COBALSYN-PWY:_superpathway_of_adenosylcobalamin_salvage_from_cobinamide_I,THISYNARA-PWY:_superpathway_of_thiamine_diphosphate_biosynthesis_III_(eukaryotes),3
COBALSYN-PWY:_superpathway_of_adenosylcobalamin_salvage_from_cobinamide_I,THRESYN-PWY:_superpathway_of_L-threonine_biosynthesis,2
COBALSYN-PWY:_superpathway_of_adenosylcobalamin_salvage_from_cobinamide_I,TRNA-CHARGING-PWY:_tRNA_charging,2
COBALSYN-PWY:_superpathway_of_adenosylcobalamin_salvage_from_cobinamide_I,VALSYN-PWY:_L-valine_biosynthesis,3
COMPLETE-ARO-PWY:_superpathway_of_aromatic_amino_acid_biosynthesis,DTDPRHAMSYN-PWY:_dTDP-&beta;-L-rhamnose_biosynthesis,8
COMPLETE-ARO-PWY:_superpathway_of_aromatic_amino_acid_biosynthesis,FASYN-ELONG-PWY:_fatty_acid_elongation_--_saturated,1
COMPLETE-ARO-PWY:_superpathway_of_aromatic_amino_acid_biosynthesis,FUCCAT-PWY:_fucose_degradation,1
COMPLETE-ARO-PWY:_superpathway_of_aromatic_amino_acid_biosynthesis,GLUTORN-PWY:_L-ornithine_biosynthesis_I,5
COMPLETE-ARO-PWY:_superpathway_of_aromatic_amino_acid_biosynthesis,GLYCOGENSYNTH-PWY:_glycogen_biosynthesis_I_(from_ADP-D-Glucose),6
COMPLETE-ARO-PWY:_superpathway_of_aromatic_amino_acid_biosynthesis,HEMESYN2-PWY:_heme_b_biosynthesis_II_(oxygen-independent),1
COMPLETE-ARO-PWY:_superpathway_of_aromatic_amino_acid_biosynthesis,HISDEG-PWY:_L-histidine_degradation_I,4
COMPLETE-ARO-PWY:_superpathway_of_aromatic_amino_acid_biosynthesis,HISTSYN-PWY:_L-histidine_biosynthesis,6
COMPLETE-ARO-PWY:_superpathway_of_aromatic_amino_acid_biosynthesis,HSERMETANA-PWY:_L-methionine_biosynthesis_III,4
COMPLETE-ARO-PWY:_superpathway_of_aromatic_amino_acid_biosynthesis,ILEUSYN-PWY:_L-isoleucine_biosynthesis_I_(from_threonine),7
COMPLETE-ARO-PWY:_superpathway_of_aromatic_amino_acid_biosynthesis,NAGLIPASYN-PWY:_lipid_IVA_biosynthesis_(E._coli),1
COMPLETE-ARO-PWY:_superpathway_of_aromatic_amino_acid_biosynthesis,NONMEVIPP-PWY:_methylerythritol_phosphate_pathway_I,9
COMPLETE-ARO-PWY:_superpathway_of_aromatic_amino_acid_biosynthesis,NONOXIPENT-PWY:_pentose_phosphate_pathway_(non-oxidative_branch)_I,5
COMPLETE-ARO-PWY:_superpathway_of_aromatic_amino_acid_biosynthesis,OANTIGEN-PWY:_O-antigen_building_blocks_biosynthesis_(E._coli),1
COMPLETE-ARO-PWY:_superpathway_of_aromatic_amino_acid_biosynthesis,P41-PWY:_pyruvate_fermentation_to_acetate_and_(S)-lactate_I,4
COMPLETE-ARO-PWY:_superpathway_of_aromatic_amino_acid_biosynthesis,PANTO-PWY:_phosphopantothenate_biosynthesis_I,8
COMPLETE-ARO-PWY:_superpathway_of_aromatic_amino_acid_biosynthesis,PANTOSYN-PWY:_superpathway_of_coenzyme_A_biosynthesis_I_(bacteria),8
COMPLETE-ARO-PWY:_superpathway_of_aromatic_amino_acid_biosynthesis,PENTOSE-P-PWY:_pentose_phosphate_pathway,1
COMPLETE-ARO-PWY:_superpathway_of_aromatic_amino_acid_biosynthesis,PEPTIDOGLYCANSYN-PWY:_peptidoglycan_biosynthesis_I_(meso-diaminopimelate_containing),9
COMPLETE-ARO-PWY:_superpathway_of_aromatic_amino_acid_biosynthesis,PWY-1042:_glycolysis_IV,5
COMPLETE-ARO-PWY:_superpathway_of_aromatic_amino_acid_biosynthesis,PWY-2942:_L-lysine_biosynthesis_III,5
COMPLETE-ARO-PWY:_superpathway_of_aromatic_amino_acid_biosynthesis,PWY-3841:_folate_transformations_II_(plants),9
COMPLETE-ARO-PWY:_superpathway_of_aromatic_amino_acid_biosynthesis,PWY-5097:_L-lysine_biosynthesis_VI,6
COMPLETE-ARO-PWY:_superpathway_of_aromatic_amino_acid_biosynthesis,PWY-5100:_pyruvate_fermentation_to_acetate_and_lactate_II,4
COMPLETE-ARO-PWY:_superpathway_of_aromatic_amino_acid_biosynthesis,PWY-5103:_L-isoleucine_biosynthesis_III,7
COMPLETE-ARO-PWY:_superpathway_of_aromatic_amino_acid_biosynthesis,PWY-5188:_tetrapyrrole_biosynthesis_I_(from_glutamate),1
COMPLETE-ARO-PWY:_superpathway_of_aromatic_amino_acid_biosynthesis,PWY-5384:_sucrose_degradation_IV_(sucrose_phosphorylase),1
COMPLETE-ARO-PWY:_superpathway_of_aromatic_amino_acid_biosynthesis,PWY-5659:_GDP-mannose_biosynthesis,2
COMPLETE-ARO-PWY:_superpathway_of_aromatic_amino_acid_biosynthesis,PWY-5667:_CDP-diacylglycerol_biosynthesis_I,7
COMPLETE-ARO-PWY:_superpathway_of_aromatic_amino_acid_biosynthesis,PWY-5686:_UMP_biosynthesis_I,10
COMPLETE-ARO-PWY:_superpathway_of_aromatic_amino_acid_biosynthesis,PWY-5695:_inosine_5'-phosphate_degradation,4
COMPLETE-ARO-PWY:_superpathway_of_aromatic_amino_acid_biosynthesis,PWY-5941:_glycogen_degradation_II,4
COMPLETE-ARO-PWY:_superpathway_of_aromatic_amino_acid_biosynthesis,PWY-5973:_cis-vaccenate_biosynthesis,3
COMPLETE-ARO-PWY:_superpathway_of_aromatic_amino_acid_biosynthesis,PWY-5989:_stearate_biosynthesis_II_(bacteria_and_plants),1
COMPLETE-ARO-PWY:_superpathway_of_aromatic_amino_acid_biosynthesis,PWY-6121:_5-aminoimidazole_ribonucleotide_biosynthesis_I,10
COMPLETE-ARO-PWY:_superpathway_of_aromatic_amino_acid_biosynthesis,PWY-6122:_5-aminoimidazole_ribonucleotide_biosynthesis_II,10
COMPLETE-ARO-PWY:_superpathway_of_aromatic_amino_acid_biosynthesis,PWY-6123:_inosine-5'-phosphate_biosynthesis_I,5
COMPLETE-ARO-PWY:_superpathway_of_aromatic_amino_acid_biosynthesis,PWY-6124:_inosine-5'-phosphate_biosynthesis_II,5
COMPLETE-ARO-PWY:_superpathway_of_aromatic_amino_acid_biosynthesis,PWY-6125:_superpathway_of_guanosine_nucleotides_de_novo_biosynthesis_II,2
COMPLETE-ARO-PWY:_superpathway_of_aromatic_amino_acid_biosynthesis,PWY-6126:_superpathway_of_adenosine_nucleotides_de_novo_biosynthesis_II,3
COMPLETE-ARO-PWY:_superpathway_of_aromatic_amino_acid_biosynthesis,PWY-6147:_6-hydroxymethyl-dihydropterin_diphosphate_biosynthesis_I,2
COMPLETE-ARO-PWY:_superpathway_of_aromatic_amino_acid_biosynthesis,PWY-6151:_S-adenosyl-L-methionine_salvage_I,5
COMPLETE-ARO-PWY:_superpathway_of_aromatic_amino_acid_biosynthesis,PWY-6163:_chorismate_biosynthesis_from_3-dehydroquinate,11
COMPLETE-ARO-PWY:_superpathway_of_aromatic_amino_acid_biosynthesis,PWY-621:_sucrose_degradation_III_(sucrose_invertase),1
COMPLETE-ARO-PWY:_superpathway_of_aromatic_amino_acid_biosynthesis,PWY-6270:_isoprene_biosynthesis_I,2
COMPLETE-ARO-PWY:_superpathway_of_aromatic_amino_acid_biosynthesis,PWY-6277:_superpathway_of_5-aminoimidazole_ribonucleotide_biosynthesis,10
COMPLETE-ARO-PWY:_superpathway_of_aromatic_amino_acid_biosynthesis,PWY-6282:_palmitoleate_biosynthesis_I_(from_(5Z)-dodec-5-enoate),1
COMPLETE-ARO-PWY:_superpathway_of_aromatic_amino_acid_biosynthesis,PWY-6317:_D-galactose_degradation_I_(Leloir_pathway),4
COMPLETE-ARO-PWY:_superpathway_of_aromatic_amino_acid_biosynthesis,PWY-6385:_peptidoglycan_biosynthesis_III_(mycobacteria),7
COMPLETE-ARO-PWY:_superpathway_of_aromatic_amino_acid_biosynthesis,PWY-6386:_UDP-N-acetylmuramoyl-pentapeptide_biosynthesis_II_(lysine-containing),8
COMPLETE-ARO-PWY:_superpathway_of_aromatic_amino_acid_biosynthesis,PWY-6387:_UDP-N-acetylmuramoyl-pentapeptide_biosynthesis_I_(meso-diaminopimelate_containing),9
COMPLETE-ARO-PWY:_superpathway_of_aromatic_amino_acid_biosynthesis,PWY-6519:_8-amino-7-oxononanoate_biosynthesis_I,1
COMPLETE-ARO-PWY:_superpathway_of_aromatic_amino_acid_biosynthesis,PWY-6527:_stachyose_degradation,3
COMPLETE-ARO-PWY:_superpathway_of_aromatic_amino_acid_biosynthesis,PWY-6606:_guanosine_nucleotides_degradation_II,1
COMPLETE-ARO-PWY:_superpathway_of_aromatic_amino_acid_biosynthesis,PWY-6608:_guanosine_nucleotides_degradation_III,1
COMPLETE-ARO-PWY:_superpathway_of_aromatic_amino_acid_biosynthesis,PWY-6609:_adenine_and_adenosine_salvage_III,9
COMPLETE-ARO-PWY:_superpathway_of_aromatic_amino_acid_biosynthesis,PWY-6628:_superpathway_of_L-phenylalanine_biosynthesis,1
COMPLETE-ARO-PWY:_superpathway_of_aromatic_amino_acid_biosynthesis,PWY-6630:_superpathway_of_L-tyrosine_biosynthesis,1
COMPLETE-ARO-PWY:_superpathway_of_aromatic_amino_acid_biosynthesis,PWY-6700:_queuosine_biosynthesis_I_(de_novo),10
COMPLETE-ARO-PWY:_superpathway_of_aromatic_amino_acid_biosynthesis,PWY-6703:_preQ0_biosynthesis,4
COMPLETE-ARO-PWY:_superpathway_of_aromatic_amino_acid_biosynthesis,PWY-6823:_molybdopterin_biosynthesis,3
COMPLETE-ARO-PWY:_superpathway_of_aromatic_amino_acid_biosynthesis,PWY-6897:_thiamine_diphosphate_salvage_II,2
COMPLETE-ARO-PWY:_superpathway_of_aromatic_amino_acid_biosynthesis,PWY-6902:_chitin_degradation_II_(Vibrio),1
COMPLETE-ARO-PWY:_superpathway_of_aromatic_amino_acid_biosynthesis,PWY-6936:_seleno-amino_acid_biosynthesis_(plants),1
COMPLETE-ARO-PWY:_superpathway_of_aromatic_amino_acid_biosynthesis,PWY-7111:_pyruvate_fermentation_to_isobutanol_(engineered),7
COMPLETE-ARO-PWY:_superpathway_of_aromatic_amino_acid_biosynthesis,PWY-7197:_pyrimidine_deoxyribonucleotide_phosphorylation,1
COMPLETE-ARO-PWY:_superpathway_of_aromatic_amino_acid_biosynthesis,PWY-7199:_pyrimidine_deoxyribonucleosides_salvage,2
COMPLETE-ARO-PWY:_superpathway_of_aromatic_amino_acid_biosynthesis,PWY-7208:_superpathway_of_pyrimidine_nucleobases_salvage,2
COMPLETE-ARO-PWY:_superpathway_of_aromatic_amino_acid_biosynthesis,PWY-7220:_adenosine_deoxyribonucleotides_de_novo_biosynthesis_II,3
COMPLETE-ARO-PWY:_superpathway_of_aromatic_amino_acid_biosynthesis,PWY-7221:_guanosine_ribonucleotides_de_novo_biosynthesis,9
COMPLETE-ARO-PWY:_superpathway_of_aromatic_amino_acid_biosynthesis,PWY-7222:_guanosine_deoxyribonucleotides_de_novo_biosynthesis_II,3
COMPLETE-ARO-PWY:_superpathway_of_aromatic_amino_acid_biosynthesis,PWY-7228:_superpathway_of_guanosine_nucleotides_de_novo_biosynthesis_I,3
COMPLETE-ARO-PWY:_superpathway_of_aromatic_amino_acid_biosynthesis,PWY-7229:_superpathway_of_adenosine_nucleotides_de_novo_biosynthesis_I,3
COMPLETE-ARO-PWY:_superpathway_of_aromatic_amino_acid_biosynthesis,PWY-7237:_myo-,_chiro-_and_scyllo-inositol_degradation,5
COMPLETE-ARO-PWY:_superpathway_of_aromatic_amino_acid_biosynthesis,PWY-7238:_sucrose_biosynthesis_II,7
COMPLETE-ARO-PWY:_superpathway_of_aromatic_amino_acid_biosynthesis,PWY-724:_superpathway_of_L-lysine,_L-threonine_and_L-methionine_biosynthesis_II,1
COMPLETE-ARO-PWY:_superpathway_of_aromatic_amino_acid_biosynthesis,PWY-7315:_dTDP-N-acetylthomosamine_biosynthesis,1
COMPLETE-ARO-PWY:_superpathway_of_aromatic_amino_acid_biosynthesis,PWY-7316:_dTDP-N-acetylviosamine_biosynthesis,1
COMPLETE-ARO-PWY:_superpathway_of_aromatic_amino_acid_biosynthesis,PWY-7357:_thiamine_phosphate_formation_from_pyrithiamine_and_oxythiamine_(yeast),6
COMPLETE-ARO-PWY:_superpathway_of_aromatic_amino_acid_biosynthesis,PWY-7456:_&beta;-(1,4)-mannan_degradation,1
COMPLETE-ARO-PWY:_superpathway_of_aromatic_amino_acid_biosynthesis,PWY-7560:_methylerythritol_phosphate_pathway_II,2
COMPLETE-ARO-PWY:_superpathway_of_aromatic_amino_acid_biosynthesis,PWY-7663:_gondoate_biosynthesis_(anaerobic),3
COMPLETE-ARO-PWY:_superpathway_of_aromatic_amino_acid_biosynthesis,PWY-7664:_oleate_biosynthesis_IV_(anaerobic),1
COMPLETE-ARO-PWY:_superpathway_of_aromatic_amino_acid_biosynthesis,PWY-7688:_dTDP-&alpha;-D-ravidosamine_and_dTDP-4-acetyl-&alpha;-D-ravidosamine_biosynthesis,1
COMPLETE-ARO-PWY:_superpathway_of_aromatic_amino_acid_biosynthesis,PWY-7790:_UMP_biosynthesis_II,10
COMPLETE-ARO-PWY:_superpathway_of_aromatic_amino_acid_biosynthesis,PWY-7791:_UMP_biosynthesis_III,10
COMPLETE-ARO-PWY:_superpathway_of_aromatic_amino_acid_biosynthesis,PWY-7851:_coenzyme_A_biosynthesis_II_(eukaryotic),8
COMPLETE-ARO-PWY:_superpathway_of_aromatic_amino_acid_biosynthesis,PWY-7953:_UDP-N-acetylmuramoyl-pentapeptide_biosynthesis_III_(meso-diaminopimelate_containing),8
COMPLETE-ARO-PWY:_superpathway_of_aromatic_amino_acid_biosynthesis,PWY-7977:_L-methionine_biosynthesis_IV,5
COMPLETE-ARO-PWY:_superpathway_of_aromatic_amino_acid_biosynthesis,PWY-8004:_Entner-Doudoroff_pathway_I,1
COMPLETE-ARO-PWY:_superpathway_of_aromatic_amino_acid_biosynthesis,PWY-8073:_lipid_IVA_biosynthesis_(P._putida),1
COMPLETE-ARO-PWY:_superpathway_of_aromatic_amino_acid_biosynthesis,PWY-8178:_pentose_phosphate_pathway_(non-oxidative_branch)_II,6
COMPLETE-ARO-PWY:_superpathway_of_aromatic_amino_acid_biosynthesis,PWY0-1061:_superpathway_of_L-alanine_biosynthesis,2
COMPLETE-ARO-PWY:_superpathway_of_aromatic_amino_acid_biosynthesis,PWY0-1241:_ADP-L-glycero-&beta;-D-manno-heptose_biosynthesis,1
COMPLETE-ARO-PWY:_superpathway_of_aromatic_amino_acid_biosynthesis,PWY0-1296:_purine_ribonucleosides_degradation,4
COMPLETE-ARO-PWY:_superpathway_of_aromatic_amino_acid_biosynthesis,PWY0-1319:_CDP-diacylglycerol_biosynthesis_II,7
COMPLETE-ARO-PWY:_superpathway_of_aromatic_amino_acid_biosynthesis,PWY0-1479:_tRNA_processing,1
COMPLETE-ARO-PWY:_superpathway_of_aromatic_amino_acid_biosynthesis,PWY0-1586:_peptidoglycan_maturation_(meso-diaminopimelate_containing),2
COMPLETE-ARO-PWY:_superpathway_of_aromatic_amino_acid_biosynthesis,PWY0-845:_superpathway_of_pyridoxal_5'-phosphate_biosynthesis_and_salvage,1
COMPLETE-ARO-PWY:_superpathway_of_aromatic_amino_acid_biosynthesis,PWY0-862:_(5Z)-dodecenoate_biosynthesis_I,1
COMPLETE-ARO-PWY:_superpathway_of_aromatic_amino_acid_biosynthesis,PWY4FS-7:_phosphatidylglycerol_biosynthesis_I_(plastidic),1
COMPLETE-ARO-PWY:_superpathway_of_aromatic_amino_acid_biosynthesis,PWY4FS-8:_phosphatidylglycerol_biosynthesis_II_(non-plastidic),1
COMPLETE-ARO-PWY:_superpathway_of_aromatic_amino_acid_biosynthesis,PWY66-429:_fatty_acid_biosynthesis_initiation_(mitochondria),4
COMPLETE-ARO-PWY:_superpathway_of_aromatic_amino_acid_biosynthesis,PYRIDNUCSYN-PWY:_NAD_de_novo_biosynthesis_I_(from_aspartate),3
COMPLETE-ARO-PWY:_superpathway_of_aromatic_amino_acid_biosynthesis,PYRIDOXSYN-PWY:_pyridoxal_5'-phosphate_biosynthesis_I,1
COMPLETE-ARO-PWY:_superpathway_of_aromatic_amino_acid_biosynthesis,RHAMCAT-PWY:_L-rhamnose_degradation_I,1
COMPLETE-ARO-PWY:_superpathway_of_aromatic_amino_acid_biosynthesis,RIBOSYN2-PWY:_flavin_biosynthesis_I_(bacteria_and_plants),5
COMPLETE-ARO-PWY:_superpathway_of_aromatic_amino_acid_biosynthesis,SER-GLYSYN-PWY:_superpathway_of_L-serine_and_glycine_biosynthesis_I,6
COMPLETE-ARO-PWY:_superpathway_of_aromatic_amino_acid_biosynthesis,THISYNARA-PWY:_superpathway_of_thiamine_diphosphate_biosynthesis_III_(eukaryotes),4
COMPLETE-ARO-PWY:_superpathway_of_aromatic_amino_acid_biosynthesis,THRESYN-PWY:_superpathway_of_L-threonine_biosynthesis,2
COMPLETE-ARO-PWY:_superpathway_of_aromatic_amino_acid_biosynthesis,TRNA-CHARGING-PWY:_tRNA_charging,5
COMPLETE-ARO-PWY:_superpathway_of_aromatic_amino_acid_biosynthesis,UDPNAGSYN-PWY:_UDP-N-acetyl-D-glucosamine_biosynthesis_I,4
COMPLETE-ARO-PWY:_superpathway_of_aromatic_amino_acid_biosynthesis,VALSYN-PWY:_L-valine_biosynthesis,10
DTDPRHAMSYN-PWY:_dTDP-&beta;-L-rhamnose_biosynthesis,FASYN-ELONG-PWY:_fatty_acid_elongation_--_saturated,3
DTDPRHAMSYN-PWY:_dTDP-&beta;-L-rhamnose_biosynthesis,GALACTUROCAT-PWY:_D-galacturonate_degradation_I,2
DTDPRHAMSYN-PWY:_dTDP-&beta;-L-rhamnose_biosynthesis,GLCMANNANAUT-PWY:_superpathway_of_N-acetylglucosamine,_N-acetylmannosamine_and_N-acetylneuraminate_degradation,1
DTDPRHAMSYN-PWY:_dTDP-&beta;-L-rhamnose_biosynthesis,GLUCONEO-PWY:_gluconeogenesis_I,1
DTDPRHAMSYN-PWY:_dTDP-&beta;-L-rhamnose_biosynthesis,GLUCUROCAT-PWY:_superpathway_of_&beta;-D-glucuronosides_degradation,1
DTDPRHAMSYN-PWY:_dTDP-&beta;-L-rhamnose_biosynthesis,GLUTORN-PWY:_L-ornithine_biosynthesis_I,8
DTDPRHAMSYN-PWY:_dTDP-&beta;-L-rhamnose_biosynthesis,GLYCOGENSYNTH-PWY:_glycogen_biosynthesis_I_(from_ADP-D-Glucose),12
DTDPRHAMSYN-PWY:_dTDP-&beta;-L-rhamnose_biosynthesis,GLYCOLYSIS:_glycolysis_I_(from_glucose_6-phosphate),1
DTDPRHAMSYN-PWY:_dTDP-&beta;-L-rhamnose_biosynthesis,HISDEG-PWY:_L-histidine_degradation_I,16
DTDPRHAMSYN-PWY:_dTDP-&beta;-L-rhamnose_biosynthesis,HISTSYN-PWY:_L-histidine_biosynthesis,19
DTDPRHAMSYN-PWY:_dTDP-&beta;-L-rhamnose_biosynthesis,HSERMETANA-PWY:_L-methionine_biosynthesis_III,5
DTDPRHAMSYN-PWY:_dTDP-&beta;-L-rhamnose_biosynthesis,ILEUSYN-PWY:_L-isoleucine_biosynthesis_I_(from_threonine),13
DTDPRHAMSYN-PWY:_dTDP-&beta;-L-rhamnose_biosynthesis,NAGLIPASYN-PWY:_lipid_IVA_biosynthesis_(E._coli),4
DTDPRHAMSYN-PWY:_dTDP-&beta;-L-rhamnose_biosynthesis,NONMEVIPP-PWY:_methylerythritol_phosphate_pathway_I,23
DTDPRHAMSYN-PWY:_dTDP-&beta;-L-rhamnose_biosynthesis,NONOXIPENT-PWY:_pentose_phosphate_pathway_(non-oxidative_branch)_I,6
DTDPRHAMSYN-PWY:_dTDP-&beta;-L-rhamnose_biosynthesis,OANTIGEN-PWY:_O-antigen_building_blocks_biosynthesis_(E._coli),2
DTDPRHAMSYN-PWY:_dTDP-&beta;-L-rhamnose_biosynthesis,P41-PWY:_pyruvate_fermentation_to_acetate_and_(S)-lactate_I,4
DTDPRHAMSYN-PWY:_dTDP-&beta;-L-rhamnose_biosynthesis,PANTO-PWY:_phosphopantothenate_biosynthesis_I,21
DTDPRHAMSYN-PWY:_dTDP-&beta;-L-rhamnose_biosynthesis,PANTOSYN-PWY:_superpathway_of_coenzyme_A_biosynthesis_I_(bacteria),19
DTDPRHAMSYN-PWY:_dTDP-&beta;-L-rhamnose_biosynthesis,PENTOSE-P-PWY:_pentose_phosphate_pathway,2
DTDPRHAMSYN-PWY:_dTDP-&beta;-L-rhamnose_biosynthesis,PEPTIDOGLYCANSYN-PWY:_peptidoglycan_biosynthesis_I_(meso-diaminopimelate_containing),24
DTDPRHAMSYN-PWY:_dTDP-&beta;-L-rhamnose_biosynthesis,PWY-1042:_glycolysis_IV,12
DTDPRHAMSYN-PWY:_dTDP-&beta;-L-rhamnose_biosynthesis,PWY-1269:_CMP-3-deoxy-D-manno-octulosonate_biosynthesis,6
DTDPRHAMSYN-PWY:_dTDP-&beta;-L-rhamnose_biosynthesis,PWY-2942:_L-lysine_biosynthesis_III,18
DTDPRHAMSYN-PWY:_dTDP-&beta;-L-rhamnose_biosynthesis,PWY-3841:_folate_transformations_II_(plants),18
DTDPRHAMSYN-PWY:_dTDP-&beta;-L-rhamnose_biosynthesis,PWY-4984:_urea_cycle,2
DTDPRHAMSYN-PWY:_dTDP-&beta;-L-rhamnose_biosynthesis,PWY-5030:_L-histidine_degradation_III,12
DTDPRHAMSYN-PWY:_dTDP-&beta;-L-rhamnose_biosynthesis,PWY-5097:_L-lysine_biosynthesis_VI,16
DTDPRHAMSYN-PWY:_dTDP-&beta;-L-rhamnose_biosynthesis,PWY-5100:_pyruvate_fermentation_to_acetate_and_lactate_II,4
DTDPRHAMSYN-PWY:_dTDP-&beta;-L-rhamnose_biosynthesis,PWY-5103:_L-isoleucine_biosynthesis_III,13
DTDPRHAMSYN-PWY:_dTDP-&beta;-L-rhamnose_biosynthesis,PWY-5121:_superpathway_of_geranylgeranyl_diphosphate_biosynthesis_II_(via_MEP),2
DTDPRHAMSYN-PWY:_dTDP-&beta;-L-rhamnose_biosynthesis,PWY-5130:_2-oxobutanoate_degradation_I,1
DTDPRHAMSYN-PWY:_dTDP-&beta;-L-rhamnose_biosynthesis,PWY-5154:_L-arginine_biosynthesis_III_(via_N-acetyl-L-citrulline),1
DTDPRHAMSYN-PWY:_dTDP-&beta;-L-rhamnose_biosynthesis,PWY-5188:_tetrapyrrole_biosynthesis_I_(from_glutamate),1
DTDPRHAMSYN-PWY:_dTDP-&beta;-L-rhamnose_biosynthesis,PWY-5384:_sucrose_degradation_IV_(sucrose_phosphorylase),4
DTDPRHAMSYN-PWY:_dTDP-&beta;-L-rhamnose_biosynthesis,PWY-5484:_glycolysis_II_(from_fructose_6-phosphate),1
DTDPRHAMSYN-PWY:_dTDP-&beta;-L-rhamnose_biosynthesis,PWY-5659:_GDP-mannose_biosynthesis,4
DTDPRHAMSYN-PWY:_dTDP-&beta;-L-rhamnose_biosynthesis,PWY-5667:_CDP-diacylglycerol_biosynthesis_I,18
DTDPRHAMSYN-PWY:_dTDP-&beta;-L-rhamnose_biosynthesis,PWY-5686:_UMP_biosynthesis_I,21
DTDPRHAMSYN-PWY:_dTDP-&beta;-L-rhamnose_biosynthesis,PWY-5695:_inosine_5'-phosphate_degradation,19
DTDPRHAMSYN-PWY:_dTDP-&beta;-L-rhamnose_biosynthesis,PWY-5941:_glycogen_degradation_II,8
DTDPRHAMSYN-PWY:_dTDP-&beta;-L-rhamnose_biosynthesis,PWY-5973:_cis-vaccenate_biosynthesis,12
DTDPRHAMSYN-PWY:_dTDP-&beta;-L-rhamnose_biosynthesis,PWY-5989:_stearate_biosynthesis_II_(bacteria_and_plants),3
DTDPRHAMSYN-PWY:_dTDP-&beta;-L-rhamnose_biosynthesis,PWY-6121:_5-aminoimidazole_ribonucleotide_biosynthesis_I,24
DTDPRHAMSYN-PWY:_dTDP-&beta;-L-rhamnose_biosynthesis,PWY-6122:_5-aminoimidazole_ribonucleotide_biosynthesis_II,24
DTDPRHAMSYN-PWY:_dTDP-&beta;-L-rhamnose_biosynthesis,PWY-6123:_inosine-5'-phosphate_biosynthesis_I,17
DTDPRHAMSYN-PWY:_dTDP-&beta;-L-rhamnose_biosynthesis,PWY-6124:_inosine-5'-phosphate_biosynthesis_II,18
DTDPRHAMSYN-PWY:_dTDP-&beta;-L-rhamnose_biosynthesis,PWY-6125:_superpathway_of_guanosine_nucleotides_de_novo_biosynthesis_II,10
DTDPRHAMSYN-PWY:_dTDP-&beta;-L-rhamnose_biosynthesis,PWY-6126:_superpathway_of_adenosine_nucleotides_de_novo_biosynthesis_II,9
DTDPRHAMSYN-PWY:_dTDP-&beta;-L-rhamnose_biosynthesis,PWY-6143:_CMP-pseudaminate_biosynthesis,1
DTDPRHAMSYN-PWY:_dTDP-&beta;-L-rhamnose_biosynthesis,PWY-6147:_6-hydroxymethyl-dihydropterin_diphosphate_biosynthesis_I,11
DTDPRHAMSYN-PWY:_dTDP-&beta;-L-rhamnose_biosynthesis,PWY-6151:_S-adenosyl-L-methionine_salvage_I,10
DTDPRHAMSYN-PWY:_dTDP-&beta;-L-rhamnose_biosynthesis,PWY-6163:_chorismate_biosynthesis_from_3-dehydroquinate,22
DTDPRHAMSYN-PWY:_dTDP-&beta;-L-rhamnose_biosynthesis,PWY-621:_sucrose_degradation_III_(sucrose_invertase),4
DTDPRHAMSYN-PWY:_dTDP-&beta;-L-rhamnose_biosynthesis,PWY-6270:_isoprene_biosynthesis_I,6
DTDPRHAMSYN-PWY:_dTDP-&beta;-L-rhamnose_biosynthesis,PWY-6277:_superpathway_of_5-aminoimidazole_ribonucleotide_biosynthesis,24
DTDPRHAMSYN-PWY:_dTDP-&beta;-L-rhamnose_biosynthesis,PWY-6282:_palmitoleate_biosynthesis_I_(from_(5Z)-dodec-5-enoate),3
DTDPRHAMSYN-PWY:_dTDP-&beta;-L-rhamnose_biosynthesis,PWY-6317:_D-galactose_degradation_I_(Leloir_pathway),5
DTDPRHAMSYN-PWY:_dTDP-&beta;-L-rhamnose_biosynthesis,PWY-6385:_peptidoglycan_biosynthesis_III_(mycobacteria),20
DTDPRHAMSYN-PWY:_dTDP-&beta;-L-rhamnose_biosynthesis,PWY-6386:_UDP-N-acetylmuramoyl-pentapeptide_biosynthesis_II_(lysine-containing),22
DTDPRHAMSYN-PWY:_dTDP-&beta;-L-rhamnose_biosynthesis,PWY-6387:_UDP-N-acetylmuramoyl-pentapeptide_biosynthesis_I_(meso-diaminopimelate_containing),24
DTDPRHAMSYN-PWY:_dTDP-&beta;-L-rhamnose_biosynthesis,PWY-6507:_4-deoxy-L-threo-hex-4-enopyranuronate_degradation,1
DTDPRHAMSYN-PWY:_dTDP-&beta;-L-rhamnose_biosynthesis,PWY-6519:_8-amino-7-oxononanoate_biosynthesis_I,1
DTDPRHAMSYN-PWY:_dTDP-&beta;-L-rhamnose_biosynthesis,PWY-6527:_stachyose_degradation,3
DTDPRHAMSYN-PWY:_dTDP-&beta;-L-rhamnose_biosynthesis,PWY-6572:_chondroitin_sulfate_degradation_I_(bacterial),1
DTDPRHAMSYN-PWY:_dTDP-&beta;-L-rhamnose_biosynthesis,PWY-6606:_guanosine_nucleotides_degradation_II,1
DTDPRHAMSYN-PWY:_dTDP-&beta;-L-rhamnose_biosynthesis,PWY-6608:_guanosine_nucleotides_degradation_III,5
DTDPRHAMSYN-PWY:_dTDP-&beta;-L-rhamnose_biosynthesis,PWY-6609:_adenine_and_adenosine_salvage_III,24
DTDPRHAMSYN-PWY:_dTDP-&beta;-L-rhamnose_biosynthesis,PWY-6628:_superpathway_of_L-phenylalanine_biosynthesis,1
DTDPRHAMSYN-PWY:_dTDP-&beta;-L-rhamnose_biosynthesis,PWY-6700:_queuosine_biosynthesis_I_(de_novo),21
DTDPRHAMSYN-PWY:_dTDP-&beta;-L-rhamnose_biosynthesis,PWY-6703:_preQ0_biosynthesis,16
DTDPRHAMSYN-PWY:_dTDP-&beta;-L-rhamnose_biosynthesis,PWY-6731:_starch_degradation_III,1
DTDPRHAMSYN-PWY:_dTDP-&beta;-L-rhamnose_biosynthesis,PWY-6823:_molybdopterin_biosynthesis,4
DTDPRHAMSYN-PWY:_dTDP-&beta;-L-rhamnose_biosynthesis,PWY-6897:_thiamine_diphosphate_salvage_II,6
DTDPRHAMSYN-PWY:_dTDP-&beta;-L-rhamnose_biosynthesis,PWY-6902:_chitin_degradation_II_(Vibrio),5
DTDPRHAMSYN-PWY:_dTDP-&beta;-L-rhamnose_biosynthesis,PWY-6936:_seleno-amino_acid_biosynthesis_(plants),2
DTDPRHAMSYN-PWY:_dTDP-&beta;-L-rhamnose_biosynthesis,PWY-7111:_pyruvate_fermentation_to_isobutanol_(engineered),9
DTDPRHAMSYN-PWY:_dTDP-&beta;-L-rhamnose_biosynthesis,PWY-7199:_pyrimidine_deoxyribonucleosides_salvage,11
DTDPRHAMSYN-PWY:_dTDP-&beta;-L-rhamnose_biosynthesis,PWY-7208:_superpathway_of_pyrimidine_nucleobases_salvage,1
DTDPRHAMSYN-PWY:_dTDP-&beta;-L-rhamnose_biosynthesis,PWY-7220:_adenosine_deoxyribonucleotides_de_novo_biosynthesis_II,10
DTDPRHAMSYN-PWY:_dTDP-&beta;-L-rhamnose_biosynthesis,PWY-7221:_guanosine_ribonucleotides_de_novo_biosynthesis,23
DTDPRHAMSYN-PWY:_dTDP-&beta;-L-rhamnose_biosynthesis,PWY-7222:_guanosine_deoxyribonucleotides_de_novo_biosynthesis_II,10
DTDPRHAMSYN-PWY:_dTDP-&beta;-L-rhamnose_biosynthesis,PWY-7228:_superpathway_of_guanosine_nucleotides_de_novo_biosynthesis_I,10
DTDPRHAMSYN-PWY:_dTDP-&beta;-L-rhamnose_biosynthesis,PWY-7229:_superpathway_of_adenosine_nucleotides_de_novo_biosynthesis_I,9
DTDPRHAMSYN-PWY:_dTDP-&beta;-L-rhamnose_biosynthesis,PWY-7234:_inosine-5'-phosphate_biosynthesis_III,3
DTDPRHAMSYN-PWY:_dTDP-&beta;-L-rhamnose_biosynthesis,PWY-7237:_myo-,_chiro-_and_scyllo-inositol_degradation,9
DTDPRHAMSYN-PWY:_dTDP-&beta;-L-rhamnose_biosynthesis,PWY-7238:_sucrose_biosynthesis_II,14
DTDPRHAMSYN-PWY:_dTDP-&beta;-L-rhamnose_biosynthesis,PWY-7242:_D-fructuronate_degradation,1
DTDPRHAMSYN-PWY:_dTDP-&beta;-L-rhamnose_biosynthesis,PWY-724:_superpathway_of_L-lysine,_L-threonine_and_L-methionine_biosynthesis_II,4
DTDPRHAMSYN-PWY:_dTDP-&beta;-L-rhamnose_biosynthesis,PWY-7282:_4-amino-2-methyl-5-diphosphomethylpyrimidine_biosynthesis_II,3
DTDPRHAMSYN-PWY:_dTDP-&beta;-L-rhamnose_biosynthesis,PWY-7312:_dTDP-&beta;-D-fucofuranose_biosynthesis,1
DTDPRHAMSYN-PWY:_dTDP-&beta;-L-rhamnose_biosynthesis,PWY-7315:_dTDP-N-acetylthomosamine_biosynthesis,2
DTDPRHAMSYN-PWY:_dTDP-&beta;-L-rhamnose_biosynthesis,PWY-7316:_dTDP-N-acetylviosamine_biosynthesis,1
DTDPRHAMSYN-PWY:_dTDP-&beta;-L-rhamnose_biosynthesis,PWY-7357:_thiamine_phosphate_formation_from_pyrithiamine_and_oxythiamine_(yeast),10
DTDPRHAMSYN-PWY:_dTDP-&beta;-L-rhamnose_biosynthesis,PWY-7560:_methylerythritol_phosphate_pathway_II,6
DTDPRHAMSYN-PWY:_dTDP-&beta;-L-rhamnose_biosynthesis,PWY-7663:_gondoate_biosynthesis_(anaerobic),12
DTDPRHAMSYN-PWY:_dTDP-&beta;-L-rhamnose_biosynthesis,PWY-7664:_oleate_biosynthesis_IV_(anaerobic),3
DTDPRHAMSYN-PWY:_dTDP-&beta;-L-rhamnose_biosynthesis,PWY-7688:_dTDP-&alpha;-D-ravidosamine_and_dTDP-4-acetyl-&alpha;-D-ravidosamine_biosynthesis,2
DTDPRHAMSYN-PWY:_dTDP-&beta;-L-rhamnose_biosynthesis,PWY-7790:_UMP_biosynthesis_II,21
DTDPRHAMSYN-PWY:_dTDP-&beta;-L-rhamnose_biosynthesis,PWY-7791:_UMP_biosynthesis_III,21
DTDPRHAMSYN-PWY:_dTDP-&beta;-L-rhamnose_biosynthesis,PWY-7851:_coenzyme_A_biosynthesis_II_(eukaryotic),21
DTDPRHAMSYN-PWY:_dTDP-&beta;-L-rhamnose_biosynthesis,PWY-7953:_UDP-N-acetylmuramoyl-pentapeptide_biosynthesis_III_(meso-diaminopimelate_containing),22
DTDPRHAMSYN-PWY:_dTDP-&beta;-L-rhamnose_biosynthesis,PWY-7977:_L-methionine_biosynthesis_IV,21
DTDPRHAMSYN-PWY:_dTDP-&beta;-L-rhamnose_biosynthesis,PWY-8004:_Entner-Doudoroff_pathway_I,1
DTDPRHAMSYN-PWY:_dTDP-&beta;-L-rhamnose_biosynthesis,PWY-8073:_lipid_IVA_biosynthesis_(P._putida),4
DTDPRHAMSYN-PWY:_dTDP-&beta;-L-rhamnose_biosynthesis,PWY-8178:_pentose_phosphate_pathway_(non-oxidative_branch)_II,7
DTDPRHAMSYN-PWY:_dTDP-&beta;-L-rhamnose_biosynthesis,PWY-8187:_L-arginine_degradation_XIII_(reductive_Stickland_reaction),1
DTDPRHAMSYN-PWY:_dTDP-&beta;-L-rhamnose_biosynthesis,PWY0-1061:_superpathway_of_L-alanine_biosynthesis,2
DTDPRHAMSYN-PWY:_dTDP-&beta;-L-rhamnose_biosynthesis,PWY0-1241:_ADP-L-glycero-&beta;-D-manno-heptose_biosynthesis,1
DTDPRHAMSYN-PWY:_dTDP-&beta;-L-rhamnose_biosynthesis,PWY0-1296:_purine_ribonucleosides_degradation,6
DTDPRHAMSYN-PWY:_dTDP-&beta;-L-rhamnose_biosynthesis,PWY0-1319:_CDP-diacylglycerol_biosynthesis_II,18
DTDPRHAMSYN-PWY:_dTDP-&beta;-L-rhamnose_biosynthesis,PWY0-1586:_peptidoglycan_maturation_(meso-diaminopimelate_containing),11
DTDPRHAMSYN-PWY:_dTDP-&beta;-L-rhamnose_biosynthesis,PWY0-162:_superpathway_of_pyrimidine_ribonucleotides_de_novo_biosynthesis,2
DTDPRHAMSYN-PWY:_dTDP-&beta;-L-rhamnose_biosynthesis,PWY0-845:_superpathway_of_pyridoxal_5'-phosphate_biosynthesis_and_salvage,6
DTDPRHAMSYN-PWY:_dTDP-&beta;-L-rhamnose_biosynthesis,PWY0-862:_(5Z)-dodecenoate_biosynthesis_I,3
DTDPRHAMSYN-PWY:_dTDP-&beta;-L-rhamnose_biosynthesis,PWY4FS-7:_phosphatidylglycerol_biosynthesis_I_(plastidic),1
DTDPRHAMSYN-PWY:_dTDP-&beta;-L-rhamnose_biosynthesis,PWY4FS-8:_phosphatidylglycerol_biosynthesis_II_(non-plastidic),1
DTDPRHAMSYN-PWY:_dTDP-&beta;-L-rhamnose_biosynthesis,PWY66-429:_fatty_acid_biosynthesis_initiation_(mitochondria),12
DTDPRHAMSYN-PWY:_dTDP-&beta;-L-rhamnose_biosynthesis,PYRIDNUCSYN-PWY:_NAD_de_novo_biosynthesis_I_(from_aspartate),12
DTDPRHAMSYN-PWY:_dTDP-&beta;-L-rhamnose_biosynthesis,PYRIDOXSYN-PWY:_pyridoxal_5'-phosphate_biosynthesis_I,7
DTDPRHAMSYN-PWY:_dTDP-&beta;-L-rhamnose_biosynthesis,RHAMCAT-PWY:_L-rhamnose_degradation_I,9
DTDPRHAMSYN-PWY:_dTDP-&beta;-L-rhamnose_biosynthesis,RIBOSYN2-PWY:_flavin_biosynthesis_I_(bacteria_and_plants),11
DTDPRHAMSYN-PWY:_dTDP-&beta;-L-rhamnose_biosynthesis,SALVADEHYPOX-PWY:_adenosine_nucleotides_degradation_II,1
DTDPRHAMSYN-PWY:_dTDP-&beta;-L-rhamnose_biosynthesis,SER-GLYSYN-PWY:_superpathway_of_L-serine_and_glycine_biosynthesis_I,18
DTDPRHAMSYN-PWY:_dTDP-&beta;-L-rhamnose_biosynthesis,THISYNARA-PWY:_superpathway_of_thiamine_diphosphate_biosynthesis_III_(eukaryotes),9
DTDPRHAMSYN-PWY:_dTDP-&beta;-L-rhamnose_biosynthesis,THRESYN-PWY:_superpathway_of_L-threonine_biosynthesis,8
DTDPRHAMSYN-PWY:_dTDP-&beta;-L-rhamnose_biosynthesis,TRNA-CHARGING-PWY:_tRNA_charging,19
DTDPRHAMSYN-PWY:_dTDP-&beta;-L-rhamnose_biosynthesis,UDPNAGSYN-PWY:_UDP-N-acetyl-D-glucosamine_biosynthesis_I,2
DTDPRHAMSYN-PWY:_dTDP-&beta;-L-rhamnose_biosynthesis,VALSYN-PWY:_L-valine_biosynthesis,23
FASYN-ELONG-PWY:_fatty_acid_elongation_--_saturated,GLUTORN-PWY:_L-ornithine_biosynthesis_I,1
FASYN-ELONG-PWY:_fatty_acid_elongation_--_saturated,HISDEG-PWY:_L-histidine_degradation_I,3
FASYN-ELONG-PWY:_fatty_acid_elongation_--_saturated,HISTSYN-PWY:_L-histidine_biosynthesis,2
FASYN-ELONG-PWY:_fatty_acid_elongation_--_saturated,ILEUSYN-PWY:_L-isoleucine_biosynthesis_I_(from_threonine),1
FASYN-ELONG-PWY:_fatty_acid_elongation_--_saturated,NAGLIPASYN-PWY:_lipid_IVA_biosynthesis_(E._coli),1
FASYN-ELONG-PWY:_fatty_acid_elongation_--_saturated,NONMEVIPP-PWY:_methylerythritol_phosphate_pathway_I,3
FASYN-ELONG-PWY:_fatty_acid_elongation_--_saturated,PANTO-PWY:_phosphopantothenate_biosynthesis_I,2
FASYN-ELONG-PWY:_fatty_acid_elongation_--_saturated,PANTOSYN-PWY:_superpathway_of_coenzyme_A_biosynthesis_I_(bacteria),1
FASYN-ELONG-PWY:_fatty_acid_elongation_--_saturated,PEPTIDOGLYCANSYN-PWY:_peptidoglycan_biosynthesis_I_(meso-diaminopimelate_containing),3
FASYN-ELONG-PWY:_fatty_acid_elongation_--_saturated,PWY-2942:_L-lysine_biosynthesis_III,3
FASYN-ELONG-PWY:_fatty_acid_elongation_--_saturated,PWY-3841:_folate_transformations_II_(plants),2
FASYN-ELONG-PWY:_fatty_acid_elongation_--_saturated,PWY-4984:_urea_cycle,2
FASYN-ELONG-PWY:_fatty_acid_elongation_--_saturated,PWY-5030:_L-histidine_degradation_III,2
FASYN-ELONG-PWY:_fatty_acid_elongation_--_saturated,PWY-5097:_L-lysine_biosynthesis_VI,3
FASYN-ELONG-PWY:_fatty_acid_elongation_--_saturated,PWY-5103:_L-isoleucine_biosynthesis_III,1
FASYN-ELONG-PWY:_fatty_acid_elongation_--_saturated,PWY-5154:_L-arginine_biosynthesis_III_(via_N-acetyl-L-citrulline),1
FASYN-ELONG-PWY:_fatty_acid_elongation_--_saturated,PWY-5667:_CDP-diacylglycerol_biosynthesis_I,3
FASYN-ELONG-PWY:_fatty_acid_elongation_--_saturated,PWY-5686:_UMP_biosynthesis_I,3
FASYN-ELONG-PWY:_fatty_acid_elongation_--_saturated,PWY-5695:_inosine_5'-phosphate_degradation,3
FASYN-ELONG-PWY:_fatty_acid_elongation_--_saturated,PWY-5973:_cis-vaccenate_biosynthesis,3
FASYN-ELONG-PWY:_fatty_acid_elongation_--_saturated,PWY-5989:_stearate_biosynthesis_II_(bacteria_and_plants),3
FASYN-ELONG-PWY:_fatty_acid_elongation_--_saturated,PWY-6121:_5-aminoimidazole_ribonucleotide_biosynthesis_I,3
FASYN-ELONG-PWY:_fatty_acid_elongation_--_saturated,PWY-6122:_5-aminoimidazole_ribonucleotide_biosynthesis_II,3
FASYN-ELONG-PWY:_fatty_acid_elongation_--_saturated,PWY-6123:_inosine-5'-phosphate_biosynthesis_I,3
FASYN-ELONG-PWY:_fatty_acid_elongation_--_saturated,PWY-6124:_inosine-5'-phosphate_biosynthesis_II,3
FASYN-ELONG-PWY:_fatty_acid_elongation_--_saturated,PWY-6125:_superpathway_of_guanosine_nucleotides_de_novo_biosynthesis_II,1
FASYN-ELONG-PWY:_fatty_acid_elongation_--_saturated,PWY-6126:_superpathway_of_adenosine_nucleotides_de_novo_biosynthesis_II,1
FASYN-ELONG-PWY:_fatty_acid_elongation_--_saturated,PWY-6147:_6-hydroxymethyl-dihydropterin_diphosphate_biosynthesis_I,1
FASYN-ELONG-PWY:_fatty_acid_elongation_--_saturated,PWY-6163:_chorismate_biosynthesis_from_3-dehydroquinate,2
FASYN-ELONG-PWY:_fatty_acid_elongation_--_saturated,PWY-6277:_superpathway_of_5-aminoimidazole_ribonucleotide_biosynthesis,3
FASYN-ELONG-PWY:_fatty_acid_elongation_--_saturated,PWY-6282:_palmitoleate_biosynthesis_I_(from_(5Z)-dodec-5-enoate),3
FASYN-ELONG-PWY:_fatty_acid_elongation_--_saturated,PWY-6385:_peptidoglycan_biosynthesis_III_(mycobacteria),2
FASYN-ELONG-PWY:_fatty_acid_elongation_--_saturated,PWY-6386:_UDP-N-acetylmuramoyl-pentapeptide_biosynthesis_II_(lysine-containing),2
FASYN-ELONG-PWY:_fatty_acid_elongation_--_saturated,PWY-6387:_UDP-N-acetylmuramoyl-pentapeptide_biosynthesis_I_(meso-diaminopimelate_containing),3
FASYN-ELONG-PWY:_fatty_acid_elongation_--_saturated,PWY-6519:_8-amino-7-oxononanoate_biosynthesis_I,1
FASYN-ELONG-PWY:_fatty_acid_elongation_--_saturated,PWY-6609:_adenine_and_adenosine_salvage_III,3
FASYN-ELONG-PWY:_fatty_acid_elongation_--_saturated,PWY-6700:_queuosine_biosynthesis_I_(de_novo),1
FASYN-ELONG-PWY:_fatty_acid_elongation_--_saturated,PWY-6703:_preQ0_biosynthesis,1
FASYN-ELONG-PWY:_fatty_acid_elongation_--_saturated,PWY-6902:_chitin_degradation_II_(Vibrio),1
FASYN-ELONG-PWY:_fatty_acid_elongation_--_saturated,PWY-7199:_pyrimidine_deoxyribonucleosides_salvage,1
FASYN-ELONG-PWY:_fatty_acid_elongation_--_saturated,PWY-7220:_adenosine_deoxyribonucleotides_de_novo_biosynthesis_II,1
FASYN-ELONG-PWY:_fatty_acid_elongation_--_saturated,PWY-7221:_guanosine_ribonucleotides_de_novo_biosynthesis,3
FASYN-ELONG-PWY:_fatty_acid_elongation_--_saturated,PWY-7222:_guanosine_deoxyribonucleotides_de_novo_biosynthesis_II,1
FASYN-ELONG-PWY:_fatty_acid_elongation_--_saturated,PWY-7228:_superpathway_of_guanosine_nucleotides_de_novo_biosynthesis_I,1
FASYN-ELONG-PWY:_fatty_acid_elongation_--_saturated,PWY-7229:_superpathway_of_adenosine_nucleotides_de_novo_biosynthesis_I,1
FASYN-ELONG-PWY:_fatty_acid_elongation_--_saturated,PWY-7234:_inosine-5'-phosphate_biosynthesis_III,2
FASYN-ELONG-PWY:_fatty_acid_elongation_--_saturated,PWY-7238:_sucrose_biosynthesis_II,1
FASYN-ELONG-PWY:_fatty_acid_elongation_--_saturated,PWY-7316:_dTDP-N-acetylviosamine_biosynthesis,1
FASYN-ELONG-PWY:_fatty_acid_elongation_--_saturated,PWY-7663:_gondoate_biosynthesis_(anaerobic),3
FASYN-ELONG-PWY:_fatty_acid_elongation_--_saturated,PWY-7664:_oleate_biosynthesis_IV_(anaerobic),3
FASYN-ELONG-PWY:_fatty_acid_elongation_--_saturated,PWY-7688:_dTDP-&alpha;-D-ravidosamine_and_dTDP-4-acetyl-&alpha;-D-ravidosamine_biosynthesis,1
FASYN-ELONG-PWY:_fatty_acid_elongation_--_saturated,PWY-7790:_UMP_biosynthesis_II,3
FASYN-ELONG-PWY:_fatty_acid_elongation_--_saturated,PWY-7791:_UMP_biosynthesis_III,3
FASYN-ELONG-PWY:_fatty_acid_elongation_--_saturated,PWY-7851:_coenzyme_A_biosynthesis_II_(eukaryotic),2
FASYN-ELONG-PWY:_fatty_acid_elongation_--_saturated,PWY-7953:_UDP-N-acetylmuramoyl-pentapeptide_biosynthesis_III_(meso-diaminopimelate_containing),3
FASYN-ELONG-PWY:_fatty_acid_elongation_--_saturated,PWY-7977:_L-methionine_biosynthesis_IV,3
FASYN-ELONG-PWY:_fatty_acid_elongation_--_saturated,PWY-8073:_lipid_IVA_biosynthesis_(P._putida),1
FASYN-ELONG-PWY:_fatty_acid_elongation_--_saturated,PWY0-1319:_CDP-diacylglycerol_biosynthesis_II,3
FASYN-ELONG-PWY:_fatty_acid_elongation_--_saturated,PWY0-862:_(5Z)-dodecenoate_biosynthesis_I,3
FASYN-ELONG-PWY:_fatty_acid_elongation_--_saturated,PWY66-429:_fatty_acid_biosynthesis_initiation_(mitochondria),1
FASYN-ELONG-PWY:_fatty_acid_elongation_--_saturated,PYRIDNUCSYN-PWY:_NAD_de_novo_biosynthesis_I_(from_aspartate),2
FASYN-ELONG-PWY:_fatty_acid_elongation_--_saturated,RHAMCAT-PWY:_L-rhamnose_degradation_I,1
FASYN-ELONG-PWY:_fatty_acid_elongation_--_saturated,RIBOSYN2-PWY:_flavin_biosynthesis_I_(bacteria_and_plants),1
FASYN-ELONG-PWY:_fatty_acid_elongation_--_saturated,SER-GLYSYN-PWY:_superpathway_of_L-serine_and_glycine_biosynthesis_I,3
FASYN-ELONG-PWY:_fatty_acid_elongation_--_saturated,TRNA-CHARGING-PWY:_tRNA_charging,2
FASYN-ELONG-PWY:_fatty_acid_elongation_--_saturated,VALSYN-PWY:_L-valine_biosynthesis,3
FUCCAT-PWY:_fucose_degradation,GLUTORN-PWY:_L-ornithine_biosynthesis_I,1
FUCCAT-PWY:_fucose_degradation,GLYCOGENSYNTH-PWY:_glycogen_biosynthesis_I_(from_ADP-D-Glucose),1
FUCCAT-PWY:_fucose_degradation,HISTSYN-PWY:_L-histidine_biosynthesis,1
FUCCAT-PWY:_fucose_degradation,HSERMETANA-PWY:_L-methionine_biosynthesis_III,1
FUCCAT-PWY:_fucose_degradation,ILEUSYN-PWY:_L-isoleucine_biosynthesis_I_(from_threonine),1
FUCCAT-PWY:_fucose_degradation,NONMEVIPP-PWY:_methylerythritol_phosphate_pathway_I,1
FUCCAT-PWY:_fucose_degradation,NONOXIPENT-PWY:_pentose_phosphate_pathway_(non-oxidative_branch)_I,1
FUCCAT-PWY:_fucose_degradation,PWY-2942:_L-lysine_biosynthesis_III,1
FUCCAT-PWY:_fucose_degradation,PWY-3841:_folate_transformations_II_(plants),1
FUCCAT-PWY:_fucose_degradation,PWY-5097:_L-lysine_biosynthesis_VI,1
FUCCAT-PWY:_fucose_degradation,PWY-5103:_L-isoleucine_biosynthesis_III,1
FUCCAT-PWY:_fucose_degradation,PWY-5659:_GDP-mannose_biosynthesis,1
FUCCAT-PWY:_fucose_degradation,PWY-5667:_CDP-diacylglycerol_biosynthesis_I,1
FUCCAT-PWY:_fucose_degradation,PWY-5686:_UMP_biosynthesis_I,1
FUCCAT-PWY:_fucose_degradation,PWY-5941:_glycogen_degradation_II,1
FUCCAT-PWY:_fucose_degradation,PWY-6121:_5-aminoimidazole_ribonucleotide_biosynthesis_I,1
FUCCAT-PWY:_fucose_degradation,PWY-6122:_5-aminoimidazole_ribonucleotide_biosynthesis_II,1
FUCCAT-PWY:_fucose_degradation,PWY-6123:_inosine-5'-phosphate_biosynthesis_I,1
FUCCAT-PWY:_fucose_degradation,PWY-6124:_inosine-5'-phosphate_biosynthesis_II,1
FUCCAT-PWY:_fucose_degradation,PWY-6163:_chorismate_biosynthesis_from_3-dehydroquinate,1
FUCCAT-PWY:_fucose_degradation,PWY-6277:_superpathway_of_5-aminoimidazole_ribonucleotide_biosynthesis,1
FUCCAT-PWY:_fucose_degradation,PWY-6317:_D-galactose_degradation_I_(Leloir_pathway),1
FUCCAT-PWY:_fucose_degradation,PWY-6386:_UDP-N-acetylmuramoyl-pentapeptide_biosynthesis_II_(lysine-containing),1
FUCCAT-PWY:_fucose_degradation,PWY-6527:_stachyose_degradation,1
FUCCAT-PWY:_fucose_degradation,PWY-6609:_adenine_and_adenosine_salvage_III,1
FUCCAT-PWY:_fucose_degradation,PWY-6630:_superpathway_of_L-tyrosine_biosynthesis,1
FUCCAT-PWY:_fucose_degradation,PWY-6700:_queuosine_biosynthesis_I_(de_novo),1
FUCCAT-PWY:_fucose_degradation,PWY-7111:_pyruvate_fermentation_to_isobutanol_(engineered),1
FUCCAT-PWY:_fucose_degradation,PWY-7208:_superpathway_of_pyrimidine_nucleobases_salvage,1
FUCCAT-PWY:_fucose_degradation,PWY-7221:_guanosine_ribonucleotides_de_novo_biosynthesis,1
FUCCAT-PWY:_fucose_degradation,PWY-7238:_sucrose_biosynthesis_II,1
FUCCAT-PWY:_fucose_degradation,PWY-7357:_thiamine_phosphate_formation_from_pyrithiamine_and_oxythiamine_(yeast),1
FUCCAT-PWY:_fucose_degradation,PWY-7456:_&beta;-(1,4)-mannan_degradation,1
FUCCAT-PWY:_fucose_degradation,PWY-7790:_UMP_biosynthesis_II,1
FUCCAT-PWY:_fucose_degradation,PWY-7791:_UMP_biosynthesis_III,1
FUCCAT-PWY:_fucose_degradation,PWY-7977:_L-methionine_biosynthesis_IV,1
FUCCAT-PWY:_fucose_degradation,PWY-8178:_pentose_phosphate_pathway_(non-oxidative_branch)_II,1
FUCCAT-PWY:_fucose_degradation,PWY0-1319:_CDP-diacylglycerol_biosynthesis_II,1
FUCCAT-PWY:_fucose_degradation,PWY66-429:_fatty_acid_biosynthesis_initiation_(mitochondria),1
FUCCAT-PWY:_fucose_degradation,SER-GLYSYN-PWY:_superpathway_of_L-serine_and_glycine_biosynthesis_I,1
FUCCAT-PWY:_fucose_degradation,UDPNAGSYN-PWY:_UDP-N-acetyl-D-glucosamine_biosynthesis_I,1
FUCCAT-PWY:_fucose_degradation,VALSYN-PWY:_L-valine_biosynthesis,1
GALACTUROCAT-PWY:_D-galacturonate_degradation_I,GLCMANNANAUT-PWY:_superpathway_of_N-acetylglucosamine,_N-acetylmannosamine_and_N-acetylneuraminate_degradation,1
GALACTUROCAT-PWY:_D-galacturonate_degradation_I,GLUCUROCAT-PWY:_superpathway_of_&beta;-D-glucuronosides_degradation,1
GALACTUROCAT-PWY:_D-galacturonate_degradation_I,GLUTORN-PWY:_L-ornithine_biosynthesis_I,1
GALACTUROCAT-PWY:_D-galacturonate_degradation_I,GLYCOGENSYNTH-PWY:_glycogen_biosynthesis_I_(from_ADP-D-Glucose),1
GALACTUROCAT-PWY:_D-galacturonate_degradation_I,HISDEG-PWY:_L-histidine_degradation_I,1
GALACTUROCAT-PWY:_D-galacturonate_degradation_I,HISTSYN-PWY:_L-histidine_biosynthesis,2
GALACTUROCAT-PWY:_D-galacturonate_degradation_I,PEPTIDOGLYCANSYN-PWY:_peptidoglycan_biosynthesis_I_(meso-diaminopimelate_containing),1
GALACTUROCAT-PWY:_D-galacturonate_degradation_I,PWY-1042:_glycolysis_IV,2
GALACTUROCAT-PWY:_D-galacturonate_degradation_I,PWY-1269:_CMP-3-deoxy-D-manno-octulosonate_biosynthesis,1
GALACTUROCAT-PWY:_D-galacturonate_degradation_I,PWY-2942:_L-lysine_biosynthesis_III,1
GALACTUROCAT-PWY:_D-galacturonate_degradation_I,PWY-5030:_L-histidine_degradation_III,1
GALACTUROCAT-PWY:_D-galacturonate_degradation_I,PWY-5097:_L-lysine_biosynthesis_VI,1
GALACTUROCAT-PWY:_D-galacturonate_degradation_I,PWY-5384:_sucrose_degradation_IV_(sucrose_phosphorylase),1
GALACTUROCAT-PWY:_D-galacturonate_degradation_I,PWY-5659:_GDP-mannose_biosynthesis,2
GALACTUROCAT-PWY:_D-galacturonate_degradation_I,PWY-5667:_CDP-diacylglycerol_biosynthesis_I,1
GALACTUROCAT-PWY:_D-galacturonate_degradation_I,PWY-5686:_UMP_biosynthesis_I,1
GALACTUROCAT-PWY:_D-galacturonate_degradation_I,PWY-5695:_inosine_5'-phosphate_degradation,2
GALACTUROCAT-PWY:_D-galacturonate_degradation_I,PWY-5941:_glycogen_degradation_II,1
GALACTUROCAT-PWY:_D-galacturonate_degradation_I,PWY-6121:_5-aminoimidazole_ribonucleotide_biosynthesis_I,2
GALACTUROCAT-PWY:_D-galacturonate_degradation_I,PWY-6122:_5-aminoimidazole_ribonucleotide_biosynthesis_II,2
GALACTUROCAT-PWY:_D-galacturonate_degradation_I,PWY-6123:_inosine-5'-phosphate_biosynthesis_I,1
GALACTUROCAT-PWY:_D-galacturonate_degradation_I,PWY-6124:_inosine-5'-phosphate_biosynthesis_II,1
GALACTUROCAT-PWY:_D-galacturonate_degradation_I,PWY-6151:_S-adenosyl-L-methionine_salvage_I,1
GALACTUROCAT-PWY:_D-galacturonate_degradation_I,PWY-6163:_chorismate_biosynthesis_from_3-dehydroquinate,2
GALACTUROCAT-PWY:_D-galacturonate_degradation_I,PWY-6277:_superpathway_of_5-aminoimidazole_ribonucleotide_biosynthesis,2
GALACTUROCAT-PWY:_D-galacturonate_degradation_I,PWY-6317:_D-galactose_degradation_I_(Leloir_pathway),1
GALACTUROCAT-PWY:_D-galacturonate_degradation_I,PWY-6386:_UDP-N-acetylmuramoyl-pentapeptide_biosynthesis_II_(lysine-containing),1
GALACTUROCAT-PWY:_D-galacturonate_degradation_I,PWY-6387:_UDP-N-acetylmuramoyl-pentapeptide_biosynthesis_I_(meso-diaminopimelate_containing),1
GALACTUROCAT-PWY:_D-galacturonate_degradation_I,PWY-6507:_4-deoxy-L-threo-hex-4-enopyranuronate_degradation,1
GALACTUROCAT-PWY:_D-galacturonate_degradation_I,PWY-6527:_stachyose_degradation,1
GALACTUROCAT-PWY:_D-galacturonate_degradation_I,PWY-6608:_guanosine_nucleotides_degradation_III,1
GALACTUROCAT-PWY:_D-galacturonate_degradation_I,PWY-6609:_adenine_and_adenosine_salvage_III,2
GALACTUROCAT-PWY:_D-galacturonate_degradation_I,PWY-6700:_queuosine_biosynthesis_I_(de_novo),1
GALACTUROCAT-PWY:_D-galacturonate_degradation_I,PWY-6823:_molybdopterin_biosynthesis,1
GALACTUROCAT-PWY:_D-galacturonate_degradation_I,PWY-6897:_thiamine_diphosphate_salvage_II,1
GALACTUROCAT-PWY:_D-galacturonate_degradation_I,PWY-7111:_pyruvate_fermentation_to_isobutanol_(engineered),1
GALACTUROCAT-PWY:_D-galacturonate_degradation_I,PWY-7221:_guanosine_ribonucleotides_de_novo_biosynthesis,2
GALACTUROCAT-PWY:_D-galacturonate_degradation_I,PWY-7237:_myo-,_chiro-_and_scyllo-inositol_degradation,1
GALACTUROCAT-PWY:_D-galacturonate_degradation_I,PWY-7238:_sucrose_biosynthesis_II,2
GALACTUROCAT-PWY:_D-galacturonate_degradation_I,PWY-7242:_D-fructuronate_degradation,1
GALACTUROCAT-PWY:_D-galacturonate_degradation_I,PWY-724:_superpathway_of_L-lysine,_L-threonine_and_L-methionine_biosynthesis_II,1
GALACTUROCAT-PWY:_D-galacturonate_degradation_I,PWY-7357:_thiamine_phosphate_formation_from_pyrithiamine_and_oxythiamine_(yeast),1
GALACTUROCAT-PWY:_D-galacturonate_degradation_I,PWY-7790:_UMP_biosynthesis_II,1
GALACTUROCAT-PWY:_D-galacturonate_degradation_I,PWY-7791:_UMP_biosynthesis_III,1
GALACTUROCAT-PWY:_D-galacturonate_degradation_I,PWY-7851:_coenzyme_A_biosynthesis_II_(eukaryotic),1
GALACTUROCAT-PWY:_D-galacturonate_degradation_I,PWY-7977:_L-methionine_biosynthesis_IV,2
GALACTUROCAT-PWY:_D-galacturonate_degradation_I,PWY0-1296:_purine_ribonucleosides_degradation,1
GALACTUROCAT-PWY:_D-galacturonate_degradation_I,PWY0-1319:_CDP-diacylglycerol_biosynthesis_II,1
GALACTUROCAT-PWY:_D-galacturonate_degradation_I,PYRIDNUCSYN-PWY:_NAD_de_novo_biosynthesis_I_(from_aspartate),1
GALACTUROCAT-PWY:_D-galacturonate_degradation_I,RIBOSYN2-PWY:_flavin_biosynthesis_I_(bacteria_and_plants),1
GALACTUROCAT-PWY:_D-galacturonate_degradation_I,SALVADEHYPOX-PWY:_adenosine_nucleotides_degradation_II,1
GALACTUROCAT-PWY:_D-galacturonate_degradation_I,SER-GLYSYN-PWY:_superpathway_of_L-serine_and_glycine_biosynthesis_I,2
GALACTUROCAT-PWY:_D-galacturonate_degradation_I,THISYNARA-PWY:_superpathway_of_thiamine_diphosphate_biosynthesis_III_(eukaryotes),1
GALACTUROCAT-PWY:_D-galacturonate_degradation_I,THRESYN-PWY:_superpathway_of_L-threonine_biosynthesis,1
GALACTUROCAT-PWY:_D-galacturonate_degradation_I,TRNA-CHARGING-PWY:_tRNA_charging,2
GALACTUROCAT-PWY:_D-galacturonate_degradation_I,VALSYN-PWY:_L-valine_biosynthesis,1
GLCMANNANAUT-PWY:_superpathway_of_N-acetylglucosamine,_N-acetylmannosamine_and_N-acetylneuraminate_degradation,GLUCUROCAT-PWY:_superpathway_of_&beta;-D-glucuronosides_degradation,1
GLCMANNANAUT-PWY:_superpathway_of_N-acetylglucosamine,_N-acetylmannosamine_and_N-acetylneuraminate_degradation,GLUTORN-PWY:_L-ornithine_biosynthesis_I,1
GLCMANNANAUT-PWY:_superpathway_of_N-acetylglucosamine,_N-acetylmannosamine_and_N-acetylneuraminate_degradation,GLYCOGENSYNTH-PWY:_glycogen_biosynthesis_I_(from_ADP-D-Glucose),1
GLCMANNANAUT-PWY:_superpathway_of_N-acetylglucosamine,_N-acetylmannosamine_and_N-acetylneuraminate_degradation,HISTSYN-PWY:_L-histidine_biosynthesis,1
GLCMANNANAUT-PWY:_superpathway_of_N-acetylglucosamine,_N-acetylmannosamine_and_N-acetylneuraminate_degradation,PEPTIDOGLYCANSYN-PWY:_peptidoglycan_biosynthesis_I_(meso-diaminopimelate_containing),1
GLCMANNANAUT-PWY:_superpathway_of_N-acetylglucosamine,_N-acetylmannosamine_and_N-acetylneuraminate_degradation,PWY-1042:_glycolysis_IV,1
GLCMANNANAUT-PWY:_superpathway_of_N-acetylglucosamine,_N-acetylmannosamine_and_N-acetylneuraminate_degradation,PWY-5097:_L-lysine_biosynthesis_VI,1
GLCMANNANAUT-PWY:_superpathway_of_N-acetylglucosamine,_N-acetylmannosamine_and_N-acetylneuraminate_degradation,PWY-5384:_sucrose_degradation_IV_(sucrose_phosphorylase),1
GLCMANNANAUT-PWY:_superpathway_of_N-acetylglucosamine,_N-acetylmannosamine_and_N-acetylneuraminate_degradation,PWY-5659:_GDP-mannose_biosynthesis,1
GLCMANNANAUT-PWY:_superpathway_of_N-acetylglucosamine,_N-acetylmannosamine_and_N-acetylneuraminate_degradation,PWY-5667:_CDP-diacylglycerol_biosynthesis_I,1
GLCMANNANAUT-PWY:_superpathway_of_N-acetylglucosamine,_N-acetylmannosamine_and_N-acetylneuraminate_degradation,PWY-5686:_UMP_biosynthesis_I,1
GLCMANNANAUT-PWY:_superpathway_of_N-acetylglucosamine,_N-acetylmannosamine_and_N-acetylneuraminate_degradation,PWY-5695:_inosine_5'-phosphate_degradation,1
GLCMANNANAUT-PWY:_superpathway_of_N-acetylglucosamine,_N-acetylmannosamine_and_N-acetylneuraminate_degradation,PWY-5941:_glycogen_degradation_II,1
GLCMANNANAUT-PWY:_superpathway_of_N-acetylglucosamine,_N-acetylmannosamine_and_N-acetylneuraminate_degradation,PWY-6121:_5-aminoimidazole_ribonucleotide_biosynthesis_I,1
GLCMANNANAUT-PWY:_superpathway_of_N-acetylglucosamine,_N-acetylmannosamine_and_N-acetylneuraminate_degradation,PWY-6122:_5-aminoimidazole_ribonucleotide_biosynthesis_II,1
GLCMANNANAUT-PWY:_superpathway_of_N-acetylglucosamine,_N-acetylmannosamine_and_N-acetylneuraminate_degradation,PWY-6123:_inosine-5'-phosphate_biosynthesis_I,1
GLCMANNANAUT-PWY:_superpathway_of_N-acetylglucosamine,_N-acetylmannosamine_and_N-acetylneuraminate_degradation,PWY-6124:_inosine-5'-phosphate_biosynthesis_II,1
GLCMANNANAUT-PWY:_superpathway_of_N-acetylglucosamine,_N-acetylmannosamine_and_N-acetylneuraminate_degradation,PWY-6151:_S-adenosyl-L-methionine_salvage_I,1
GLCMANNANAUT-PWY:_superpathway_of_N-acetylglucosamine,_N-acetylmannosamine_and_N-acetylneuraminate_degradation,PWY-6163:_chorismate_biosynthesis_from_3-dehydroquinate,1
GLCMANNANAUT-PWY:_superpathway_of_N-acetylglucosamine,_N-acetylmannosamine_and_N-acetylneuraminate_degradation,PWY-6277:_superpathway_of_5-aminoimidazole_ribonucleotide_biosynthesis,1
GLCMANNANAUT-PWY:_superpathway_of_N-acetylglucosamine,_N-acetylmannosamine_and_N-acetylneuraminate_degradation,PWY-6317:_D-galactose_degradation_I_(Leloir_pathway),1
GLCMANNANAUT-PWY:_superpathway_of_N-acetylglucosamine,_N-acetylmannosamine_and_N-acetylneuraminate_degradation,PWY-6386:_UDP-N-acetylmuramoyl-pentapeptide_biosynthesis_II_(lysine-containing),1
GLCMANNANAUT-PWY:_superpathway_of_N-acetylglucosamine,_N-acetylmannosamine_and_N-acetylneuraminate_degradation,PWY-6387:_UDP-N-acetylmuramoyl-pentapeptide_biosynthesis_I_(meso-diaminopimelate_containing),1
GLCMANNANAUT-PWY:_superpathway_of_N-acetylglucosamine,_N-acetylmannosamine_and_N-acetylneuraminate_degradation,PWY-6507:_4-deoxy-L-threo-hex-4-enopyranuronate_degradation,1
GLCMANNANAUT-PWY:_superpathway_of_N-acetylglucosamine,_N-acetylmannosamine_and_N-acetylneuraminate_degradation,PWY-6527:_stachyose_degradation,1
GLCMANNANAUT-PWY:_superpathway_of_N-acetylglucosamine,_N-acetylmannosamine_and_N-acetylneuraminate_degradation,PWY-6608:_guanosine_nucleotides_degradation_III,1
GLCMANNANAUT-PWY:_superpathway_of_N-acetylglucosamine,_N-acetylmannosamine_and_N-acetylneuraminate_degradation,PWY-6609:_adenine_and_adenosine_salvage_III,1
GLCMANNANAUT-PWY:_superpathway_of_N-acetylglucosamine,_N-acetylmannosamine_and_N-acetylneuraminate_degradation,PWY-6700:_queuosine_biosynthesis_I_(de_novo),1
GLCMANNANAUT-PWY:_superpathway_of_N-acetylglucosamine,_N-acetylmannosamine_and_N-acetylneuraminate_degradation,PWY-6823:_molybdopterin_biosynthesis,1
GLCMANNANAUT-PWY:_superpathway_of_N-acetylglucosamine,_N-acetylmannosamine_and_N-acetylneuraminate_degradation,PWY-6897:_thiamine_diphosphate_salvage_II,1
GLCMANNANAUT-PWY:_superpathway_of_N-acetylglucosamine,_N-acetylmannosamine_and_N-acetylneuraminate_degradation,PWY-7111:_pyruvate_fermentation_to_isobutanol_(engineered),1
GLCMANNANAUT-PWY:_superpathway_of_N-acetylglucosamine,_N-acetylmannosamine_and_N-acetylneuraminate_degradation,PWY-7221:_guanosine_ribonucleotides_de_novo_biosynthesis,1
GLCMANNANAUT-PWY:_superpathway_of_N-acetylglucosamine,_N-acetylmannosamine_and_N-acetylneuraminate_degradation,PWY-7237:_myo-,_chiro-_and_scyllo-inositol_degradation,1
GLCMANNANAUT-PWY:_superpathway_of_N-acetylglucosamine,_N-acetylmannosamine_and_N-acetylneuraminate_degradation,PWY-7238:_sucrose_biosynthesis_II,1
GLCMANNANAUT-PWY:_superpathway_of_N-acetylglucosamine,_N-acetylmannosamine_and_N-acetylneuraminate_degradation,PWY-7242:_D-fructuronate_degradation,1
GLCMANNANAUT-PWY:_superpathway_of_N-acetylglucosamine,_N-acetylmannosamine_and_N-acetylneuraminate_degradation,PWY-724:_superpathway_of_L-lysine,_L-threonine_and_L-methionine_biosynthesis_II,1
GLCMANNANAUT-PWY:_superpathway_of_N-acetylglucosamine,_N-acetylmannosamine_and_N-acetylneuraminate_degradation,PWY-7357:_thiamine_phosphate_formation_from_pyrithiamine_and_oxythiamine_(yeast),1
GLCMANNANAUT-PWY:_superpathway_of_N-acetylglucosamine,_N-acetylmannosamine_and_N-acetylneuraminate_degradation,PWY-7790:_UMP_biosynthesis_II,1
GLCMANNANAUT-PWY:_superpathway_of_N-acetylglucosamine,_N-acetylmannosamine_and_N-acetylneuraminate_degradation,PWY-7791:_UMP_biosynthesis_III,1
GLCMANNANAUT-PWY:_superpathway_of_N-acetylglucosamine,_N-acetylmannosamine_and_N-acetylneuraminate_degradation,PWY-7851:_coenzyme_A_biosynthesis_II_(eukaryotic),1
GLCMANNANAUT-PWY:_superpathway_of_N-acetylglucosamine,_N-acetylmannosamine_and_N-acetylneuraminate_degradation,PWY-7977:_L-methionine_biosynthesis_IV,1
GLCMANNANAUT-PWY:_superpathway_of_N-acetylglucosamine,_N-acetylmannosamine_and_N-acetylneuraminate_degradation,PWY0-1296:_purine_ribonucleosides_degradation,1
GLCMANNANAUT-PWY:_superpathway_of_N-acetylglucosamine,_N-acetylmannosamine_and_N-acetylneuraminate_degradation,PWY0-1319:_CDP-diacylglycerol_biosynthesis_II,1
GLCMANNANAUT-PWY:_superpathway_of_N-acetylglucosamine,_N-acetylmannosamine_and_N-acetylneuraminate_degradation,RIBOSYN2-PWY:_flavin_biosynthesis_I_(bacteria_and_plants),1
GLCMANNANAUT-PWY:_superpathway_of_N-acetylglucosamine,_N-acetylmannosamine_and_N-acetylneuraminate_degradation,SALVADEHYPOX-PWY:_adenosine_nucleotides_degradation_II,1
GLCMANNANAUT-PWY:_superpathway_of_N-acetylglucosamine,_N-acetylmannosamine_and_N-acetylneuraminate_degradation,SER-GLYSYN-PWY:_superpathway_of_L-serine_and_glycine_biosynthesis_I,1
GLCMANNANAUT-PWY:_superpathway_of_N-acetylglucosamine,_N-acetylmannosamine_and_N-acetylneuraminate_degradation,THISYNARA-PWY:_superpathway_of_thiamine_diphosphate_biosynthesis_III_(eukaryotes),1
GLCMANNANAUT-PWY:_superpathway_of_N-acetylglucosamine,_N-acetylmannosamine_and_N-acetylneuraminate_degradation,THRESYN-PWY:_superpathway_of_L-threonine_biosynthesis,1
GLCMANNANAUT-PWY:_superpathway_of_N-acetylglucosamine,_N-acetylmannosamine_and_N-acetylneuraminate_degradation,TRNA-CHARGING-PWY:_tRNA_charging,1
GLCMANNANAUT-PWY:_superpathway_of_N-acetylglucosamine,_N-acetylmannosamine_and_N-acetylneuraminate_degradation,VALSYN-PWY:_L-valine_biosynthesis,1
GLUCONEO-PWY:_gluconeogenesis_I,GLYCOLYSIS:_glycolysis_I_(from_glucose_6-phosphate),1
GLUCONEO-PWY:_gluconeogenesis_I,HISTSYN-PWY:_L-histidine_biosynthesis,1
GLUCONEO-PWY:_gluconeogenesis_I,ILEUSYN-PWY:_L-isoleucine_biosynthesis_I_(from_threonine),1
GLUCONEO-PWY:_gluconeogenesis_I,NONMEVIPP-PWY:_methylerythritol_phosphate_pathway_I,1
GLUCONEO-PWY:_gluconeogenesis_I,PANTO-PWY:_phosphopantothenate_biosynthesis_I,1
GLUCONEO-PWY:_gluconeogenesis_I,PANTOSYN-PWY:_superpathway_of_coenzyme_A_biosynthesis_I_(bacteria),1
GLUCONEO-PWY:_gluconeogenesis_I,PWY-1042:_glycolysis_IV,1
GLUCONEO-PWY:_gluconeogenesis_I,PWY-5030:_L-histidine_degradation_III,1
GLUCONEO-PWY:_gluconeogenesis_I,PWY-5103:_L-isoleucine_biosynthesis_III,1
GLUCONEO-PWY:_gluconeogenesis_I,PWY-5484:_glycolysis_II_(from_fructose_6-phosphate),1
GLUCONEO-PWY:_gluconeogenesis_I,PWY-5667:_CDP-diacylglycerol_biosynthesis_I,1
GLUCONEO-PWY:_gluconeogenesis_I,PWY-6147:_6-hydroxymethyl-dihydropterin_diphosphate_biosynthesis_I,1
GLUCONEO-PWY:_gluconeogenesis_I,PWY-6163:_chorismate_biosynthesis_from_3-dehydroquinate,1
GLUCONEO-PWY:_gluconeogenesis_I,PWY-621:_sucrose_degradation_III_(sucrose_invertase),1
GLUCONEO-PWY:_gluconeogenesis_I,PWY-6270:_isoprene_biosynthesis_I,1
GLUCONEO-PWY:_gluconeogenesis_I,PWY-6609:_adenine_and_adenosine_salvage_III,1
GLUCONEO-PWY:_gluconeogenesis_I,PWY-6700:_queuosine_biosynthesis_I_(de_novo),1
GLUCONEO-PWY:_gluconeogenesis_I,PWY-6703:_preQ0_biosynthesis,1
GLUCONEO-PWY:_gluconeogenesis_I,PWY-6897:_thiamine_diphosphate_salvage_II,1
GLUCONEO-PWY:_gluconeogenesis_I,PWY-7221:_guanosine_ribonucleotides_de_novo_biosynthesis,1
GLUCONEO-PWY:_gluconeogenesis_I,PWY-7237:_myo-,_chiro-_and_scyllo-inositol_degradation,1
GLUCONEO-PWY:_gluconeogenesis_I,PWY-7357:_thiamine_phosphate_formation_from_pyrithiamine_and_oxythiamine_(yeast),1
GLUCONEO-PWY:_gluconeogenesis_I,PWY-7560:_methylerythritol_phosphate_pathway_II,1
GLUCONEO-PWY:_gluconeogenesis_I,PWY-7851:_coenzyme_A_biosynthesis_II_(eukaryotic),1
GLUCONEO-PWY:_gluconeogenesis_I,PWY-7977:_L-methionine_biosynthesis_IV,1
GLUCONEO-PWY:_gluconeogenesis_I,PWY0-1319:_CDP-diacylglycerol_biosynthesis_II,1
GLUCONEO-PWY:_gluconeogenesis_I,PWY0-1586:_peptidoglycan_maturation_(meso-diaminopimelate_containing),1
GLUCONEO-PWY:_gluconeogenesis_I,PYRIDNUCSYN-PWY:_NAD_de_novo_biosynthesis_I_(from_aspartate),1
GLUCONEO-PWY:_gluconeogenesis_I,RHAMCAT-PWY:_L-rhamnose_degradation_I,1
GLUCONEO-PWY:_gluconeogenesis_I,THISYNARA-PWY:_superpathway_of_thiamine_diphosphate_biosynthesis_III_(eukaryotes),1
GLUCONEO-PWY:_gluconeogenesis_I,TRNA-CHARGING-PWY:_tRNA_charging,1
GLUCONEO-PWY:_gluconeogenesis_I,VALSYN-PWY:_L-valine_biosynthesis,1
GLUCUROCAT-PWY:_superpathway_of_&beta;-D-glucuronosides_degradation,GLUTORN-PWY:_L-ornithine_biosynthesis_I,1
GLUCUROCAT-PWY:_superpathway_of_&beta;-D-glucuronosides_degradation,GLYCOGENSYNTH-PWY:_glycogen_biosynthesis_I_(from_ADP-D-Glucose),1
GLUCUROCAT-PWY:_superpathway_of_&beta;-D-glucuronosides_degradation,HISTSYN-PWY:_L-histidine_biosynthesis,1
GLUCUROCAT-PWY:_superpathway_of_&beta;-D-glucuronosides_degradation,PEPTIDOGLYCANSYN-PWY:_peptidoglycan_biosynthesis_I_(meso-diaminopimelate_containing),1
GLUCUROCAT-PWY:_superpathway_of_&beta;-D-glucuronosides_degradation,PWY-1042:_glycolysis_IV,1
GLUCUROCAT-PWY:_superpathway_of_&beta;-D-glucuronosides_degradation,PWY-5097:_L-lysine_biosynthesis_VI,1
GLUCUROCAT-PWY:_superpathway_of_&beta;-D-glucuronosides_degradation,PWY-5384:_sucrose_degradation_IV_(sucrose_phosphorylase),1
GLUCUROCAT-PWY:_superpathway_of_&beta;-D-glucuronosides_degradation,PWY-5659:_GDP-mannose_biosynthesis,1
GLUCUROCAT-PWY:_superpathway_of_&beta;-D-glucuronosides_degradation,PWY-5667:_CDP-diacylglycerol_biosynthesis_I,1
GLUCUROCAT-PWY:_superpathway_of_&beta;-D-glucuronosides_degradation,PWY-5686:_UMP_biosynthesis_I,1
GLUCUROCAT-PWY:_superpathway_of_&beta;-D-glucuronosides_degradation,PWY-5695:_inosine_5'-phosphate_degradation,1
GLUCUROCAT-PWY:_superpathway_of_&beta;-D-glucuronosides_degradation,PWY-5941:_glycogen_degradation_II,1
GLUCUROCAT-PWY:_superpathway_of_&beta;-D-glucuronosides_degradation,PWY-6121:_5-aminoimidazole_ribonucleotide_biosynthesis_I,1
GLUCUROCAT-PWY:_superpathway_of_&beta;-D-glucuronosides_degradation,PWY-6122:_5-aminoimidazole_ribonucleotide_biosynthesis_II,1
GLUCUROCAT-PWY:_superpathway_of_&beta;-D-glucuronosides_degradation,PWY-6123:_inosine-5'-phosphate_biosynthesis_I,1
GLUCUROCAT-PWY:_superpathway_of_&beta;-D-glucuronosides_degradation,PWY-6124:_inosine-5'-phosphate_biosynthesis_II,1
GLUCUROCAT-PWY:_superpathway_of_&beta;-D-glucuronosides_degradation,PWY-6151:_S-adenosyl-L-methionine_salvage_I,1
GLUCUROCAT-PWY:_superpathway_of_&beta;-D-glucuronosides_degradation,PWY-6163:_chorismate_biosynthesis_from_3-dehydroquinate,1
GLUCUROCAT-PWY:_superpathway_of_&beta;-D-glucuronosides_degradation,PWY-6277:_superpathway_of_5-aminoimidazole_ribonucleotide_biosynthesis,1
GLUCUROCAT-PWY:_superpathway_of_&beta;-D-glucuronosides_degradation,PWY-6317:_D-galactose_degradation_I_(Leloir_pathway),1
GLUCUROCAT-PWY:_superpathway_of_&beta;-D-glucuronosides_degradation,PWY-6386:_UDP-N-acetylmuramoyl-pentapeptide_biosynthesis_II_(lysine-containing),1
GLUCUROCAT-PWY:_superpathway_of_&beta;-D-glucuronosides_degradation,PWY-6387:_UDP-N-acetylmuramoyl-pentapeptide_biosynthesis_I_(meso-diaminopimelate_containing),1
GLUCUROCAT-PWY:_superpathway_of_&beta;-D-glucuronosides_degradation,PWY-6507:_4-deoxy-L-threo-hex-4-enopyranuronate_degradation,1
GLUCUROCAT-PWY:_superpathway_of_&beta;-D-glucuronosides_degradation,PWY-6527:_stachyose_degradation,1
GLUCUROCAT-PWY:_superpathway_of_&beta;-D-glucuronosides_degradation,PWY-6608:_guanosine_nucleotides_degradation_III,1
GLUCUROCAT-PWY:_superpathway_of_&beta;-D-glucuronosides_degradation,PWY-6609:_adenine_and_adenosine_salvage_III,1
GLUCUROCAT-PWY:_superpathway_of_&beta;-D-glucuronosides_degradation,PWY-6700:_queuosine_biosynthesis_I_(de_novo),1
GLUCUROCAT-PWY:_superpathway_of_&beta;-D-glucuronosides_degradation,PWY-6823:_molybdopterin_biosynthesis,1
GLUCUROCAT-PWY:_superpathway_of_&beta;-D-glucuronosides_degradation,PWY-6897:_thiamine_diphosphate_salvage_II,1
GLUCUROCAT-PWY:_superpathway_of_&beta;-D-glucuronosides_degradation,PWY-7111:_pyruvate_fermentation_to_isobutanol_(engineered),1
GLUCUROCAT-PWY:_superpathway_of_&beta;-D-glucuronosides_degradation,PWY-7221:_guanosine_ribonucleotides_de_novo_biosynthesis,1
GLUCUROCAT-PWY:_superpathway_of_&beta;-D-glucuronosides_degradation,PWY-7237:_myo-,_chiro-_and_scyllo-inositol_degradation,1
GLUCUROCAT-PWY:_superpathway_of_&beta;-D-glucuronosides_degradation,PWY-7238:_sucrose_biosynthesis_II,1
GLUCUROCAT-PWY:_superpathway_of_&beta;-D-glucuronosides_degradation,PWY-7242:_D-fructuronate_degradation,1
GLUCUROCAT-PWY:_superpathway_of_&beta;-D-glucuronosides_degradation,PWY-724:_superpathway_of_L-lysine,_L-threonine_and_L-methionine_biosynthesis_II,1
GLUCUROCAT-PWY:_superpathway_of_&beta;-D-glucuronosides_degradation,PWY-7357:_thiamine_phosphate_formation_from_pyrithiamine_and_oxythiamine_(yeast),1
GLUCUROCAT-PWY:_superpathway_of_&beta;-D-glucuronosides_degradation,PWY-7790:_UMP_biosynthesis_II,1
GLUCUROCAT-PWY:_superpathway_of_&beta;-D-glucuronosides_degradation,PWY-7791:_UMP_biosynthesis_III,1
GLUCUROCAT-PWY:_superpathway_of_&beta;-D-glucuronosides_degradation,PWY-7851:_coenzyme_A_biosynthesis_II_(eukaryotic),1
GLUCUROCAT-PWY:_superpathway_of_&beta;-D-glucuronosides_degradation,PWY-7977:_L-methionine_biosynthesis_IV,1
GLUCUROCAT-PWY:_superpathway_of_&beta;-D-glucuronosides_degradation,PWY0-1296:_purine_ribonucleosides_degradation,1
GLUCUROCAT-PWY:_superpathway_of_&beta;-D-glucuronosides_degradation,PWY0-1319:_CDP-diacylglycerol_biosynthesis_II,1
GLUCUROCAT-PWY:_superpathway_of_&beta;-D-glucuronosides_degradation,RIBOSYN2-PWY:_flavin_biosynthesis_I_(bacteria_and_plants),1
GLUCUROCAT-PWY:_superpathway_of_&beta;-D-glucuronosides_degradation,SALVADEHYPOX-PWY:_adenosine_nucleotides_degradation_II,1
GLUCUROCAT-PWY:_superpathway_of_&beta;-D-glucuronosides_degradation,SER-GLYSYN-PWY:_superpathway_of_L-serine_and_glycine_biosynthesis_I,1
GLUCUROCAT-PWY:_superpathway_of_&beta;-D-glucuronosides_degradation,THISYNARA-PWY:_superpathway_of_thiamine_diphosphate_biosynthesis_III_(eukaryotes),1
GLUCUROCAT-PWY:_superpathway_of_&beta;-D-glucuronosides_degradation,THRESYN-PWY:_superpathway_of_L-threonine_biosynthesis,1
GLUCUROCAT-PWY:_superpathway_of_&beta;-D-glucuronosides_degradation,TRNA-CHARGING-PWY:_tRNA_charging,1
GLUCUROCAT-PWY:_superpathway_of_&beta;-D-glucuronosides_degradation,VALSYN-PWY:_L-valine_biosynthesis,1
GLUTORN-PWY:_L-ornithine_biosynthesis_I,GLYCOGENSYNTH-PWY:_glycogen_biosynthesis_I_(from_ADP-D-Glucose),10
GLUTORN-PWY:_L-ornithine_biosynthesis_I,HISDEG-PWY:_L-histidine_degradation_I,1
GLUTORN-PWY:_L-ornithine_biosynthesis_I,HISTSYN-PWY:_L-histidine_biosynthesis,5
GLUTORN-PWY:_L-ornithine_biosynthesis_I,HSERMETANA-PWY:_L-methionine_biosynthesis_III,4
GLUTORN-PWY:_L-ornithine_biosynthesis_I,ILEUSYN-PWY:_L-isoleucine_biosynthesis_I_(from_threonine),4
GLUTORN-PWY:_L-ornithine_biosynthesis_I,NONMEVIPP-PWY:_methylerythritol_phosphate_pathway_I,8
GLUTORN-PWY:_L-ornithine_biosynthesis_I,NONOXIPENT-PWY:_pentose_phosphate_pathway_(non-oxidative_branch)_I,5
GLUTORN-PWY:_L-ornithine_biosynthesis_I,P41-PWY:_pyruvate_fermentation_to_acetate_and_(S)-lactate_I,5
GLUTORN-PWY:_L-ornithine_biosynthesis_I,PANTO-PWY:_phosphopantothenate_biosynthesis_I,4
GLUTORN-PWY:_L-ornithine_biosynthesis_I,PANTOSYN-PWY:_superpathway_of_coenzyme_A_biosynthesis_I_(bacteria),4
GLUTORN-PWY:_L-ornithine_biosynthesis_I,PEPTIDOGLYCANSYN-PWY:_peptidoglycan_biosynthesis_I_(meso-diaminopimelate_containing),8
GLUTORN-PWY:_L-ornithine_biosynthesis_I,PWY-1042:_glycolysis_IV,5
GLUTORN-PWY:_L-ornithine_biosynthesis_I,PWY-2942:_L-lysine_biosynthesis_III,3
GLUTORN-PWY:_L-ornithine_biosynthesis_I,PWY-3841:_folate_transformations_II_(plants),6
GLUTORN-PWY:_L-ornithine_biosynthesis_I,PWY-4984:_urea_cycle,1
GLUTORN-PWY:_L-ornithine_biosynthesis_I,PWY-5030:_L-histidine_degradation_III,1
GLUTORN-PWY:_L-ornithine_biosynthesis_I,PWY-5097:_L-lysine_biosynthesis_VI,7
GLUTORN-PWY:_L-ornithine_biosynthesis_I,PWY-5100:_pyruvate_fermentation_to_acetate_and_lactate_II,5
GLUTORN-PWY:_L-ornithine_biosynthesis_I,PWY-5103:_L-isoleucine_biosynthesis_III,4
GLUTORN-PWY:_L-ornithine_biosynthesis_I,PWY-5154:_L-arginine_biosynthesis_III_(via_N-acetyl-L-citrulline),1
GLUTORN-PWY:_L-ornithine_biosynthesis_I,PWY-5188:_tetrapyrrole_biosynthesis_I_(from_glutamate),2
GLUTORN-PWY:_L-ornithine_biosynthesis_I,PWY-5384:_sucrose_degradation_IV_(sucrose_phosphorylase),2
GLUTORN-PWY:_L-ornithine_biosynthesis_I,PWY-5659:_GDP-mannose_biosynthesis,3
GLUTORN-PWY:_L-ornithine_biosynthesis_I,PWY-5667:_CDP-diacylglycerol_biosynthesis_I,8
GLUTORN-PWY:_L-ornithine_biosynthesis_I,PWY-5686:_UMP_biosynthesis_I,7
GLUTORN-PWY:_L-ornithine_biosynthesis_I,PWY-5695:_inosine_5'-phosphate_degradation,5
GLUTORN-PWY:_L-ornithine_biosynthesis_I,PWY-5941:_glycogen_degradation_II,6
GLUTORN-PWY:_L-ornithine_biosynthesis_I,PWY-5973:_cis-vaccenate_biosynthesis,1
GLUTORN-PWY:_L-ornithine_biosynthesis_I,PWY-5989:_stearate_biosynthesis_II_(bacteria_and_plants),1
GLUTORN-PWY:_L-ornithine_biosynthesis_I,PWY-6121:_5-aminoimidazole_ribonucleotide_biosynthesis_I,10
GLUTORN-PWY:_L-ornithine_biosynthesis_I,PWY-6122:_5-aminoimidazole_ribonucleotide_biosynthesis_II,11
GLUTORN-PWY:_L-ornithine_biosynthesis_I,PWY-6123:_inosine-5'-phosphate_biosynthesis_I,4
GLUTORN-PWY:_L-ornithine_biosynthesis_I,PWY-6124:_inosine-5'-phosphate_biosynthesis_II,4
GLUTORN-PWY:_L-ornithine_biosynthesis_I,PWY-6151:_S-adenosyl-L-methionine_salvage_I,6
GLUTORN-PWY:_L-ornithine_biosynthesis_I,PWY-6163:_chorismate_biosynthesis_from_3-dehydroquinate,11
GLUTORN-PWY:_L-ornithine_biosynthesis_I,PWY-621:_sucrose_degradation_III_(sucrose_invertase),1
GLUTORN-PWY:_L-ornithine_biosynthesis_I,PWY-6270:_isoprene_biosynthesis_I,1
GLUTORN-PWY:_L-ornithine_biosynthesis_I,PWY-6277:_superpathway_of_5-aminoimidazole_ribonucleotide_biosynthesis,11
GLUTORN-PWY:_L-ornithine_biosynthesis_I,PWY-6282:_palmitoleate_biosynthesis_I_(from_(5Z)-dodec-5-enoate),1
GLUTORN-PWY:_L-ornithine_biosynthesis_I,PWY-6317:_D-galactose_degradation_I_(Leloir_pathway),7
GLUTORN-PWY:_L-ornithine_biosynthesis_I,PWY-6385:_peptidoglycan_biosynthesis_III_(mycobacteria),5
GLUTORN-PWY:_L-ornithine_biosynthesis_I,PWY-6386:_UDP-N-acetylmuramoyl-pentapeptide_biosynthesis_II_(lysine-containing),9
GLUTORN-PWY:_L-ornithine_biosynthesis_I,PWY-6387:_UDP-N-acetylmuramoyl-pentapeptide_biosynthesis_I_(meso-diaminopimelate_containing),8
GLUTORN-PWY:_L-ornithine_biosynthesis_I,PWY-6507:_4-deoxy-L-threo-hex-4-enopyranuronate_degradation,1
GLUTORN-PWY:_L-ornithine_biosynthesis_I,PWY-6527:_stachyose_degradation,5
GLUTORN-PWY:_L-ornithine_biosynthesis_I,PWY-6606:_guanosine_nucleotides_degradation_II,1
GLUTORN-PWY:_L-ornithine_biosynthesis_I,PWY-6608:_guanosine_nucleotides_degradation_III,2
GLUTORN-PWY:_L-ornithine_biosynthesis_I,PWY-6609:_adenine_and_adenosine_salvage_III,9
GLUTORN-PWY:_L-ornithine_biosynthesis_I,PWY-6630:_superpathway_of_L-tyrosine_biosynthesis,1
GLUTORN-PWY:_L-ornithine_biosynthesis_I,PWY-6700:_queuosine_biosynthesis_I_(de_novo),7
GLUTORN-PWY:_L-ornithine_biosynthesis_I,PWY-6703:_preQ0_biosynthesis,1
GLUTORN-PWY:_L-ornithine_biosynthesis_I,PWY-6731:_starch_degradation_III,2
GLUTORN-PWY:_L-ornithine_biosynthesis_I,PWY-6823:_molybdopterin_biosynthesis,4
GLUTORN-PWY:_L-ornithine_biosynthesis_I,PWY-6897:_thiamine_diphosphate_salvage_II,2
GLUTORN-PWY:_L-ornithine_biosynthesis_I,PWY-6902:_chitin_degradation_II_(Vibrio),1
GLUTORN-PWY:_L-ornithine_biosynthesis_I,PWY-6936:_seleno-amino_acid_biosynthesis_(plants),2
GLUTORN-PWY:_L-ornithine_biosynthesis_I,PWY-7111:_pyruvate_fermentation_to_isobutanol_(engineered),6
GLUTORN-PWY:_L-ornithine_biosynthesis_I,PWY-7208:_superpathway_of_pyrimidine_nucleobases_salvage,2
GLUTORN-PWY:_L-ornithine_biosynthesis_I,PWY-7221:_guanosine_ribonucleotides_de_novo_biosynthesis,10
GLUTORN-PWY:_L-ornithine_biosynthesis_I,PWY-7234:_inosine-5'-phosphate_biosynthesis_III,1
GLUTORN-PWY:_L-ornithine_biosynthesis_I,PWY-7237:_myo-,_chiro-_and_scyllo-inositol_degradation,6
GLUTORN-PWY:_L-ornithine_biosynthesis_I,PWY-7238:_sucrose_biosynthesis_II,9
GLUTORN-PWY:_L-ornithine_biosynthesis_I,PWY-7242:_D-fructuronate_degradation,1
GLUTORN-PWY:_L-ornithine_biosynthesis_I,PWY-724:_superpathway_of_L-lysine,_L-threonine_and_L-methionine_biosynthesis_II,3
GLUTORN-PWY:_L-ornithine_biosynthesis_I,PWY-7315:_dTDP-N-acetylthomosamine_biosynthesis,1
GLUTORN-PWY:_L-ornithine_biosynthesis_I,PWY-7357:_thiamine_phosphate_formation_from_pyrithiamine_and_oxythiamine_(yeast),7
GLUTORN-PWY:_L-ornithine_biosynthesis_I,PWY-7456:_&beta;-(1,4)-mannan_degradation,1
GLUTORN-PWY:_L-ornithine_biosynthesis_I,PWY-7560:_methylerythritol_phosphate_pathway_II,1
GLUTORN-PWY:_L-ornithine_biosynthesis_I,PWY-7663:_gondoate_biosynthesis_(anaerobic),1
GLUTORN-PWY:_L-ornithine_biosynthesis_I,PWY-7664:_oleate_biosynthesis_IV_(anaerobic),1
GLUTORN-PWY:_L-ornithine_biosynthesis_I,PWY-7790:_UMP_biosynthesis_II,7
GLUTORN-PWY:_L-ornithine_biosynthesis_I,PWY-7791:_UMP_biosynthesis_III,7
GLUTORN-PWY:_L-ornithine_biosynthesis_I,PWY-7851:_coenzyme_A_biosynthesis_II_(eukaryotic),6
GLUTORN-PWY:_L-ornithine_biosynthesis_I,PWY-7953:_UDP-N-acetylmuramoyl-pentapeptide_biosynthesis_III_(meso-diaminopimelate_containing),6
GLUTORN-PWY:_L-ornithine_biosynthesis_I,PWY-7977:_L-methionine_biosynthesis_IV,5
GLUTORN-PWY:_L-ornithine_biosynthesis_I,PWY-8178:_pentose_phosphate_pathway_(non-oxidative_branch)_II,6
GLUTORN-PWY:_L-ornithine_biosynthesis_I,PWY0-1061:_superpathway_of_L-alanine_biosynthesis,2
GLUTORN-PWY:_L-ornithine_biosynthesis_I,PWY0-1296:_purine_ribonucleosides_degradation,6
GLUTORN-PWY:_L-ornithine_biosynthesis_I,PWY0-1319:_CDP-diacylglycerol_biosynthesis_II,8
GLUTORN-PWY:_L-ornithine_biosynthesis_I,PWY0-1586:_peptidoglycan_maturation_(meso-diaminopimelate_containing),2
GLUTORN-PWY:_L-ornithine_biosynthesis_I,PWY0-862:_(5Z)-dodecenoate_biosynthesis_I,1
GLUTORN-PWY:_L-ornithine_biosynthesis_I,PWY4FS-7:_phosphatidylglycerol_biosynthesis_I_(plastidic),1
GLUTORN-PWY:_L-ornithine_biosynthesis_I,PWY4FS-8:_phosphatidylglycerol_biosynthesis_II_(non-plastidic),1
GLUTORN-PWY:_L-ornithine_biosynthesis_I,PWY66-429:_fatty_acid_biosynthesis_initiation_(mitochondria),2
GLUTORN-PWY:_L-ornithine_biosynthesis_I,PYRIDNUCSYN-PWY:_NAD_de_novo_biosynthesis_I_(from_aspartate),1
GLUTORN-PWY:_L-ornithine_biosynthesis_I,RIBOSYN2-PWY:_flavin_biosynthesis_I_(bacteria_and_plants),3
GLUTORN-PWY:_L-ornithine_biosynthesis_I,SALVADEHYPOX-PWY:_adenosine_nucleotides_degradation_II,1
GLUTORN-PWY:_L-ornithine_biosynthesis_I,SER-GLYSYN-PWY:_superpathway_of_L-serine_and_glycine_biosynthesis_I,6
GLUTORN-PWY:_L-ornithine_biosynthesis_I,THISYNARA-PWY:_superpathway_of_thiamine_diphosphate_biosynthesis_III_(eukaryotes),5
GLUTORN-PWY:_L-ornithine_biosynthesis_I,THRESYN-PWY:_superpathway_of_L-threonine_biosynthesis,2
GLUTORN-PWY:_L-ornithine_biosynthesis_I,TRNA-CHARGING-PWY:_tRNA_charging,5
GLUTORN-PWY:_L-ornithine_biosynthesis_I,UDPNAGSYN-PWY:_UDP-N-acetyl-D-glucosamine_biosynthesis_I,1
GLUTORN-PWY:_L-ornithine_biosynthesis_I,VALSYN-PWY:_L-valine_biosynthesis,10
GLYCOCAT-PWY:_glycogen_degradation_I,GLYCOGENSYNTH-PWY:_glycogen_biosynthesis_I_(from_ADP-D-Glucose),1
GLYCOCAT-PWY:_glycogen_degradation_I,HSERMETANA-PWY:_L-methionine_biosynthesis_III,1
GLYCOCAT-PWY:_glycogen_degradation_I,ILEUSYN-PWY:_L-isoleucine_biosynthesis_I_(from_threonine),1
GLYCOCAT-PWY:_glycogen_degradation_I,P41-PWY:_pyruvate_fermentation_to_acetate_and_(S)-lactate_I,1
GLYCOCAT-PWY:_glycogen_degradation_I,PWY-5100:_pyruvate_fermentation_to_acetate_and_lactate_II,1
GLYCOCAT-PWY:_glycogen_degradation_I,PWY-5103:_L-isoleucine_biosynthesis_III,1
GLYCOCAT-PWY:_glycogen_degradation_I,PWY-5188:_tetrapyrrole_biosynthesis_I_(from_glutamate),1
GLYCOCAT-PWY:_glycogen_degradation_I,PWY-5384:_sucrose_degradation_IV_(sucrose_phosphorylase),1
GLYCOCAT-PWY:_glycogen_degradation_I,PWY-5659:_GDP-mannose_biosynthesis,1
GLYCOCAT-PWY:_glycogen_degradation_I,PWY-5695:_inosine_5'-phosphate_degradation,1
GLYCOCAT-PWY:_glycogen_degradation_I,PWY-5941:_glycogen_degradation_II,1
GLYCOCAT-PWY:_glycogen_degradation_I,PWY-6121:_5-aminoimidazole_ribonucleotide_biosynthesis_I,1
GLYCOCAT-PWY:_glycogen_degradation_I,PWY-6122:_5-aminoimidazole_ribonucleotide_biosynthesis_II,1
GLYCOCAT-PWY:_glycogen_degradation_I,PWY-6124:_inosine-5'-phosphate_biosynthesis_II,1
GLYCOCAT-PWY:_glycogen_degradation_I,PWY-6151:_S-adenosyl-L-methionine_salvage_I,1
GLYCOCAT-PWY:_glycogen_degradation_I,PWY-6163:_chorismate_biosynthesis_from_3-dehydroquinate,1
GLYCOCAT-PWY:_glycogen_degradation_I,PWY-621:_sucrose_degradation_III_(sucrose_invertase),1
GLYCOCAT-PWY:_glycogen_degradation_I,PWY-6277:_superpathway_of_5-aminoimidazole_ribonucleotide_biosynthesis,1
GLYCOCAT-PWY:_glycogen_degradation_I,PWY-6317:_D-galactose_degradation_I_(Leloir_pathway),1
GLYCOCAT-PWY:_glycogen_degradation_I,PWY-6527:_stachyose_degradation,1
GLYCOCAT-PWY:_glycogen_degradation_I,PWY-6700:_queuosine_biosynthesis_I_(de_novo),1
GLYCOCAT-PWY:_glycogen_degradation_I,PWY-6703:_preQ0_biosynthesis,1
GLYCOCAT-PWY:_glycogen_degradation_I,PWY-6936:_seleno-amino_acid_biosynthesis_(plants),1
GLYCOCAT-PWY:_glycogen_degradation_I,PWY-7111:_pyruvate_fermentation_to_isobutanol_(engineered),1
GLYCOCAT-PWY:_glycogen_degradation_I,PWY-7238:_sucrose_biosynthesis_II,1
GLYCOCAT-PWY:_glycogen_degradation_I,PWY-7456:_&beta;-(1,4)-mannan_degradation,1
GLYCOCAT-PWY:_glycogen_degradation_I,PYRIDNUCSYN-PWY:_NAD_de_novo_biosynthesis_I_(from_aspartate),1
GLYCOCAT-PWY:_glycogen_degradation_I,UDPNAGSYN-PWY:_UDP-N-acetyl-D-glucosamine_biosynthesis_I,1
GLYCOCAT-PWY:_glycogen_degradation_I,VALSYN-PWY:_L-valine_biosynthesis,1
GLYCOGENSYNTH-PWY:_glycogen_biosynthesis_I_(from_ADP-D-Glucose),HISDEG-PWY:_L-histidine_degradation_I,3
GLYCOGENSYNTH-PWY:_glycogen_biosynthesis_I_(from_ADP-D-Glucose),HISTSYN-PWY:_L-histidine_biosynthesis,9
GLYCOGENSYNTH-PWY:_glycogen_biosynthesis_I_(from_ADP-D-Glucose),HSERMETANA-PWY:_L-methionine_biosynthesis_III,6
GLYCOGENSYNTH-PWY:_glycogen_biosynthesis_I_(from_ADP-D-Glucose),ILEUSYN-PWY:_L-isoleucine_biosynthesis_I_(from_threonine),11
GLYCOGENSYNTH-PWY:_glycogen_biosynthesis_I_(from_ADP-D-Glucose),NONMEVIPP-PWY:_methylerythritol_phosphate_pathway_I,13
GLYCOGENSYNTH-PWY:_glycogen_biosynthesis_I_(from_ADP-D-Glucose),NONOXIPENT-PWY:_pentose_phosphate_pathway_(non-oxidative_branch)_I,6
GLYCOGENSYNTH-PWY:_glycogen_biosynthesis_I_(from_ADP-D-Glucose),OANTIGEN-PWY:_O-antigen_building_blocks_biosynthesis_(E._coli),1
GLYCOGENSYNTH-PWY:_glycogen_biosynthesis_I_(from_ADP-D-Glucose),P41-PWY:_pyruvate_fermentation_to_acetate_and_(S)-lactate_I,6
GLYCOGENSYNTH-PWY:_glycogen_biosynthesis_I_(from_ADP-D-Glucose),PANTO-PWY:_phosphopantothenate_biosynthesis_I,8
GLYCOGENSYNTH-PWY:_glycogen_biosynthesis_I_(from_ADP-D-Glucose),PANTOSYN-PWY:_superpathway_of_coenzyme_A_biosynthesis_I_(bacteria),8
GLYCOGENSYNTH-PWY:_glycogen_biosynthesis_I_(from_ADP-D-Glucose),PENTOSE-P-PWY:_pentose_phosphate_pathway,1
GLYCOGENSYNTH-PWY:_glycogen_biosynthesis_I_(from_ADP-D-Glucose),PEPTIDOGLYCANSYN-PWY:_peptidoglycan_biosynthesis_I_(meso-diaminopimelate_containing),14
GLYCOGENSYNTH-PWY:_glycogen_biosynthesis_I_(from_ADP-D-Glucose),PWY-1042:_glycolysis_IV,6
GLYCOGENSYNTH-PWY:_glycogen_biosynthesis_I_(from_ADP-D-Glucose),PWY-1269:_CMP-3-deoxy-D-manno-octulosonate_biosynthesis,4
GLYCOGENSYNTH-PWY:_glycogen_biosynthesis_I_(from_ADP-D-Glucose),PWY-2942:_L-lysine_biosynthesis_III,6
GLYCOGENSYNTH-PWY:_glycogen_biosynthesis_I_(from_ADP-D-Glucose),PWY-3841:_folate_transformations_II_(plants),10
GLYCOGENSYNTH-PWY:_glycogen_biosynthesis_I_(from_ADP-D-Glucose),PWY-5030:_L-histidine_degradation_III,3
GLYCOGENSYNTH-PWY:_glycogen_biosynthesis_I_(from_ADP-D-Glucose),PWY-5097:_L-lysine_biosynthesis_VI,10
GLYCOGENSYNTH-PWY:_glycogen_biosynthesis_I_(from_ADP-D-Glucose),PWY-5100:_pyruvate_fermentation_to_acetate_and_lactate_II,6
GLYCOGENSYNTH-PWY:_glycogen_biosynthesis_I_(from_ADP-D-Glucose),PWY-5103:_L-isoleucine_biosynthesis_III,11
GLYCOGENSYNTH-PWY:_glycogen_biosynthesis_I_(from_ADP-D-Glucose),PWY-5188:_tetrapyrrole_biosynthesis_I_(from_glutamate),3
GLYCOGENSYNTH-PWY:_glycogen_biosynthesis_I_(from_ADP-D-Glucose),PWY-5384:_sucrose_degradation_IV_(sucrose_phosphorylase),5
GLYCOGENSYNTH-PWY:_glycogen_biosynthesis_I_(from_ADP-D-Glucose),PWY-5659:_GDP-mannose_biosynthesis,5
GLYCOGENSYNTH-PWY:_glycogen_biosynthesis_I_(from_ADP-D-Glucose),PWY-5667:_CDP-diacylglycerol_biosynthesis_I,11
GLYCOGENSYNTH-PWY:_glycogen_biosynthesis_I_(from_ADP-D-Glucose),PWY-5686:_UMP_biosynthesis_I,12
GLYCOGENSYNTH-PWY:_glycogen_biosynthesis_I_(from_ADP-D-Glucose),PWY-5695:_inosine_5'-phosphate_degradation,9
GLYCOGENSYNTH-PWY:_glycogen_biosynthesis_I_(from_ADP-D-Glucose),PWY-5941:_glycogen_degradation_II,10
GLYCOGENSYNTH-PWY:_glycogen_biosynthesis_I_(from_ADP-D-Glucose),PWY-5973:_cis-vaccenate_biosynthesis,4
GLYCOGENSYNTH-PWY:_glycogen_biosynthesis_I_(from_ADP-D-Glucose),PWY-6121:_5-aminoimidazole_ribonucleotide_biosynthesis_I,14
GLYCOGENSYNTH-PWY:_glycogen_biosynthesis_I_(from_ADP-D-Glucose),PWY-6122:_5-aminoimidazole_ribonucleotide_biosynthesis_II,14
GLYCOGENSYNTH-PWY:_glycogen_biosynthesis_I_(from_ADP-D-Glucose),PWY-6123:_inosine-5'-phosphate_biosynthesis_I,7
GLYCOGENSYNTH-PWY:_glycogen_biosynthesis_I_(from_ADP-D-Glucose),PWY-6124:_inosine-5'-phosphate_biosynthesis_II,8
GLYCOGENSYNTH-PWY:_glycogen_biosynthesis_I_(from_ADP-D-Glucose),PWY-6125:_superpathway_of_guanosine_nucleotides_de_novo_biosynthesis_II,4
GLYCOGENSYNTH-PWY:_glycogen_biosynthesis_I_(from_ADP-D-Glucose),PWY-6126:_superpathway_of_adenosine_nucleotides_de_novo_biosynthesis_II,4
GLYCOGENSYNTH-PWY:_glycogen_biosynthesis_I_(from_ADP-D-Glucose),PWY-6147:_6-hydroxymethyl-dihydropterin_diphosphate_biosynthesis_I,3
GLYCOGENSYNTH-PWY:_glycogen_biosynthesis_I_(from_ADP-D-Glucose),PWY-6151:_S-adenosyl-L-methionine_salvage_I,9
GLYCOGENSYNTH-PWY:_glycogen_biosynthesis_I_(from_ADP-D-Glucose),PWY-6163:_chorismate_biosynthesis_from_3-dehydroquinate,17
GLYCOGENSYNTH-PWY:_glycogen_biosynthesis_I_(from_ADP-D-Glucose),PWY-621:_sucrose_degradation_III_(sucrose_invertase),4
GLYCOGENSYNTH-PWY:_glycogen_biosynthesis_I_(from_ADP-D-Glucose),PWY-6270:_isoprene_biosynthesis_I,4
GLYCOGENSYNTH-PWY:_glycogen_biosynthesis_I_(from_ADP-D-Glucose),PWY-6277:_superpathway_of_5-aminoimidazole_ribonucleotide_biosynthesis,14
GLYCOGENSYNTH-PWY:_glycogen_biosynthesis_I_(from_ADP-D-Glucose),PWY-6317:_D-galactose_degradation_I_(Leloir_pathway),8
GLYCOGENSYNTH-PWY:_glycogen_biosynthesis_I_(from_ADP-D-Glucose),PWY-6385:_peptidoglycan_biosynthesis_III_(mycobacteria),10
GLYCOGENSYNTH-PWY:_glycogen_biosynthesis_I_(from_ADP-D-Glucose),PWY-6386:_UDP-N-acetylmuramoyl-pentapeptide_biosynthesis_II_(lysine-containing),14
GLYCOGENSYNTH-PWY:_glycogen_biosynthesis_I_(from_ADP-D-Glucose),PWY-6387:_UDP-N-acetylmuramoyl-pentapeptide_biosynthesis_I_(meso-diaminopimelate_containing),15
GLYCOGENSYNTH-PWY:_glycogen_biosynthesis_I_(from_ADP-D-Glucose),PWY-6507:_4-deoxy-L-threo-hex-4-enopyranuronate_degradation,1
GLYCOGENSYNTH-PWY:_glycogen_biosynthesis_I_(from_ADP-D-Glucose),PWY-6527:_stachyose_degradation,6
GLYCOGENSYNTH-PWY:_glycogen_biosynthesis_I_(from_ADP-D-Glucose),PWY-6572:_chondroitin_sulfate_degradation_I_(bacterial),1
GLYCOGENSYNTH-PWY:_glycogen_biosynthesis_I_(from_ADP-D-Glucose),PWY-6606:_guanosine_nucleotides_degradation_II,1
GLYCOGENSYNTH-PWY:_glycogen_biosynthesis_I_(from_ADP-D-Glucose),PWY-6608:_guanosine_nucleotides_degradation_III,5
GLYCOGENSYNTH-PWY:_glycogen_biosynthesis_I_(from_ADP-D-Glucose),PWY-6609:_adenine_and_adenosine_salvage_III,15
GLYCOGENSYNTH-PWY:_glycogen_biosynthesis_I_(from_ADP-D-Glucose),PWY-6630:_superpathway_of_L-tyrosine_biosynthesis,1
GLYCOGENSYNTH-PWY:_glycogen_biosynthesis_I_(from_ADP-D-Glucose),PWY-6700:_queuosine_biosynthesis_I_(de_novo),15
GLYCOGENSYNTH-PWY:_glycogen_biosynthesis_I_(from_ADP-D-Glucose),PWY-6703:_preQ0_biosynthesis,6
GLYCOGENSYNTH-PWY:_glycogen_biosynthesis_I_(from_ADP-D-Glucose),PWY-6731:_starch_degradation_III,2
GLYCOGENSYNTH-PWY:_glycogen_biosynthesis_I_(from_ADP-D-Glucose),PWY-6823:_molybdopterin_biosynthesis,4
GLYCOGENSYNTH-PWY:_glycogen_biosynthesis_I_(from_ADP-D-Glucose),PWY-6897:_thiamine_diphosphate_salvage_II,4
GLYCOGENSYNTH-PWY:_glycogen_biosynthesis_I_(from_ADP-D-Glucose),PWY-6902:_chitin_degradation_II_(Vibrio),2
GLYCOGENSYNTH-PWY:_glycogen_biosynthesis_I_(from_ADP-D-Glucose),PWY-6936:_seleno-amino_acid_biosynthesis_(plants),3
GLYCOGENSYNTH-PWY:_glycogen_biosynthesis_I_(from_ADP-D-Glucose),PWY-7111:_pyruvate_fermentation_to_isobutanol_(engineered),8
GLYCOGENSYNTH-PWY:_glycogen_biosynthesis_I_(from_ADP-D-Glucose),PWY-7199:_pyrimidine_deoxyribonucleosides_salvage,5
GLYCOGENSYNTH-PWY:_glycogen_biosynthesis_I_(from_ADP-D-Glucose),PWY-7208:_superpathway_of_pyrimidine_nucleobases_salvage,2
GLYCOGENSYNTH-PWY:_glycogen_biosynthesis_I_(from_ADP-D-Glucose),PWY-7220:_adenosine_deoxyribonucleotides_de_novo_biosynthesis_II,4
GLYCOGENSYNTH-PWY:_glycogen_biosynthesis_I_(from_ADP-D-Glucose),PWY-7221:_guanosine_ribonucleotides_de_novo_biosynthesis,15
GLYCOGENSYNTH-PWY:_glycogen_biosynthesis_I_(from_ADP-D-Glucose),PWY-7222:_guanosine_deoxyribonucleotides_de_novo_biosynthesis_II,4
GLYCOGENSYNTH-PWY:_glycogen_biosynthesis_I_(from_ADP-D-Glucose),PWY-7228:_superpathway_of_guanosine_nucleotides_de_novo_biosynthesis_I,4
GLYCOGENSYNTH-PWY:_glycogen_biosynthesis_I_(from_ADP-D-Glucose),PWY-7229:_superpathway_of_adenosine_nucleotides_de_novo_biosynthesis_I,4
GLYCOGENSYNTH-PWY:_glycogen_biosynthesis_I_(from_ADP-D-Glucose),PWY-7237:_myo-,_chiro-_and_scyllo-inositol_degradation,8
GLYCOGENSYNTH-PWY:_glycogen_biosynthesis_I_(from_ADP-D-Glucose),PWY-7238:_sucrose_biosynthesis_II,15
GLYCOGENSYNTH-PWY:_glycogen_biosynthesis_I_(from_ADP-D-Glucose),PWY-7242:_D-fructuronate_degradation,1
GLYCOGENSYNTH-PWY:_glycogen_biosynthesis_I_(from_ADP-D-Glucose),PWY-724:_superpathway_of_L-lysine,_L-threonine_and_L-methionine_biosynthesis_II,3
GLYCOGENSYNTH-PWY:_glycogen_biosynthesis_I_(from_ADP-D-Glucose),PWY-7282:_4-amino-2-methyl-5-diphosphomethylpyrimidine_biosynthesis_II,2
GLYCOGENSYNTH-PWY:_glycogen_biosynthesis_I_(from_ADP-D-Glucose),PWY-7315:_dTDP-N-acetylthomosamine_biosynthesis,1
GLYCOGENSYNTH-PWY:_glycogen_biosynthesis_I_(from_ADP-D-Glucose),PWY-7357:_thiamine_phosphate_formation_from_pyrithiamine_and_oxythiamine_(yeast),9
GLYCOGENSYNTH-PWY:_glycogen_biosynthesis_I_(from_ADP-D-Glucose),PWY-7456:_&beta;-(1,4)-mannan_degradation,2
GLYCOGENSYNTH-PWY:_glycogen_biosynthesis_I_(from_ADP-D-Glucose),PWY-7560:_methylerythritol_phosphate_pathway_II,4
GLYCOGENSYNTH-PWY:_glycogen_biosynthesis_I_(from_ADP-D-Glucose),PWY-7663:_gondoate_biosynthesis_(anaerobic),4
GLYCOGENSYNTH-PWY:_glycogen_biosynthesis_I_(from_ADP-D-Glucose),PWY-7790:_UMP_biosynthesis_II,12
GLYCOGENSYNTH-PWY:_glycogen_biosynthesis_I_(from_ADP-D-Glucose),PWY-7791:_UMP_biosynthesis_III,12
GLYCOGENSYNTH-PWY:_glycogen_biosynthesis_I_(from_ADP-D-Glucose),PWY-7851:_coenzyme_A_biosynthesis_II_(eukaryotic),9
GLYCOGENSYNTH-PWY:_glycogen_biosynthesis_I_(from_ADP-D-Glucose),PWY-7953:_UDP-N-acetylmuramoyl-pentapeptide_biosynthesis_III_(meso-diaminopimelate_containing),12
GLYCOGENSYNTH-PWY:_glycogen_biosynthesis_I_(from_ADP-D-Glucose),PWY-7977:_L-methionine_biosynthesis_IV,8
GLYCOGENSYNTH-PWY:_glycogen_biosynthesis_I_(from_ADP-D-Glucose),PWY-8178:_pentose_phosphate_pathway_(non-oxidative_branch)_II,7
GLYCOGENSYNTH-PWY:_glycogen_biosynthesis_I_(from_ADP-D-Glucose),PWY0-1061:_superpathway_of_L-alanine_biosynthesis,2
GLYCOGENSYNTH-PWY:_glycogen_biosynthesis_I_(from_ADP-D-Glucose),PWY0-1296:_purine_ribonucleosides_degradation,7
GLYCOGENSYNTH-PWY:_glycogen_biosynthesis_I_(from_ADP-D-Glucose),PWY0-1319:_CDP-diacylglycerol_biosynthesis_II,11
GLYCOGENSYNTH-PWY:_glycogen_biosynthesis_I_(from_ADP-D-Glucose),PWY0-1586:_peptidoglycan_maturation_(meso-diaminopimelate_containing),6
GLYCOGENSYNTH-PWY:_glycogen_biosynthesis_I_(from_ADP-D-Glucose),PWY0-162:_superpathway_of_pyrimidine_ribonucleotides_de_novo_biosynthesis,2
GLYCOGENSYNTH-PWY:_glycogen_biosynthesis_I_(from_ADP-D-Glucose),PWY0-845:_superpathway_of_pyridoxal_5'-phosphate_biosynthesis_and_salvage,4
GLYCOGENSYNTH-PWY:_glycogen_biosynthesis_I_(from_ADP-D-Glucose),PWY4FS-7:_phosphatidylglycerol_biosynthesis_I_(plastidic),1
GLYCOGENSYNTH-PWY:_glycogen_biosynthesis_I_(from_ADP-D-Glucose),PWY4FS-8:_phosphatidylglycerol_biosynthesis_II_(non-plastidic),1
GLYCOGENSYNTH-PWY:_glycogen_biosynthesis_I_(from_ADP-D-Glucose),PWY66-429:_fatty_acid_biosynthesis_initiation_(mitochondria),6
GLYCOGENSYNTH-PWY:_glycogen_biosynthesis_I_(from_ADP-D-Glucose),PYRIDNUCSYN-PWY:_NAD_de_novo_biosynthesis_I_(from_aspartate),4
GLYCOGENSYNTH-PWY:_glycogen_biosynthesis_I_(from_ADP-D-Glucose),PYRIDOXSYN-PWY:_pyridoxal_5'-phosphate_biosynthesis_I,4
GLYCOGENSYNTH-PWY:_glycogen_biosynthesis_I_(from_ADP-D-Glucose),RHAMCAT-PWY:_L-rhamnose_degradation_I,4
GLYCOGENSYNTH-PWY:_glycogen_biosynthesis_I_(from_ADP-D-Glucose),RIBOSYN2-PWY:_flavin_biosynthesis_I_(bacteria_and_plants),6
GLYCOGENSYNTH-PWY:_glycogen_biosynthesis_I_(from_ADP-D-Glucose),SALVADEHYPOX-PWY:_adenosine_nucleotides_degradation_II,1
GLYCOGENSYNTH-PWY:_glycogen_biosynthesis_I_(from_ADP-D-Glucose),SER-GLYSYN-PWY:_superpathway_of_L-serine_and_glycine_biosynthesis_I,9
GLYCOGENSYNTH-PWY:_glycogen_biosynthesis_I_(from_ADP-D-Glucose),THISYNARA-PWY:_superpathway_of_thiamine_diphosphate_biosynthesis_III_(eukaryotes),7
GLYCOGENSYNTH-PWY:_glycogen_biosynthesis_I_(from_ADP-D-Glucose),THRESYN-PWY:_superpathway_of_L-threonine_biosynthesis,2
GLYCOGENSYNTH-PWY:_glycogen_biosynthesis_I_(from_ADP-D-Glucose),TRNA-CHARGING-PWY:_tRNA_charging,8
GLYCOGENSYNTH-PWY:_glycogen_biosynthesis_I_(from_ADP-D-Glucose),UDPNAGSYN-PWY:_UDP-N-acetyl-D-glucosamine_biosynthesis_I,6
GLYCOGENSYNTH-PWY:_glycogen_biosynthesis_I_(from_ADP-D-Glucose),VALSYN-PWY:_L-valine_biosynthesis,16
GLYCOLYSIS:_glycolysis_I_(from_glucose_6-phosphate),HISTSYN-PWY:_L-histidine_biosynthesis,1
GLYCOLYSIS:_glycolysis_I_(from_glucose_6-phosphate),ILEUSYN-PWY:_L-isoleucine_biosynthesis_I_(from_threonine),1
GLYCOLYSIS:_glycolysis_I_(from_glucose_6-phosphate),NONMEVIPP-PWY:_methylerythritol_phosphate_pathway_I,1
GLYCOLYSIS:_glycolysis_I_(from_glucose_6-phosphate),PANTO-PWY:_phosphopantothenate_biosynthesis_I,1
GLYCOLYSIS:_glycolysis_I_(from_glucose_6-phosphate),PANTOSYN-PWY:_superpathway_of_coenzyme_A_biosynthesis_I_(bacteria),1
GLYCOLYSIS:_glycolysis_I_(from_glucose_6-phosphate),PWY-1042:_glycolysis_IV,1
GLYCOLYSIS:_glycolysis_I_(from_glucose_6-phosphate),PWY-5030:_L-histidine_degradation_III,1
GLYCOLYSIS:_glycolysis_I_(from_glucose_6-phosphate),PWY-5103:_L-isoleucine_biosynthesis_III,1
GLYCOLYSIS:_glycolysis_I_(from_glucose_6-phosphate),PWY-5484:_glycolysis_II_(from_fructose_6-phosphate),1
GLYCOLYSIS:_glycolysis_I_(from_glucose_6-phosphate),PWY-5667:_CDP-diacylglycerol_biosynthesis_I,1
GLYCOLYSIS:_glycolysis_I_(from_glucose_6-phosphate),PWY-6147:_6-hydroxymethyl-dihydropterin_diphosphate_biosynthesis_I,1
GLYCOLYSIS:_glycolysis_I_(from_glucose_6-phosphate),PWY-6163:_chorismate_biosynthesis_from_3-dehydroquinate,1
GLYCOLYSIS:_glycolysis_I_(from_glucose_6-phosphate),PWY-621:_sucrose_degradation_III_(sucrose_invertase),1
GLYCOLYSIS:_glycolysis_I_(from_glucose_6-phosphate),PWY-6270:_isoprene_biosynthesis_I,1
GLYCOLYSIS:_glycolysis_I_(from_glucose_6-phosphate),PWY-6609:_adenine_and_adenosine_salvage_III,1
GLYCOLYSIS:_glycolysis_I_(from_glucose_6-phosphate),PWY-6700:_queuosine_biosynthesis_I_(de_novo),1
GLYCOLYSIS:_glycolysis_I_(from_glucose_6-phosphate),PWY-6703:_preQ0_biosynthesis,1
GLYCOLYSIS:_glycolysis_I_(from_glucose_6-phosphate),PWY-6897:_thiamine_diphosphate_salvage_II,1
GLYCOLYSIS:_glycolysis_I_(from_glucose_6-phosphate),PWY-7221:_guanosine_ribonucleotides_de_novo_biosynthesis,1
GLYCOLYSIS:_glycolysis_I_(from_glucose_6-phosphate),PWY-7237:_myo-,_chiro-_and_scyllo-inositol_degradation,1
GLYCOLYSIS:_glycolysis_I_(from_glucose_6-phosphate),PWY-7357:_thiamine_phosphate_formation_from_pyrithiamine_and_oxythiamine_(yeast),1
GLYCOLYSIS:_glycolysis_I_(from_glucose_6-phosphate),PWY-7560:_methylerythritol_phosphate_pathway_II,1
GLYCOLYSIS:_glycolysis_I_(from_glucose_6-phosphate),PWY-7851:_coenzyme_A_biosynthesis_II_(eukaryotic),1
GLYCOLYSIS:_glycolysis_I_(from_glucose_6-phosphate),PWY-7977:_L-methionine_biosynthesis_IV,1
GLYCOLYSIS:_glycolysis_I_(from_glucose_6-phosphate),PWY0-1319:_CDP-diacylglycerol_biosynthesis_II,1
GLYCOLYSIS:_glycolysis_I_(from_glucose_6-phosphate),PWY0-1586:_peptidoglycan_maturation_(meso-diaminopimelate_containing),1
GLYCOLYSIS:_glycolysis_I_(from_glucose_6-phosphate),PYRIDNUCSYN-PWY:_NAD_de_novo_biosynthesis_I_(from_aspartate),1
GLYCOLYSIS:_glycolysis_I_(from_glucose_6-phosphate),RHAMCAT-PWY:_L-rhamnose_degradation_I,1
GLYCOLYSIS:_glycolysis_I_(from_glucose_6-phosphate),THISYNARA-PWY:_superpathway_of_thiamine_diphosphate_biosynthesis_III_(eukaryotes),1
GLYCOLYSIS:_glycolysis_I_(from_glucose_6-phosphate),TRNA-CHARGING-PWY:_tRNA_charging,1
GLYCOLYSIS:_glycolysis_I_(from_glucose_6-phosphate),VALSYN-PWY:_L-valine_biosynthesis,1
HEMESYN2-PWY:_heme_b_biosynthesis_II_(oxygen-independent),PWY-6121:_5-aminoimidazole_ribonucleotide_biosynthesis_I,1
HEMESYN2-PWY:_heme_b_biosynthesis_II_(oxygen-independent),PWY-6122:_5-aminoimidazole_ribonucleotide_biosynthesis_II,1
HEMESYN2-PWY:_heme_b_biosynthesis_II_(oxygen-independent),PWY-6126:_superpathway_of_adenosine_nucleotides_de_novo_biosynthesis_II,1
HEMESYN2-PWY:_heme_b_biosynthesis_II_(oxygen-independent),PWY-6163:_chorismate_biosynthesis_from_3-dehydroquinate,1
HEMESYN2-PWY:_heme_b_biosynthesis_II_(oxygen-independent),PWY-6277:_superpathway_of_5-aminoimidazole_ribonucleotide_biosynthesis,1
HEMESYN2-PWY:_heme_b_biosynthesis_II_(oxygen-independent),PWY-6700:_queuosine_biosynthesis_I_(de_novo),1
HEMESYN2-PWY:_heme_b_biosynthesis_II_(oxygen-independent),PWY-6897:_thiamine_diphosphate_salvage_II,1
HEMESYN2-PWY:_heme_b_biosynthesis_II_(oxygen-independent),PWY-7197:_pyrimidine_deoxyribonucleotide_phosphorylation,1
HEMESYN2-PWY:_heme_b_biosynthesis_II_(oxygen-independent),PWY-7220:_adenosine_deoxyribonucleotides_de_novo_biosynthesis_II,1
HEMESYN2-PWY:_heme_b_biosynthesis_II_(oxygen-independent),PWY-7221:_guanosine_ribonucleotides_de_novo_biosynthesis,1
HEMESYN2-PWY:_heme_b_biosynthesis_II_(oxygen-independent),PWY-7222:_guanosine_deoxyribonucleotides_de_novo_biosynthesis_II,1
HEMESYN2-PWY:_heme_b_biosynthesis_II_(oxygen-independent),PWY-7228:_superpathway_of_guanosine_nucleotides_de_novo_biosynthesis_I,1
HEMESYN2-PWY:_heme_b_biosynthesis_II_(oxygen-independent),PWY-7229:_superpathway_of_adenosine_nucleotides_de_novo_biosynthesis_I,1
HEMESYN2-PWY:_heme_b_biosynthesis_II_(oxygen-independent),PWY-7357:_thiamine_phosphate_formation_from_pyrithiamine_and_oxythiamine_(yeast),1
HEMESYN2-PWY:_heme_b_biosynthesis_II_(oxygen-independent),PWY0-1479:_tRNA_processing,1
HEMESYN2-PWY:_heme_b_biosynthesis_II_(oxygen-independent),PWY0-1586:_peptidoglycan_maturation_(meso-diaminopimelate_containing),1
HEMESYN2-PWY:_heme_b_biosynthesis_II_(oxygen-independent),UDPNAGSYN-PWY:_UDP-N-acetyl-D-glucosamine_biosynthesis_I,1
HISDEG-PWY:_L-histidine_degradation_I,HISTSYN-PWY:_L-histidine_biosynthesis,13
HISDEG-PWY:_L-histidine_degradation_I,HSERMETANA-PWY:_L-methionine_biosynthesis_III,1
HISDEG-PWY:_L-histidine_degradation_I,ILEUSYN-PWY:_L-isoleucine_biosynthesis_I_(from_threonine),7
HISDEG-PWY:_L-histidine_degradation_I,NAGLIPASYN-PWY:_lipid_IVA_biosynthesis_(E._coli),4
HISDEG-PWY:_L-histidine_degradation_I,NONMEVIPP-PWY:_methylerythritol_phosphate_pathway_I,16
HISDEG-PWY:_L-histidine_degradation_I,NONOXIPENT-PWY:_pentose_phosphate_pathway_(non-oxidative_branch)_I,1
HISDEG-PWY:_L-histidine_degradation_I,OANTIGEN-PWY:_O-antigen_building_blocks_biosynthesis_(E._coli),1
HISDEG-PWY:_L-histidine_degradation_I,PANTO-PWY:_phosphopantothenate_biosynthesis_I,14
HISDEG-PWY:_L-histidine_degradation_I,PANTOSYN-PWY:_superpathway_of_coenzyme_A_biosynthesis_I_(bacteria),12
HISDEG-PWY:_L-histidine_degradation_I,PENTOSE-P-PWY:_pentose_phosphate_pathway,1
HISDEG-PWY:_L-histidine_degradation_I,PEPTIDOGLYCANSYN-PWY:_peptidoglycan_biosynthesis_I_(meso-diaminopimelate_containing),14
HISDEG-PWY:_L-histidine_degradation_I,PWY-1042:_glycolysis_IV,5
HISDEG-PWY:_L-histidine_degradation_I,PWY-1269:_CMP-3-deoxy-D-manno-octulosonate_biosynthesis,4
HISDEG-PWY:_L-histidine_degradation_I,PWY-2942:_L-lysine_biosynthesis_III,15
HISDEG-PWY:_L-histidine_degradation_I,PWY-3841:_folate_transformations_II_(plants),13
HISDEG-PWY:_L-histidine_degradation_I,PWY-4984:_urea_cycle,2
HISDEG-PWY:_L-histidine_degradation_I,PWY-5030:_L-histidine_degradation_III,10
HISDEG-PWY:_L-histidine_degradation_I,PWY-5097:_L-lysine_biosynthesis_VI,10
HISDEG-PWY:_L-histidine_degradation_I,PWY-5103:_L-isoleucine_biosynthesis_III,7
HISDEG-PWY:_L-histidine_degradation_I,PWY-5121:_superpathway_of_geranylgeranyl_diphosphate_biosynthesis_II_(via_MEP),2
HISDEG-PWY:_L-histidine_degradation_I,PWY-5130:_2-oxobutanoate_degradation_I,1
HISDEG-PWY:_L-histidine_degradation_I,PWY-5154:_L-arginine_biosynthesis_III_(via_N-acetyl-L-citrulline),1
HISDEG-PWY:_L-histidine_degradation_I,PWY-5384:_sucrose_degradation_IV_(sucrose_phosphorylase),1
HISDEG-PWY:_L-histidine_degradation_I,PWY-5659:_GDP-mannose_biosynthesis,1
HISDEG-PWY:_L-histidine_degradation_I,PWY-5667:_CDP-diacylglycerol_biosynthesis_I,9
HISDEG-PWY:_L-histidine_degradation_I,PWY-5686:_UMP_biosynthesis_I,14
HISDEG-PWY:_L-histidine_degradation_I,PWY-5695:_inosine_5'-phosphate_degradation,13
HISDEG-PWY:_L-histidine_degradation_I,PWY-5941:_glycogen_degradation_II,2
HISDEG-PWY:_L-histidine_degradation_I,PWY-5973:_cis-vaccenate_biosynthesis,10
HISDEG-PWY:_L-histidine_degradation_I,PWY-5989:_stearate_biosynthesis_II_(bacteria_and_plants),3
HISDEG-PWY:_L-histidine_degradation_I,PWY-6121:_5-aminoimidazole_ribonucleotide_biosynthesis_I,15
HISDEG-PWY:_L-histidine_degradation_I,PWY-6122:_5-aminoimidazole_ribonucleotide_biosynthesis_II,15
HISDEG-PWY:_L-histidine_degradation_I,PWY-6123:_inosine-5'-phosphate_biosynthesis_I,13
HISDEG-PWY:_L-histidine_degradation_I,PWY-6124:_inosine-5'-phosphate_biosynthesis_II,13
HISDEG-PWY:_L-histidine_degradation_I,PWY-6125:_superpathway_of_guanosine_nucleotides_de_novo_biosynthesis_II,8
HISDEG-PWY:_L-histidine_degradation_I,PWY-6126:_superpathway_of_adenosine_nucleotides_de_novo_biosynthesis_II,7
HISDEG-PWY:_L-histidine_degradation_I,PWY-6143:_CMP-pseudaminate_biosynthesis,1
HISDEG-PWY:_L-histidine_degradation_I,PWY-6147:_6-hydroxymethyl-dihydropterin_diphosphate_biosynthesis_I,9
HISDEG-PWY:_L-histidine_degradation_I,PWY-6151:_S-adenosyl-L-methionine_salvage_I,5
HISDEG-PWY:_L-histidine_degradation_I,PWY-6163:_chorismate_biosynthesis_from_3-dehydroquinate,13
HISDEG-PWY:_L-histidine_degradation_I,PWY-621:_sucrose_degradation_III_(sucrose_invertase),1
HISDEG-PWY:_L-histidine_degradation_I,PWY-6270:_isoprene_biosynthesis_I,4
HISDEG-PWY:_L-histidine_degradation_I,PWY-6277:_superpathway_of_5-aminoimidazole_ribonucleotide_biosynthesis,15
HISDEG-PWY:_L-histidine_degradation_I,PWY-6282:_palmitoleate_biosynthesis_I_(from_(5Z)-dodec-5-enoate),3
HISDEG-PWY:_L-histidine_degradation_I,PWY-6385:_peptidoglycan_biosynthesis_III_(mycobacteria),13
HISDEG-PWY:_L-histidine_degradation_I,PWY-6386:_UDP-N-acetylmuramoyl-pentapeptide_biosynthesis_II_(lysine-containing),13
HISDEG-PWY:_L-histidine_degradation_I,PWY-6387:_UDP-N-acetylmuramoyl-pentapeptide_biosynthesis_I_(meso-diaminopimelate_containing),16
HISDEG-PWY:_L-histidine_degradation_I,PWY-6519:_8-amino-7-oxononanoate_biosynthesis_I,1
HISDEG-PWY:_L-histidine_degradation_I,PWY-6572:_chondroitin_sulfate_degradation_I_(bacterial),1
HISDEG-PWY:_L-histidine_degradation_I,PWY-6608:_guanosine_nucleotides_degradation_III,1
HISDEG-PWY:_L-histidine_degradation_I,PWY-6609:_adenine_and_adenosine_salvage_III,16
HISDEG-PWY:_L-histidine_degradation_I,PWY-6628:_superpathway_of_L-phenylalanine_biosynthesis,1
HISDEG-PWY:_L-histidine_degradation_I,PWY-6700:_queuosine_biosynthesis_I_(de_novo),13
HISDEG-PWY:_L-histidine_degradation_I,PWY-6703:_preQ0_biosynthesis,12
HISDEG-PWY:_L-histidine_degradation_I,PWY-6897:_thiamine_diphosphate_salvage_II,2
HISDEG-PWY:_L-histidine_degradation_I,PWY-6902:_chitin_degradation_II_(Vibrio),5
HISDEG-PWY:_L-histidine_degradation_I,PWY-7111:_pyruvate_fermentation_to_isobutanol_(engineered),4
HISDEG-PWY:_L-histidine_degradation_I,PWY-7199:_pyrimidine_deoxyribonucleosides_salvage,9
HISDEG-PWY:_L-histidine_degradation_I,PWY-7220:_adenosine_deoxyribonucleotides_de_novo_biosynthesis_II,8
HISDEG-PWY:_L-histidine_degradation_I,PWY-7221:_guanosine_ribonucleotides_de_novo_biosynthesis,14
HISDEG-PWY:_L-histidine_degradation_I,PWY-7222:_guanosine_deoxyribonucleotides_de_novo_biosynthesis_II,8
HISDEG-PWY:_L-histidine_degradation_I,PWY-7228:_superpathway_of_guanosine_nucleotides_de_novo_biosynthesis_I,8
HISDEG-PWY:_L-histidine_degradation_I,PWY-7229:_superpathway_of_adenosine_nucleotides_de_novo_biosynthesis_I,7
HISDEG-PWY:_L-histidine_degradation_I,PWY-7234:_inosine-5'-phosphate_biosynthesis_III,3
HISDEG-PWY:_L-histidine_degradation_I,PWY-7237:_myo-,_chiro-_and_scyllo-inositol_degradation,2
HISDEG-PWY:_L-histidine_degradation_I,PWY-7238:_sucrose_biosynthesis_II,8
HISDEG-PWY:_L-histidine_degradation_I,PWY-724:_superpathway_of_L-lysine,_L-threonine_and_L-methionine_biosynthesis_II,1
HISDEG-PWY:_L-histidine_degradation_I,PWY-7282:_4-amino-2-methyl-5-diphosphomethylpyrimidine_biosynthesis_II,2
HISDEG-PWY:_L-histidine_degradation_I,PWY-7312:_dTDP-&beta;-D-fucofuranose_biosynthesis,1
HISDEG-PWY:_L-histidine_degradation_I,PWY-7315:_dTDP-N-acetylthomosamine_biosynthesis,1
HISDEG-PWY:_L-histidine_degradation_I,PWY-7316:_dTDP-N-acetylviosamine_biosynthesis,1
HISDEG-PWY:_L-histidine_degradation_I,PWY-7357:_thiamine_phosphate_formation_from_pyrithiamine_and_oxythiamine_(yeast),2
HISDEG-PWY:_L-histidine_degradation_I,PWY-7560:_methylerythritol_phosphate_pathway_II,4
HISDEG-PWY:_L-histidine_degradation_I,PWY-7663:_gondoate_biosynthesis_(anaerobic),10
HISDEG-PWY:_L-histidine_degradation_I,PWY-7664:_oleate_biosynthesis_IV_(anaerobic),3
HISDEG-PWY:_L-histidine_degradation_I,PWY-7688:_dTDP-&alpha;-D-ravidosamine_and_dTDP-4-acetyl-&alpha;-D-ravidosamine_biosynthesis,2
HISDEG-PWY:_L-histidine_degradation_I,PWY-7790:_UMP_biosynthesis_II,14
HISDEG-PWY:_L-histidine_degradation_I,PWY-7791:_UMP_biosynthesis_III,14
HISDEG-PWY:_L-histidine_degradation_I,PWY-7851:_coenzyme_A_biosynthesis_II_(eukaryotic),13
HISDEG-PWY:_L-histidine_degradation_I,PWY-7953:_UDP-N-acetylmuramoyl-pentapeptide_biosynthesis_III_(meso-diaminopimelate_containing),15
HISDEG-PWY:_L-histidine_degradation_I,PWY-7977:_L-methionine_biosynthesis_IV,15
HISDEG-PWY:_L-histidine_degradation_I,PWY-8004:_Entner-Doudoroff_pathway_I,1
HISDEG-PWY:_L-histidine_degradation_I,PWY-8073:_lipid_IVA_biosynthesis_(P._putida),4
HISDEG-PWY:_L-histidine_degradation_I,PWY-8178:_pentose_phosphate_pathway_(non-oxidative_branch)_II,1
HISDEG-PWY:_L-histidine_degradation_I,PWY-8187:_L-arginine_degradation_XIII_(reductive_Stickland_reaction),1
HISDEG-PWY:_L-histidine_degradation_I,PWY0-1241:_ADP-L-glycero-&beta;-D-manno-heptose_biosynthesis,1
HISDEG-PWY:_L-histidine_degradation_I,PWY0-1296:_purine_ribonucleosides_degradation,2
HISDEG-PWY:_L-histidine_degradation_I,PWY0-1319:_CDP-diacylglycerol_biosynthesis_II,9
HISDEG-PWY:_L-histidine_degradation_I,PWY0-1586:_peptidoglycan_maturation_(meso-diaminopimelate_containing),7
HISDEG-PWY:_L-histidine_degradation_I,PWY0-162:_superpathway_of_pyrimidine_ribonucleotides_de_novo_biosynthesis,2
HISDEG-PWY:_L-histidine_degradation_I,PWY0-845:_superpathway_of_pyridoxal_5'-phosphate_biosynthesis_and_salvage,4
HISDEG-PWY:_L-histidine_degradation_I,PWY0-862:_(5Z)-dodecenoate_biosynthesis_I,3
HISDEG-PWY:_L-histidine_degradation_I,PWY66-429:_fatty_acid_biosynthesis_initiation_(mitochondria),9
HISDEG-PWY:_L-histidine_degradation_I,PYRIDNUCSYN-PWY:_NAD_de_novo_biosynthesis_I_(from_aspartate),9
HISDEG-PWY:_L-histidine_degradation_I,PYRIDOXSYN-PWY:_pyridoxal_5'-phosphate_biosynthesis_I,5
HISDEG-PWY:_L-histidine_degradation_I,RHAMCAT-PWY:_L-rhamnose_degradation_I,6
HISDEG-PWY:_L-histidine_degradation_I,RIBOSYN2-PWY:_flavin_biosynthesis_I_(bacteria_and_plants),6
HISDEG-PWY:_L-histidine_degradation_I,SER-GLYSYN-PWY:_superpathway_of_L-serine_and_glycine_biosynthesis_I,12
HISDEG-PWY:_L-histidine_degradation_I,THISYNARA-PWY:_superpathway_of_thiamine_diphosphate_biosynthesis_III_(eukaryotes),2
HISDEG-PWY:_L-histidine_degradation_I,THRESYN-PWY:_superpathway_of_L-threonine_biosynthesis,6
HISDEG-PWY:_L-histidine_degradation_I,TRNA-CHARGING-PWY:_tRNA_charging,12
HISDEG-PWY:_L-histidine_degradation_I,UDPNAGSYN-PWY:_UDP-N-acetyl-D-glucosamine_biosynthesis_I,3
HISDEG-PWY:_L-histidine_degradation_I,VALSYN-PWY:_L-valine_biosynthesis,14
HISTSYN-PWY:_L-histidine_biosynthesis,HSERMETANA-PWY:_L-methionine_biosynthesis_III,3
HISTSYN-PWY:_L-histidine_biosynthesis,ILEUSYN-PWY:_L-isoleucine_biosynthesis_I_(from_threonine),12
HISTSYN-PWY:_L-histidine_biosynthesis,NAGLIPASYN-PWY:_lipid_IVA_biosynthesis_(E._coli),4
HISTSYN-PWY:_L-histidine_biosynthesis,NONMEVIPP-PWY:_methylerythritol_phosphate_pathway_I,18
HISTSYN-PWY:_L-histidine_biosynthesis,NONOXIPENT-PWY:_pentose_phosphate_pathway_(non-oxidative_branch)_I,4
HISTSYN-PWY:_L-histidine_biosynthesis,P41-PWY:_pyruvate_fermentation_to_acetate_and_(S)-lactate_I,1
HISTSYN-PWY:_L-histidine_biosynthesis,PANTO-PWY:_phosphopantothenate_biosynthesis_I,15
HISTSYN-PWY:_L-histidine_biosynthesis,PANTOSYN-PWY:_superpathway_of_coenzyme_A_biosynthesis_I_(bacteria),14
HISTSYN-PWY:_L-histidine_biosynthesis,PENTOSE-P-PWY:_pentose_phosphate_pathway,2
HISTSYN-PWY:_L-histidine_biosynthesis,PEPTIDOGLYCANSYN-PWY:_peptidoglycan_biosynthesis_I_(meso-diaminopimelate_containing),17
HISTSYN-PWY:_L-histidine_biosynthesis,PWY-1042:_glycolysis_IV,7
HISTSYN-PWY:_L-histidine_biosynthesis,PWY-1269:_CMP-3-deoxy-D-manno-octulosonate_biosynthesis,6
HISTSYN-PWY:_L-histidine_biosynthesis,PWY-2942:_L-lysine_biosynthesis_III,16
HISTSYN-PWY:_L-histidine_biosynthesis,PWY-3841:_folate_transformations_II_(plants),16
HISTSYN-PWY:_L-histidine_biosynthesis,PWY-4984:_urea_cycle,1
HISTSYN-PWY:_L-histidine_biosynthesis,PWY-5030:_L-histidine_degradation_III,10
HISTSYN-PWY:_L-histidine_biosynthesis,PWY-5097:_L-lysine_biosynthesis_VI,14
HISTSYN-PWY:_L-histidine_biosynthesis,PWY-5100:_pyruvate_fermentation_to_acetate_and_lactate_II,1
HISTSYN-PWY:_L-histidine_biosynthesis,PWY-5103:_L-isoleucine_biosynthesis_III,12
HISTSYN-PWY:_L-histidine_biosynthesis,PWY-5121:_superpathway_of_geranylgeranyl_diphosphate_biosynthesis_II_(via_MEP),2
HISTSYN-PWY:_L-histidine_biosynthesis,PWY-5154:_L-arginine_biosynthesis_III_(via_N-acetyl-L-citrulline),1
HISTSYN-PWY:_L-histidine_biosynthesis,PWY-5384:_sucrose_degradation_IV_(sucrose_phosphorylase),3
HISTSYN-PWY:_L-histidine_biosynthesis,PWY-5484:_glycolysis_II_(from_fructose_6-phosphate),1
HISTSYN-PWY:_L-histidine_biosynthesis,PWY-5659:_GDP-mannose_biosynthesis,4
HISTSYN-PWY:_L-histidine_biosynthesis,PWY-5667:_CDP-diacylglycerol_biosynthesis_I,14
HISTSYN-PWY:_L-histidine_biosynthesis,PWY-5686:_UMP_biosynthesis_I,17
HISTSYN-PWY:_L-histidine_biosynthesis,PWY-5695:_inosine_5'-phosphate_degradation,14
HISTSYN-PWY:_L-histidine_biosynthesis,PWY-5941:_glycogen_degradation_II,6
HISTSYN-PWY:_L-histidine_biosynthesis,PWY-5973:_cis-vaccenate_biosynthesis,11
HISTSYN-PWY:_L-histidine_biosynthesis,PWY-5989:_stearate_biosynthesis_II_(bacteria_and_plants),2
HISTSYN-PWY:_L-histidine_biosynthesis,PWY-6121:_5-aminoimidazole_ribonucleotide_biosynthesis_I,18
HISTSYN-PWY:_L-histidine_biosynthesis,PWY-6122:_5-aminoimidazole_ribonucleotide_biosynthesis_II,18
HISTSYN-PWY:_L-histidine_biosynthesis,PWY-6123:_inosine-5'-phosphate_biosynthesis_I,16
HISTSYN-PWY:_L-histidine_biosynthesis,PWY-6124:_inosine-5'-phosphate_biosynthesis_II,16
HISTSYN-PWY:_L-histidine_biosynthesis,PWY-6125:_superpathway_of_guanosine_nucleotides_de_novo_biosynthesis_II,10
HISTSYN-PWY:_L-histidine_biosynthesis,PWY-6126:_superpathway_of_adenosine_nucleotides_de_novo_biosynthesis_II,9
HISTSYN-PWY:_L-histidine_biosynthesis,PWY-6143:_CMP-pseudaminate_biosynthesis,1
HISTSYN-PWY:_L-histidine_biosynthesis,PWY-6147:_6-hydroxymethyl-dihydropterin_diphosphate_biosynthesis_I,10
HISTSYN-PWY:_L-histidine_biosynthesis,PWY-6151:_S-adenosyl-L-methionine_salvage_I,7
HISTSYN-PWY:_L-histidine_biosynthesis,PWY-6163:_chorismate_biosynthesis_from_3-dehydroquinate,19
HISTSYN-PWY:_L-histidine_biosynthesis,PWY-621:_sucrose_degradation_III_(sucrose_invertase),3
HISTSYN-PWY:_L-histidine_biosynthesis,PWY-6270:_isoprene_biosynthesis_I,5
HISTSYN-PWY:_L-histidine_biosynthesis,PWY-6277:_superpathway_of_5-aminoimidazole_ribonucleotide_biosynthesis,18
HISTSYN-PWY:_L-histidine_biosynthesis,PWY-6282:_palmitoleate_biosynthesis_I_(from_(5Z)-dodec-5-enoate),2
HISTSYN-PWY:_L-histidine_biosynthesis,PWY-6317:_D-galactose_degradation_I_(Leloir_pathway),3
HISTSYN-PWY:_L-histidine_biosynthesis,PWY-6385:_peptidoglycan_biosynthesis_III_(mycobacteria),14
HISTSYN-PWY:_L-histidine_biosynthesis,PWY-6386:_UDP-N-acetylmuramoyl-pentapeptide_biosynthesis_II_(lysine-containing),17
HISTSYN-PWY:_L-histidine_biosynthesis,PWY-6387:_UDP-N-acetylmuramoyl-pentapeptide_biosynthesis_I_(meso-diaminopimelate_containing),17
HISTSYN-PWY:_L-histidine_biosynthesis,PWY-6507:_4-deoxy-L-threo-hex-4-enopyranuronate_degradation,1
HISTSYN-PWY:_L-histidine_biosynthesis,PWY-6519:_8-amino-7-oxononanoate_biosynthesis_I,1
HISTSYN-PWY:_L-histidine_biosynthesis,PWY-6527:_stachyose_degradation,2
HISTSYN-PWY:_L-histidine_biosynthesis,PWY-6572:_chondroitin_sulfate_degradation_I_(bacterial),1
HISTSYN-PWY:_L-histidine_biosynthesis,PWY-6608:_guanosine_nucleotides_degradation_III,4
HISTSYN-PWY:_L-histidine_biosynthesis,PWY-6609:_adenine_and_adenosine_salvage_III,19
HISTSYN-PWY:_L-histidine_biosynthesis,PWY-6630:_superpathway_of_L-tyrosine_biosynthesis,1
HISTSYN-PWY:_L-histidine_biosynthesis,PWY-6700:_queuosine_biosynthesis_I_(de_novo),18
HISTSYN-PWY:_L-histidine_biosynthesis,PWY-6703:_preQ0_biosynthesis,13
HISTSYN-PWY:_L-histidine_biosynthesis,PWY-6823:_molybdopterin_biosynthesis,2
HISTSYN-PWY:_L-histidine_biosynthesis,PWY-6897:_thiamine_diphosphate_salvage_II,5
HISTSYN-PWY:_L-histidine_biosynthesis,PWY-6902:_chitin_degradation_II_(Vibrio),5
HISTSYN-PWY:_L-histidine_biosynthesis,PWY-7111:_pyruvate_fermentation_to_isobutanol_(engineered),6
HISTSYN-PWY:_L-histidine_biosynthesis,PWY-7199:_pyrimidine_deoxyribonucleosides_salvage,10
HISTSYN-PWY:_L-histidine_biosynthesis,PWY-7208:_superpathway_of_pyrimidine_nucleobases_salvage,1
HISTSYN-PWY:_L-histidine_biosynthesis,PWY-7220:_adenosine_deoxyribonucleotides_de_novo_biosynthesis_II,10
HISTSYN-PWY:_L-histidine_biosynthesis,PWY-7221:_guanosine_ribonucleotides_de_novo_biosynthesis,19
HISTSYN-PWY:_L-histidine_biosynthesis,PWY-7222:_guanosine_deoxyribonucleotides_de_novo_biosynthesis_II,10
HISTSYN-PWY:_L-histidine_biosynthesis,PWY-7228:_superpathway_of_guanosine_nucleotides_de_novo_biosynthesis_I,10
HISTSYN-PWY:_L-histidine_biosynthesis,PWY-7229:_superpathway_of_adenosine_nucleotides_de_novo_biosynthesis_I,9
HISTSYN-PWY:_L-histidine_biosynthesis,PWY-7234:_inosine-5'-phosphate_biosynthesis_III,1
HISTSYN-PWY:_L-histidine_biosynthesis,PWY-7237:_myo-,_chiro-_and_scyllo-inositol_degradation,7
HISTSYN-PWY:_L-histidine_biosynthesis,PWY-7238:_sucrose_biosynthesis_II,11
HISTSYN-PWY:_L-histidine_biosynthesis,PWY-7242:_D-fructuronate_degradation,1
HISTSYN-PWY:_L-histidine_biosynthesis,PWY-724:_superpathway_of_L-lysine,_L-threonine_and_L-methionine_biosynthesis_II,2
HISTSYN-PWY:_L-histidine_biosynthesis,PWY-7282:_4-amino-2-methyl-5-diphosphomethylpyrimidine_biosynthesis_II,3
HISTSYN-PWY:_L-histidine_biosynthesis,PWY-7312:_dTDP-&beta;-D-fucofuranose_biosynthesis,1
HISTSYN-PWY:_L-histidine_biosynthesis,PWY-7315:_dTDP-N-acetylthomosamine_biosynthesis,1
HISTSYN-PWY:_L-histidine_biosynthesis,PWY-7316:_dTDP-N-acetylviosamine_biosynthesis,1
HISTSYN-PWY:_L-histidine_biosynthesis,PWY-7357:_thiamine_phosphate_formation_from_pyrithiamine_and_oxythiamine_(yeast),7
HISTSYN-PWY:_L-histidine_biosynthesis,PWY-7456:_&beta;-(1,4)-mannan_degradation,1
HISTSYN-PWY:_L-histidine_biosynthesis,PWY-7560:_methylerythritol_phosphate_pathway_II,5
HISTSYN-PWY:_L-histidine_biosynthesis,PWY-7663:_gondoate_biosynthesis_(anaerobic),11
HISTSYN-PWY:_L-histidine_biosynthesis,PWY-7664:_oleate_biosynthesis_IV_(anaerobic),2
HISTSYN-PWY:_L-histidine_biosynthesis,PWY-7688:_dTDP-&alpha;-D-ravidosamine_and_dTDP-4-acetyl-&alpha;-D-ravidosamine_biosynthesis,2
HISTSYN-PWY:_L-histidine_biosynthesis,PWY-7790:_UMP_biosynthesis_II,17
HISTSYN-PWY:_L-histidine_biosynthesis,PWY-7791:_UMP_biosynthesis_III,17
HISTSYN-PWY:_L-histidine_biosynthesis,PWY-7851:_coenzyme_A_biosynthesis_II_(eukaryotic),16
HISTSYN-PWY:_L-histidine_biosynthesis,PWY-7953:_UDP-N-acetylmuramoyl-pentapeptide_biosynthesis_III_(meso-diaminopimelate_containing),14
HISTSYN-PWY:_L-histidine_biosynthesis,PWY-7977:_L-methionine_biosynthesis_IV,19
HISTSYN-PWY:_L-histidine_biosynthesis,PWY-8004:_Entner-Doudoroff_pathway_I,1
HISTSYN-PWY:_L-histidine_biosynthesis,PWY-8073:_lipid_IVA_biosynthesis_(P._putida),4
HISTSYN-PWY:_L-histidine_biosynthesis,PWY-8178:_pentose_phosphate_pathway_(non-oxidative_branch)_II,4
HISTSYN-PWY:_L-histidine_biosynthesis,PWY-8187:_L-arginine_degradation_XIII_(reductive_Stickland_reaction),1
HISTSYN-PWY:_L-histidine_biosynthesis,PWY0-1061:_superpathway_of_L-alanine_biosynthesis,1
HISTSYN-PWY:_L-histidine_biosynthesis,PWY0-1296:_purine_ribonucleosides_degradation,3
HISTSYN-PWY:_L-histidine_biosynthesis,PWY0-1319:_CDP-diacylglycerol_biosynthesis_II,14
HISTSYN-PWY:_L-histidine_biosynthesis,PWY0-1586:_peptidoglycan_maturation_(meso-diaminopimelate_containing),9
HISTSYN-PWY:_L-histidine_biosynthesis,PWY0-162:_superpathway_of_pyrimidine_ribonucleotides_de_novo_biosynthesis,2
HISTSYN-PWY:_L-histidine_biosynthesis,PWY0-845:_superpathway_of_pyridoxal_5'-phosphate_biosynthesis_and_salvage,6
HISTSYN-PWY:_L-histidine_biosynthesis,PWY0-862:_(5Z)-dodecenoate_biosynthesis_I,2
HISTSYN-PWY:_L-histidine_biosynthesis,PWY66-429:_fatty_acid_biosynthesis_initiation_(mitochondria),12
HISTSYN-PWY:_L-histidine_biosynthesis,PYRIDNUCSYN-PWY:_NAD_de_novo_biosynthesis_I_(from_aspartate),9
HISTSYN-PWY:_L-histidine_biosynthesis,PYRIDOXSYN-PWY:_pyridoxal_5'-phosphate_biosynthesis_I,7
HISTSYN-PWY:_L-histidine_biosynthesis,RHAMCAT-PWY:_L-rhamnose_degradation_I,9
HISTSYN-PWY:_L-histidine_biosynthesis,RIBOSYN2-PWY:_flavin_biosynthesis_I_(bacteria_and_plants),9
HISTSYN-PWY:_L-histidine_biosynthesis,SALVADEHYPOX-PWY:_adenosine_nucleotides_degradation_II,1
HISTSYN-PWY:_L-histidine_biosynthesis,SER-GLYSYN-PWY:_superpathway_of_L-serine_and_glycine_biosynthesis_I,15
HISTSYN-PWY:_L-histidine_biosynthesis,THISYNARA-PWY:_superpathway_of_thiamine_diphosphate_biosynthesis_III_(eukaryotes),6
HISTSYN-PWY:_L-histidine_biosynthesis,THRESYN-PWY:_superpathway_of_L-threonine_biosynthesis,7
HISTSYN-PWY:_L-histidine_biosynthesis,TRNA-CHARGING-PWY:_tRNA_charging,17
HISTSYN-PWY:_L-histidine_biosynthesis,UDPNAGSYN-PWY:_UDP-N-acetyl-D-glucosamine_biosynthesis_I,2
HISTSYN-PWY:_L-histidine_biosynthesis,VALSYN-PWY:_L-valine_biosynthesis,20
HSERMETANA-PWY:_L-methionine_biosynthesis_III,ILEUSYN-PWY:_L-isoleucine_biosynthesis_I_(from_threonine),5
HSERMETANA-PWY:_L-methionine_biosynthesis_III,NONMEVIPP-PWY:_methylerythritol_phosphate_pathway_I,6
HSERMETANA-PWY:_L-methionine_biosynthesis_III,NONOXIPENT-PWY:_pentose_phosphate_pathway_(non-oxidative_branch)_I,5
HSERMETANA-PWY:_L-methionine_biosynthesis_III,P41-PWY:_pyruvate_fermentation_to_acetate_and_(S)-lactate_I,3
HSERMETANA-PWY:_L-methionine_biosynthesis_III,PANTO-PWY:_phosphopantothenate_biosynthesis_I,4
HSERMETANA-PWY:_L-methionine_biosynthesis_III,PANTOSYN-PWY:_superpathway_of_coenzyme_A_biosynthesis_I_(bacteria),4
HSERMETANA-PWY:_L-methionine_biosynthesis_III,PENTOSE-P-PWY:_pentose_phosphate_pathway,2
HSERMETANA-PWY:_L-methionine_biosynthesis_III,PEPTIDOGLYCANSYN-PWY:_peptidoglycan_biosynthesis_I_(meso-diaminopimelate_containing),5
HSERMETANA-PWY:_L-methionine_biosynthesis_III,PWY-1042:_glycolysis_IV,2
HSERMETANA-PWY:_L-methionine_biosynthesis_III,PWY-1269:_CMP-3-deoxy-D-manno-octulosonate_biosynthesis,1
HSERMETANA-PWY:_L-methionine_biosynthesis_III,PWY-2942:_L-lysine_biosynthesis_III,4
HSERMETANA-PWY:_L-methionine_biosynthesis_III,PWY-3841:_folate_transformations_II_(plants),5
HSERMETANA-PWY:_L-methionine_biosynthesis_III,PWY-5030:_L-histidine_degradation_III,1
HSERMETANA-PWY:_L-methionine_biosynthesis_III,PWY-5097:_L-lysine_biosynthesis_VI,5
HSERMETANA-PWY:_L-methionine_biosynthesis_III,PWY-5100:_pyruvate_fermentation_to_acetate_and_lactate_II,3
HSERMETANA-PWY:_L-methionine_biosynthesis_III,PWY-5103:_L-isoleucine_biosynthesis_III,5
HSERMETANA-PWY:_L-methionine_biosynthesis_III,PWY-5188:_tetrapyrrole_biosynthesis_I_(from_glutamate),2
HSERMETANA-PWY:_L-methionine_biosynthesis_III,PWY-5384:_sucrose_degradation_IV_(sucrose_phosphorylase),3
HSERMETANA-PWY:_L-methionine_biosynthesis_III,PWY-5659:_GDP-mannose_biosynthesis,4
HSERMETANA-PWY:_L-methionine_biosynthesis_III,PWY-5667:_CDP-diacylglycerol_biosynthesis_I,5
HSERMETANA-PWY:_L-methionine_biosynthesis_III,PWY-5686:_UMP_biosynthesis_I,5
HSERMETANA-PWY:_L-methionine_biosynthesis_III,PWY-5695:_inosine_5'-phosphate_degradation,6
HSERMETANA-PWY:_L-methionine_biosynthesis_III,PWY-5941:_glycogen_degradation_II,6
HSERMETANA-PWY:_L-methionine_biosynthesis_III,PWY-5973:_cis-vaccenate_biosynthesis,2
HSERMETANA-PWY:_L-methionine_biosynthesis_III,PWY-6121:_5-aminoimidazole_ribonucleotide_biosynthesis_I,7
HSERMETANA-PWY:_L-methionine_biosynthesis_III,PWY-6122:_5-aminoimidazole_ribonucleotide_biosynthesis_II,7
HSERMETANA-PWY:_L-methionine_biosynthesis_III,PWY-6123:_inosine-5'-phosphate_biosynthesis_I,3
HSERMETANA-PWY:_L-methionine_biosynthesis_III,PWY-6124:_inosine-5'-phosphate_biosynthesis_II,4
HSERMETANA-PWY:_L-methionine_biosynthesis_III,PWY-6125:_superpathway_of_guanosine_nucleotides_de_novo_biosynthesis_II,2
HSERMETANA-PWY:_L-methionine_biosynthesis_III,PWY-6126:_superpathway_of_adenosine_nucleotides_de_novo_biosynthesis_II,2
HSERMETANA-PWY:_L-methionine_biosynthesis_III,PWY-6147:_6-hydroxymethyl-dihydropterin_diphosphate_biosynthesis_I,2
HSERMETANA-PWY:_L-methionine_biosynthesis_III,PWY-6151:_S-adenosyl-L-methionine_salvage_I,3
HSERMETANA-PWY:_L-methionine_biosynthesis_III,PWY-6163:_chorismate_biosynthesis_from_3-dehydroquinate,7
HSERMETANA-PWY:_L-methionine_biosynthesis_III,PWY-621:_sucrose_degradation_III_(sucrose_invertase),3
HSERMETANA-PWY:_L-methionine_biosynthesis_III,PWY-6270:_isoprene_biosynthesis_I,2
HSERMETANA-PWY:_L-methionine_biosynthesis_III,PWY-6277:_superpathway_of_5-aminoimidazole_ribonucleotide_biosynthesis,7
HSERMETANA-PWY:_L-methionine_biosynthesis_III,PWY-6317:_D-galactose_degradation_I_(Leloir_pathway),5
HSERMETANA-PWY:_L-methionine_biosynthesis_III,PWY-6385:_peptidoglycan_biosynthesis_III_(mycobacteria),4
HSERMETANA-PWY:_L-methionine_biosynthesis_III,PWY-6386:_UDP-N-acetylmuramoyl-pentapeptide_biosynthesis_II_(lysine-containing),5
HSERMETANA-PWY:_L-methionine_biosynthesis_III,PWY-6387:_UDP-N-acetylmuramoyl-pentapeptide_biosynthesis_I_(meso-diaminopimelate_containing),5
HSERMETANA-PWY:_L-methionine_biosynthesis_III,PWY-6527:_stachyose_degradation,4
HSERMETANA-PWY:_L-methionine_biosynthesis_III,PWY-6606:_guanosine_nucleotides_degradation_II,1
HSERMETANA-PWY:_L-methionine_biosynthesis_III,PWY-6608:_guanosine_nucleotides_degradation_III,2
HSERMETANA-PWY:_L-methionine_biosynthesis_III,PWY-6609:_adenine_and_adenosine_salvage_III,5
HSERMETANA-PWY:_L-methionine_biosynthesis_III,PWY-6630:_superpathway_of_L-tyrosine_biosynthesis,1
HSERMETANA-PWY:_L-methionine_biosynthesis_III,PWY-6700:_queuosine_biosynthesis_I_(de_novo),6
HSERMETANA-PWY:_L-methionine_biosynthesis_III,PWY-6703:_preQ0_biosynthesis,4
HSERMETANA-PWY:_L-methionine_biosynthesis_III,PWY-6731:_starch_degradation_III,1
HSERMETANA-PWY:_L-methionine_biosynthesis_III,PWY-6823:_molybdopterin_biosynthesis,1
HSERMETANA-PWY:_L-methionine_biosynthesis_III,PWY-6897:_thiamine_diphosphate_salvage_II,1
HSERMETANA-PWY:_L-methionine_biosynthesis_III,PWY-6936:_seleno-amino_acid_biosynthesis_(plants),3
HSERMETANA-PWY:_L-methionine_biosynthesis_III,PWY-7111:_pyruvate_fermentation_to_isobutanol_(engineered),5
HSERMETANA-PWY:_L-methionine_biosynthesis_III,PWY-7199:_pyrimidine_deoxyribonucleosides_salvage,2
HSERMETANA-PWY:_L-methionine_biosynthesis_III,PWY-7208:_superpathway_of_pyrimidine_nucleobases_salvage,2
HSERMETANA-PWY:_L-methionine_biosynthesis_III,PWY-7220:_adenosine_deoxyribonucleotides_de_novo_biosynthesis_II,2
HSERMETANA-PWY:_L-methionine_biosynthesis_III,PWY-7221:_guanosine_ribonucleotides_de_novo_biosynthesis,6
HSERMETANA-PWY:_L-methionine_biosynthesis_III,PWY-7222:_guanosine_deoxyribonucleotides_de_novo_biosynthesis_II,2
HSERMETANA-PWY:_L-methionine_biosynthesis_III,PWY-7228:_superpathway_of_guanosine_nucleotides_de_novo_biosynthesis_I,2
HSERMETANA-PWY:_L-methionine_biosynthesis_III,PWY-7229:_superpathway_of_adenosine_nucleotides_de_novo_biosynthesis_I,2
HSERMETANA-PWY:_L-methionine_biosynthesis_III,PWY-7237:_myo-,_chiro-_and_scyllo-inositol_degradation,4
HSERMETANA-PWY:_L-methionine_biosynthesis_III,PWY-7238:_sucrose_biosynthesis_II,5
HSERMETANA-PWY:_L-methionine_biosynthesis_III,PWY-724:_superpathway_of_L-lysine,_L-threonine_and_L-methionine_biosynthesis_II,2
HSERMETANA-PWY:_L-methionine_biosynthesis_III,PWY-7282:_4-amino-2-methyl-5-diphosphomethylpyrimidine_biosynthesis_II,1
HSERMETANA-PWY:_L-methionine_biosynthesis_III,PWY-7357:_thiamine_phosphate_formation_from_pyrithiamine_and_oxythiamine_(yeast),5
HSERMETANA-PWY:_L-methionine_biosynthesis_III,PWY-7456:_&beta;-(1,4)-mannan_degradation,2
HSERMETANA-PWY:_L-methionine_biosynthesis_III,PWY-7560:_methylerythritol_phosphate_pathway_II,2
HSERMETANA-PWY:_L-methionine_biosynthesis_III,PWY-7663:_gondoate_biosynthesis_(anaerobic),2
HSERMETANA-PWY:_L-methionine_biosynthesis_III,PWY-7790:_UMP_biosynthesis_II,5
HSERMETANA-PWY:_L-methionine_biosynthesis_III,PWY-7791:_UMP_biosynthesis_III,5
HSERMETANA-PWY:_L-methionine_biosynthesis_III,PWY-7851:_coenzyme_A_biosynthesis_II_(eukaryotic),4
HSERMETANA-PWY:_L-methionine_biosynthesis_III,PWY-7953:_UDP-N-acetylmuramoyl-pentapeptide_biosynthesis_III_(meso-diaminopimelate_containing),5
HSERMETANA-PWY:_L-methionine_biosynthesis_III,PWY-7977:_L-methionine_biosynthesis_IV,4
HSERMETANA-PWY:_L-methionine_biosynthesis_III,PWY-8004:_Entner-Doudoroff_pathway_I,1
HSERMETANA-PWY:_L-methionine_biosynthesis_III,PWY-8178:_pentose_phosphate_pathway_(non-oxidative_branch)_II,6
HSERMETANA-PWY:_L-methionine_biosynthesis_III,PWY0-1296:_purine_ribonucleosides_degradation,1
HSERMETANA-PWY:_L-methionine_biosynthesis_III,PWY0-1319:_CDP-diacylglycerol_biosynthesis_II,5
HSERMETANA-PWY:_L-methionine_biosynthesis_III,PWY0-1586:_peptidoglycan_maturation_(meso-diaminopimelate_containing),2
HSERMETANA-PWY:_L-methionine_biosynthesis_III,PWY0-845:_superpathway_of_pyridoxal_5'-phosphate_biosynthesis_and_salvage,2
HSERMETANA-PWY:_L-methionine_biosynthesis_III,PWY4FS-7:_phosphatidylglycerol_biosynthesis_I_(plastidic),1
HSERMETANA-PWY:_L-methionine_biosynthesis_III,PWY4FS-8:_phosphatidylglycerol_biosynthesis_II_(non-plastidic),1
HSERMETANA-PWY:_L-methionine_biosynthesis_III,PWY66-429:_fatty_acid_biosynthesis_initiation_(mitochondria),4
HSERMETANA-PWY:_L-methionine_biosynthesis_III,PYRIDNUCSYN-PWY:_NAD_de_novo_biosynthesis_I_(from_aspartate),4
HSERMETANA-PWY:_L-methionine_biosynthesis_III,PYRIDOXSYN-PWY:_pyridoxal_5'-phosphate_biosynthesis_I,2
HSERMETANA-PWY:_L-methionine_biosynthesis_III,RHAMCAT-PWY:_L-rhamnose_degradation_I,1
HSERMETANA-PWY:_L-methionine_biosynthesis_III,RIBOSYN2-PWY:_flavin_biosynthesis_I_(bacteria_and_plants),2
HSERMETANA-PWY:_L-methionine_biosynthesis_III,SER-GLYSYN-PWY:_superpathway_of_L-serine_and_glycine_biosynthesis_I,5
HSERMETANA-PWY:_L-methionine_biosynthesis_III,THISYNARA-PWY:_superpathway_of_thiamine_diphosphate_biosynthesis_III_(eukaryotes),3
HSERMETANA-PWY:_L-methionine_biosynthesis_III,TRNA-CHARGING-PWY:_tRNA_charging,2
HSERMETANA-PWY:_L-methionine_biosynthesis_III,UDPNAGSYN-PWY:_UDP-N-acetyl-D-glucosamine_biosynthesis_I,2
HSERMETANA-PWY:_L-methionine_biosynthesis_III,VALSYN-PWY:_L-valine_biosynthesis,6
ILEUSYN-PWY:_L-isoleucine_biosynthesis_I_(from_threonine),NAGLIPASYN-PWY:_lipid_IVA_biosynthesis_(E._coli),3
ILEUSYN-PWY:_L-isoleucine_biosynthesis_I_(from_threonine),NONMEVIPP-PWY:_methylerythritol_phosphate_pathway_I,13
ILEUSYN-PWY:_L-isoleucine_biosynthesis_I_(from_threonine),NONOXIPENT-PWY:_pentose_phosphate_pathway_(non-oxidative_branch)_I,5
ILEUSYN-PWY:_L-isoleucine_biosynthesis_I_(from_threonine),P41-PWY:_pyruvate_fermentation_to_acetate_and_(S)-lactate_I,4
ILEUSYN-PWY:_L-isoleucine_biosynthesis_I_(from_threonine),PANTO-PWY:_phosphopantothenate_biosynthesis_I,13
ILEUSYN-PWY:_L-isoleucine_biosynthesis_I_(from_threonine),PANTOSYN-PWY:_superpathway_of_coenzyme_A_biosynthesis_I_(bacteria),13
ILEUSYN-PWY:_L-isoleucine_biosynthesis_I_(from_threonine),PENTOSE-P-PWY:_pentose_phosphate_pathway,2
ILEUSYN-PWY:_L-isoleucine_biosynthesis_I_(from_threonine),PEPTIDOGLYCANSYN-PWY:_peptidoglycan_biosynthesis_I_(meso-diaminopimelate_containing),13
ILEUSYN-PWY:_L-isoleucine_biosynthesis_I_(from_threonine),PWY-1042:_glycolysis_IV,5
ILEUSYN-PWY:_L-isoleucine_biosynthesis_I_(from_threonine),PWY-1269:_CMP-3-deoxy-D-manno-octulosonate_biosynthesis,5
ILEUSYN-PWY:_L-isoleucine_biosynthesis_I_(from_threonine),PWY-2942:_L-lysine_biosynthesis_III,10
ILEUSYN-PWY:_L-isoleucine_biosynthesis_I_(from_threonine),PWY-3841:_folate_transformations_II_(plants),13
ILEUSYN-PWY:_L-isoleucine_biosynthesis_I_(from_threonine),PWY-5030:_L-histidine_degradation_III,6
ILEUSYN-PWY:_L-isoleucine_biosynthesis_I_(from_threonine),PWY-5097:_L-lysine_biosynthesis_VI,11
ILEUSYN-PWY:_L-isoleucine_biosynthesis_I_(from_threonine),PWY-5100:_pyruvate_fermentation_to_acetate_and_lactate_II,4
ILEUSYN-PWY:_L-isoleucine_biosynthesis_I_(from_threonine),PWY-5103:_L-isoleucine_biosynthesis_III,18
ILEUSYN-PWY:_L-isoleucine_biosynthesis_I_(from_threonine),PWY-5188:_tetrapyrrole_biosynthesis_I_(from_glutamate),1
ILEUSYN-PWY:_L-isoleucine_biosynthesis_I_(from_threonine),PWY-5384:_sucrose_degradation_IV_(sucrose_phosphorylase),3
ILEUSYN-PWY:_L-isoleucine_biosynthesis_I_(from_threonine),PWY-5484:_glycolysis_II_(from_fructose_6-phosphate),1
ILEUSYN-PWY:_L-isoleucine_biosynthesis_I_(from_threonine),PWY-5659:_GDP-mannose_biosynthesis,4
ILEUSYN-PWY:_L-isoleucine_biosynthesis_I_(from_threonine),PWY-5667:_CDP-diacylglycerol_biosynthesis_I,13
ILEUSYN-PWY:_L-isoleucine_biosynthesis_I_(from_threonine),PWY-5686:_UMP_biosynthesis_I,13
ILEUSYN-PWY:_L-isoleucine_biosynthesis_I_(from_threonine),PWY-5695:_inosine_5'-phosphate_degradation,10
ILEUSYN-PWY:_L-isoleucine_biosynthesis_I_(from_threonine),PWY-5941:_glycogen_degradation_II,7
ILEUSYN-PWY:_L-isoleucine_biosynthesis_I_(from_threonine),PWY-5973:_cis-vaccenate_biosynthesis,9
ILEUSYN-PWY:_L-isoleucine_biosynthesis_I_(from_threonine),PWY-5989:_stearate_biosynthesis_II_(bacteria_and_plants),1
ILEUSYN-PWY:_L-isoleucine_biosynthesis_I_(from_threonine),PWY-6121:_5-aminoimidazole_ribonucleotide_biosynthesis_I,14
ILEUSYN-PWY:_L-isoleucine_biosynthesis_I_(from_threonine),PWY-6122:_5-aminoimidazole_ribonucleotide_biosynthesis_II,14
ILEUSYN-PWY:_L-isoleucine_biosynthesis_I_(from_threonine),PWY-6123:_inosine-5'-phosphate_biosynthesis_I,11
ILEUSYN-PWY:_L-isoleucine_biosynthesis_I_(from_threonine),PWY-6124:_inosine-5'-phosphate_biosynthesis_II,12
ILEUSYN-PWY:_L-isoleucine_biosynthesis_I_(from_threonine),PWY-6125:_superpathway_of_guanosine_nucleotides_de_novo_biosynthesis_II,6
ILEUSYN-PWY:_L-isoleucine_biosynthesis_I_(from_threonine),PWY-6126:_superpathway_of_adenosine_nucleotides_de_novo_biosynthesis_II,6
ILEUSYN-PWY:_L-isoleucine_biosynthesis_I_(from_threonine),PWY-6143:_CMP-pseudaminate_biosynthesis,1
ILEUSYN-PWY:_L-isoleucine_biosynthesis_I_(from_threonine),PWY-6147:_6-hydroxymethyl-dihydropterin_diphosphate_biosynthesis_I,8
ILEUSYN-PWY:_L-isoleucine_biosynthesis_I_(from_threonine),PWY-6151:_S-adenosyl-L-methionine_salvage_I,5
ILEUSYN-PWY:_L-isoleucine_biosynthesis_I_(from_threonine),PWY-6163:_chorismate_biosynthesis_from_3-dehydroquinate,15
ILEUSYN-PWY:_L-isoleucine_biosynthesis_I_(from_threonine),PWY-621:_sucrose_degradation_III_(sucrose_invertase),4
ILEUSYN-PWY:_L-isoleucine_biosynthesis_I_(from_threonine),PWY-6270:_isoprene_biosynthesis_I,5
ILEUSYN-PWY:_L-isoleucine_biosynthesis_I_(from_threonine),PWY-6277:_superpathway_of_5-aminoimidazole_ribonucleotide_biosynthesis,14
ILEUSYN-PWY:_L-isoleucine_biosynthesis_I_(from_threonine),PWY-6282:_palmitoleate_biosynthesis_I_(from_(5Z)-dodec-5-enoate),1
ILEUSYN-PWY:_L-isoleucine_biosynthesis_I_(from_threonine),PWY-6317:_D-galactose_degradation_I_(Leloir_pathway),4
ILEUSYN-PWY:_L-isoleucine_biosynthesis_I_(from_threonine),PWY-6385:_peptidoglycan_biosynthesis_III_(mycobacteria),12
ILEUSYN-PWY:_L-isoleucine_biosynthesis_I_(from_threonine),PWY-6386:_UDP-N-acetylmuramoyl-pentapeptide_biosynthesis_II_(lysine-containing),13
ILEUSYN-PWY:_L-isoleucine_biosynthesis_I_(from_threonine),PWY-6387:_UDP-N-acetylmuramoyl-pentapeptide_biosynthesis_I_(meso-diaminopimelate_containing),13
ILEUSYN-PWY:_L-isoleucine_biosynthesis_I_(from_threonine),PWY-6519:_8-amino-7-oxononanoate_biosynthesis_I,1
ILEUSYN-PWY:_L-isoleucine_biosynthesis_I_(from_threonine),PWY-6527:_stachyose_degradation,3
ILEUSYN-PWY:_L-isoleucine_biosynthesis_I_(from_threonine),PWY-6572:_chondroitin_sulfate_degradation_I_(bacterial),1
ILEUSYN-PWY:_L-isoleucine_biosynthesis_I_(from_threonine),PWY-6606:_guanosine_nucleotides_degradation_II,1
ILEUSYN-PWY:_L-isoleucine_biosynthesis_I_(from_threonine),PWY-6608:_guanosine_nucleotides_degradation_III,4
ILEUSYN-PWY:_L-isoleucine_biosynthesis_I_(from_threonine),PWY-6609:_adenine_and_adenosine_salvage_III,13
ILEUSYN-PWY:_L-isoleucine_biosynthesis_I_(from_threonine),PWY-6630:_superpathway_of_L-tyrosine_biosynthesis,1
ILEUSYN-PWY:_L-isoleucine_biosynthesis_I_(from_threonine),PWY-6700:_queuosine_biosynthesis_I_(de_novo),15
ILEUSYN-PWY:_L-isoleucine_biosynthesis_I_(from_threonine),PWY-6703:_preQ0_biosynthesis,11
ILEUSYN-PWY:_L-isoleucine_biosynthesis_I_(from_threonine),PWY-6823:_molybdopterin_biosynthesis,2
ILEUSYN-PWY:_L-isoleucine_biosynthesis_I_(from_threonine),PWY-6897:_thiamine_diphosphate_salvage_II,5
ILEUSYN-PWY:_L-isoleucine_biosynthesis_I_(from_threonine),PWY-6902:_chitin_degradation_II_(Vibrio),4
ILEUSYN-PWY:_L-isoleucine_biosynthesis_I_(from_threonine),PWY-6936:_seleno-amino_acid_biosynthesis_(plants),1
ILEUSYN-PWY:_L-isoleucine_biosynthesis_I_(from_threonine),PWY-7111:_pyruvate_fermentation_to_isobutanol_(engineered),8
ILEUSYN-PWY:_L-isoleucine_biosynthesis_I_(from_threonine),PWY-7199:_pyrimidine_deoxyribonucleosides_salvage,8
ILEUSYN-PWY:_L-isoleucine_biosynthesis_I_(from_threonine),PWY-7208:_superpathway_of_pyrimidine_nucleobases_salvage,2
ILEUSYN-PWY:_L-isoleucine_biosynthesis_I_(from_threonine),PWY-7220:_adenosine_deoxyribonucleotides_de_novo_biosynthesis_II,6
ILEUSYN-PWY:_L-isoleucine_biosynthesis_I_(from_threonine),PWY-7221:_guanosine_ribonucleotides_de_novo_biosynthesis,14
ILEUSYN-PWY:_L-isoleucine_biosynthesis_I_(from_threonine),PWY-7222:_guanosine_deoxyribonucleotides_de_novo_biosynthesis_II,6
ILEUSYN-PWY:_L-isoleucine_biosynthesis_I_(from_threonine),PWY-7228:_superpathway_of_guanosine_nucleotides_de_novo_biosynthesis_I,6
ILEUSYN-PWY:_L-isoleucine_biosynthesis_I_(from_threonine),PWY-7229:_superpathway_of_adenosine_nucleotides_de_novo_biosynthesis_I,6
ILEUSYN-PWY:_L-isoleucine_biosynthesis_I_(from_threonine),PWY-7237:_myo-,_chiro-_and_scyllo-inositol_degradation,8
ILEUSYN-PWY:_L-isoleucine_biosynthesis_I_(from_threonine),PWY-7238:_sucrose_biosynthesis_II,10
ILEUSYN-PWY:_L-isoleucine_biosynthesis_I_(from_threonine),PWY-724:_superpathway_of_L-lysine,_L-threonine_and_L-methionine_biosynthesis_II,2
ILEUSYN-PWY:_L-isoleucine_biosynthesis_I_(from_threonine),PWY-7282:_4-amino-2-methyl-5-diphosphomethylpyrimidine_biosynthesis_II,3
ILEUSYN-PWY:_L-isoleucine_biosynthesis_I_(from_threonine),PWY-7312:_dTDP-&beta;-D-fucofuranose_biosynthesis,1
ILEUSYN-PWY:_L-isoleucine_biosynthesis_I_(from_threonine),PWY-7315:_dTDP-N-acetylthomosamine_biosynthesis,2
ILEUSYN-PWY:_L-isoleucine_biosynthesis_I_(from_threonine),PWY-7316:_dTDP-N-acetylviosamine_biosynthesis,1
ILEUSYN-PWY:_L-isoleucine_biosynthesis_I_(from_threonine),PWY-7357:_thiamine_phosphate_formation_from_pyrithiamine_and_oxythiamine_(yeast),8
ILEUSYN-PWY:_L-isoleucine_biosynthesis_I_(from_threonine),PWY-7456:_&beta;-(1,4)-mannan_degradation,2
ILEUSYN-PWY:_L-isoleucine_biosynthesis_I_(from_threonine),PWY-7560:_methylerythritol_phosphate_pathway_II,5
ILEUSYN-PWY:_L-isoleucine_biosynthesis_I_(from_threonine),PWY-7663:_gondoate_biosynthesis_(anaerobic),9
ILEUSYN-PWY:_L-isoleucine_biosynthesis_I_(from_threonine),PWY-7664:_oleate_biosynthesis_IV_(anaerobic),1
ILEUSYN-PWY:_L-isoleucine_biosynthesis_I_(from_threonine),PWY-7688:_dTDP-&alpha;-D-ravidosamine_and_dTDP-4-acetyl-&alpha;-D-ravidosamine_biosynthesis,1
ILEUSYN-PWY:_L-isoleucine_biosynthesis_I_(from_threonine),PWY-7790:_UMP_biosynthesis_II,13
ILEUSYN-PWY:_L-isoleucine_biosynthesis_I_(from_threonine),PWY-7791:_UMP_biosynthesis_III,13
ILEUSYN-PWY:_L-isoleucine_biosynthesis_I_(from_threonine),PWY-7851:_coenzyme_A_biosynthesis_II_(eukaryotic),13
ILEUSYN-PWY:_L-isoleucine_biosynthesis_I_(from_threonine),PWY-7953:_UDP-N-acetylmuramoyl-pentapeptide_biosynthesis_III_(meso-diaminopimelate_containing),13
ILEUSYN-PWY:_L-isoleucine_biosynthesis_I_(from_threonine),PWY-7977:_L-methionine_biosynthesis_IV,12
ILEUSYN-PWY:_L-isoleucine_biosynthesis_I_(from_threonine),PWY-8004:_Entner-Doudoroff_pathway_I,1
ILEUSYN-PWY:_L-isoleucine_biosynthesis_I_(from_threonine),PWY-8073:_lipid_IVA_biosynthesis_(P._putida),3
ILEUSYN-PWY:_L-isoleucine_biosynthesis_I_(from_threonine),PWY-8178:_pentose_phosphate_pathway_(non-oxidative_branch)_II,6
ILEUSYN-PWY:_L-isoleucine_biosynthesis_I_(from_threonine),PWY0-1061:_superpathway_of_L-alanine_biosynthesis,2
ILEUSYN-PWY:_L-isoleucine_biosynthesis_I_(from_threonine),PWY0-1296:_purine_ribonucleosides_degradation,2
ILEUSYN-PWY:_L-isoleucine_biosynthesis_I_(from_threonine),PWY0-1319:_CDP-diacylglycerol_biosynthesis_II,13
ILEUSYN-PWY:_L-isoleucine_biosynthesis_I_(from_threonine),PWY0-1586:_peptidoglycan_maturation_(meso-diaminopimelate_containing),8
ILEUSYN-PWY:_L-isoleucine_biosynthesis_I_(from_threonine),PWY0-162:_superpathway_of_pyrimidine_ribonucleotides_de_novo_biosynthesis,2
ILEUSYN-PWY:_L-isoleucine_biosynthesis_I_(from_threonine),PWY0-845:_superpathway_of_pyridoxal_5'-phosphate_biosynthesis_and_salvage,6
ILEUSYN-PWY:_L-isoleucine_biosynthesis_I_(from_threonine),PWY0-862:_(5Z)-dodecenoate_biosynthesis_I,1
ILEUSYN-PWY:_L-isoleucine_biosynthesis_I_(from_threonine),PWY4FS-7:_phosphatidylglycerol_biosynthesis_I_(plastidic),1
ILEUSYN-PWY:_L-isoleucine_biosynthesis_I_(from_threonine),PWY4FS-8:_phosphatidylglycerol_biosynthesis_II_(non-plastidic),1
ILEUSYN-PWY:_L-isoleucine_biosynthesis_I_(from_threonine),PWY66-429:_fatty_acid_biosynthesis_initiation_(mitochondria),9
ILEUSYN-PWY:_L-isoleucine_biosynthesis_I_(from_threonine),PYRIDNUCSYN-PWY:_NAD_de_novo_biosynthesis_I_(from_aspartate),8
ILEUSYN-PWY:_L-isoleucine_biosynthesis_I_(from_threonine),PYRIDOXSYN-PWY:_pyridoxal_5'-phosphate_biosynthesis_I,7
ILEUSYN-PWY:_L-isoleucine_biosynthesis_I_(from_threonine),RHAMCAT-PWY:_L-rhamnose_degradation_I,7
ILEUSYN-PWY:_L-isoleucine_biosynthesis_I_(from_threonine),RIBOSYN2-PWY:_flavin_biosynthesis_I_(bacteria_and_plants),7
ILEUSYN-PWY:_L-isoleucine_biosynthesis_I_(from_threonine),SER-GLYSYN-PWY:_superpathway_of_L-serine_and_glycine_biosynthesis_I,11
ILEUSYN-PWY:_L-isoleucine_biosynthesis_I_(from_threonine),THISYNARA-PWY:_superpathway_of_thiamine_diphosphate_biosynthesis_III_(eukaryotes),7
ILEUSYN-PWY:_L-isoleucine_biosynthesis_I_(from_threonine),THRESYN-PWY:_superpathway_of_L-threonine_biosynthesis,3
ILEUSYN-PWY:_L-isoleucine_biosynthesis_I_(from_threonine),TRNA-CHARGING-PWY:_tRNA_charging,11
ILEUSYN-PWY:_L-isoleucine_biosynthesis_I_(from_threonine),UDPNAGSYN-PWY:_UDP-N-acetyl-D-glucosamine_biosynthesis_I,3
ILEUSYN-PWY:_L-isoleucine_biosynthesis_I_(from_threonine),VALSYN-PWY:_L-valine_biosynthesis,18
NAGLIPASYN-PWY:_lipid_IVA_biosynthesis_(E._coli),NONMEVIPP-PWY:_methylerythritol_phosphate_pathway_I,4
NAGLIPASYN-PWY:_lipid_IVA_biosynthesis_(E._coli),PANTO-PWY:_phosphopantothenate_biosynthesis_I,4
NAGLIPASYN-PWY:_lipid_IVA_biosynthesis_(E._coli),PANTOSYN-PWY:_superpathway_of_coenzyme_A_biosynthesis_I_(bacteria),3
NAGLIPASYN-PWY:_lipid_IVA_biosynthesis_(E._coli),PEPTIDOGLYCANSYN-PWY:_peptidoglycan_biosynthesis_I_(meso-diaminopimelate_containing),3
NAGLIPASYN-PWY:_lipid_IVA_biosynthesis_(E._coli),PWY-1269:_CMP-3-deoxy-D-manno-octulosonate_biosynthesis,1
NAGLIPASYN-PWY:_lipid_IVA_biosynthesis_(E._coli),PWY-2942:_L-lysine_biosynthesis_III,4
NAGLIPASYN-PWY:_lipid_IVA_biosynthesis_(E._coli),PWY-3841:_folate_transformations_II_(plants),3
NAGLIPASYN-PWY:_lipid_IVA_biosynthesis_(E._coli),PWY-5030:_L-histidine_degradation_III,2
NAGLIPASYN-PWY:_lipid_IVA_biosynthesis_(E._coli),PWY-5097:_L-lysine_biosynthesis_VI,3
NAGLIPASYN-PWY:_lipid_IVA_biosynthesis_(E._coli),PWY-5103:_L-isoleucine_biosynthesis_III,3
NAGLIPASYN-PWY:_lipid_IVA_biosynthesis_(E._coli),PWY-5667:_CDP-diacylglycerol_biosynthesis_I,3
NAGLIPASYN-PWY:_lipid_IVA_biosynthesis_(E._coli),PWY-5686:_UMP_biosynthesis_I,3
NAGLIPASYN-PWY:_lipid_IVA_biosynthesis_(E._coli),PWY-5695:_inosine_5'-phosphate_degradation,3
NAGLIPASYN-PWY:_lipid_IVA_biosynthesis_(E._coli),PWY-5973:_cis-vaccenate_biosynthesis,3
NAGLIPASYN-PWY:_lipid_IVA_biosynthesis_(E._coli),PWY-5989:_stearate_biosynthesis_II_(bacteria_and_plants),1
NAGLIPASYN-PWY:_lipid_IVA_biosynthesis_(E._coli),PWY-6121:_5-aminoimidazole_ribonucleotide_biosynthesis_I,3
NAGLIPASYN-PWY:_lipid_IVA_biosynthesis_(E._coli),PWY-6122:_5-aminoimidazole_ribonucleotide_biosynthesis_II,3
NAGLIPASYN-PWY:_lipid_IVA_biosynthesis_(E._coli),PWY-6123:_inosine-5'-phosphate_biosynthesis_I,3
NAGLIPASYN-PWY:_lipid_IVA_biosynthesis_(E._coli),PWY-6124:_inosine-5'-phosphate_biosynthesis_II,3
NAGLIPASYN-PWY:_lipid_IVA_biosynthesis_(E._coli),PWY-6125:_superpathway_of_guanosine_nucleotides_de_novo_biosynthesis_II,2
NAGLIPASYN-PWY:_lipid_IVA_biosynthesis_(E._coli),PWY-6126:_superpathway_of_adenosine_nucleotides_de_novo_biosynthesis_II,1
NAGLIPASYN-PWY:_lipid_IVA_biosynthesis_(E._coli),PWY-6143:_CMP-pseudaminate_biosynthesis,1
NAGLIPASYN-PWY:_lipid_IVA_biosynthesis_(E._coli),PWY-6147:_6-hydroxymethyl-dihydropterin_diphosphate_biosynthesis_I,4
NAGLIPASYN-PWY:_lipid_IVA_biosynthesis_(E._coli),PWY-6151:_S-adenosyl-L-methionine_salvage_I,2
NAGLIPASYN-PWY:_lipid_IVA_biosynthesis_(E._coli),PWY-6163:_chorismate_biosynthesis_from_3-dehydroquinate,3
NAGLIPASYN-PWY:_lipid_IVA_biosynthesis_(E._coli),PWY-6277:_superpathway_of_5-aminoimidazole_ribonucleotide_biosynthesis,3
NAGLIPASYN-PWY:_lipid_IVA_biosynthesis_(E._coli),PWY-6282:_palmitoleate_biosynthesis_I_(from_(5Z)-dodec-5-enoate),1
NAGLIPASYN-PWY:_lipid_IVA_biosynthesis_(E._coli),PWY-6385:_peptidoglycan_biosynthesis_III_(mycobacteria),3
NAGLIPASYN-PWY:_lipid_IVA_biosynthesis_(E._coli),PWY-6386:_UDP-N-acetylmuramoyl-pentapeptide_biosynthesis_II_(lysine-containing),3
NAGLIPASYN-PWY:_lipid_IVA_biosynthesis_(E._coli),PWY-6387:_UDP-N-acetylmuramoyl-pentapeptide_biosynthesis_I_(meso-diaminopimelate_containing),3
NAGLIPASYN-PWY:_lipid_IVA_biosynthesis_(E._coli),PWY-6519:_8-amino-7-oxononanoate_biosynthesis_I,1
NAGLIPASYN-PWY:_lipid_IVA_biosynthesis_(E._coli),PWY-6609:_adenine_and_adenosine_salvage_III,3
NAGLIPASYN-PWY:_lipid_IVA_biosynthesis_(E._coli),PWY-6700:_queuosine_biosynthesis_I_(de_novo),3
NAGLIPASYN-PWY:_lipid_IVA_biosynthesis_(E._coli),PWY-6703:_preQ0_biosynthesis,3
NAGLIPASYN-PWY:_lipid_IVA_biosynthesis_(E._coli),PWY-6897:_thiamine_diphosphate_salvage_II,1
NAGLIPASYN-PWY:_lipid_IVA_biosynthesis_(E._coli),PWY-6902:_chitin_degradation_II_(Vibrio),4
NAGLIPASYN-PWY:_lipid_IVA_biosynthesis_(E._coli),PWY-7111:_pyruvate_fermentation_to_isobutanol_(engineered),1
NAGLIPASYN-PWY:_lipid_IVA_biosynthesis_(E._coli),PWY-7199:_pyrimidine_deoxyribonucleosides_salvage,3
NAGLIPASYN-PWY:_lipid_IVA_biosynthesis_(E._coli),PWY-7220:_adenosine_deoxyribonucleotides_de_novo_biosynthesis_II,2
NAGLIPASYN-PWY:_lipid_IVA_biosynthesis_(E._coli),PWY-7221:_guanosine_ribonucleotides_de_novo_biosynthesis,4
NAGLIPASYN-PWY:_lipid_IVA_biosynthesis_(E._coli),PWY-7222:_guanosine_deoxyribonucleotides_de_novo_biosynthesis_II,2
NAGLIPASYN-PWY:_lipid_IVA_biosynthesis_(E._coli),PWY-7228:_superpathway_of_guanosine_nucleotides_de_novo_biosynthesis_I,2
NAGLIPASYN-PWY:_lipid_IVA_biosynthesis_(E._coli),PWY-7229:_superpathway_of_adenosine_nucleotides_de_novo_biosynthesis_I,1
NAGLIPASYN-PWY:_lipid_IVA_biosynthesis_(E._coli),PWY-7238:_sucrose_biosynthesis_II,4
NAGLIPASYN-PWY:_lipid_IVA_biosynthesis_(E._coli),PWY-724:_superpathway_of_L-lysine,_L-threonine_and_L-methionine_biosynthesis_II,1
NAGLIPASYN-PWY:_lipid_IVA_biosynthesis_(E._coli),PWY-7282:_4-amino-2-methyl-5-diphosphomethylpyrimidine_biosynthesis_II,1
NAGLIPASYN-PWY:_lipid_IVA_biosynthesis_(E._coli),PWY-7312:_dTDP-&beta;-D-fucofuranose_biosynthesis,1
NAGLIPASYN-PWY:_lipid_IVA_biosynthesis_(E._coli),PWY-7315:_dTDP-N-acetylthomosamine_biosynthesis,1
NAGLIPASYN-PWY:_lipid_IVA_biosynthesis_(E._coli),PWY-7316:_dTDP-N-acetylviosamine_biosynthesis,1
NAGLIPASYN-PWY:_lipid_IVA_biosynthesis_(E._coli),PWY-7357:_thiamine_phosphate_formation_from_pyrithiamine_and_oxythiamine_(yeast),1
NAGLIPASYN-PWY:_lipid_IVA_biosynthesis_(E._coli),PWY-7663:_gondoate_biosynthesis_(anaerobic),3
NAGLIPASYN-PWY:_lipid_IVA_biosynthesis_(E._coli),PWY-7664:_oleate_biosynthesis_IV_(anaerobic),1
NAGLIPASYN-PWY:_lipid_IVA_biosynthesis_(E._coli),PWY-7688:_dTDP-&alpha;-D-ravidosamine_and_dTDP-4-acetyl-&alpha;-D-ravidosamine_biosynthesis,2
NAGLIPASYN-PWY:_lipid_IVA_biosynthesis_(E._coli),PWY-7790:_UMP_biosynthesis_II,3
NAGLIPASYN-PWY:_lipid_IVA_biosynthesis_(E._coli),PWY-7791:_UMP_biosynthesis_III,3
NAGLIPASYN-PWY:_lipid_IVA_biosynthesis_(E._coli),PWY-7851:_coenzyme_A_biosynthesis_II_(eukaryotic),3
NAGLIPASYN-PWY:_lipid_IVA_biosynthesis_(E._coli),PWY-7953:_UDP-N-acetylmuramoyl-pentapeptide_biosynthesis_III_(meso-diaminopimelate_containing),3
NAGLIPASYN-PWY:_lipid_IVA_biosynthesis_(E._coli),PWY-7977:_L-methionine_biosynthesis_IV,4
NAGLIPASYN-PWY:_lipid_IVA_biosynthesis_(E._coli),PWY-8073:_lipid_IVA_biosynthesis_(P._putida),4
NAGLIPASYN-PWY:_lipid_IVA_biosynthesis_(E._coli),PWY0-1319:_CDP-diacylglycerol_biosynthesis_II,3
NAGLIPASYN-PWY:_lipid_IVA_biosynthesis_(E._coli),PWY0-1586:_peptidoglycan_maturation_(meso-diaminopimelate_containing),2
NAGLIPASYN-PWY:_lipid_IVA_biosynthesis_(E._coli),PWY0-845:_superpathway_of_pyridoxal_5'-phosphate_biosynthesis_and_salvage,1
NAGLIPASYN-PWY:_lipid_IVA_biosynthesis_(E._coli),PWY0-862:_(5Z)-dodecenoate_biosynthesis_I,1
NAGLIPASYN-PWY:_lipid_IVA_biosynthesis_(E._coli),PWY66-429:_fatty_acid_biosynthesis_initiation_(mitochondria),3
NAGLIPASYN-PWY:_lipid_IVA_biosynthesis_(E._coli),PYRIDNUCSYN-PWY:_NAD_de_novo_biosynthesis_I_(from_aspartate),2
NAGLIPASYN-PWY:_lipid_IVA_biosynthesis_(E._coli),PYRIDOXSYN-PWY:_pyridoxal_5'-phosphate_biosynthesis_I,2
NAGLIPASYN-PWY:_lipid_IVA_biosynthesis_(E._coli),RHAMCAT-PWY:_L-rhamnose_degradation_I,2
NAGLIPASYN-PWY:_lipid_IVA_biosynthesis_(E._coli),RIBOSYN2-PWY:_flavin_biosynthesis_I_(bacteria_and_plants),1
NAGLIPASYN-PWY:_lipid_IVA_biosynthesis_(E._coli),SER-GLYSYN-PWY:_superpathway_of_L-serine_and_glycine_biosynthesis_I,3
NAGLIPASYN-PWY:_lipid_IVA_biosynthesis_(E._coli),THISYNARA-PWY:_superpathway_of_thiamine_diphosphate_biosynthesis_III_(eukaryotes),1
NAGLIPASYN-PWY:_lipid_IVA_biosynthesis_(E._coli),THRESYN-PWY:_superpathway_of_L-threonine_biosynthesis,3
NAGLIPASYN-PWY:_lipid_IVA_biosynthesis_(E._coli),TRNA-CHARGING-PWY:_tRNA_charging,2
NAGLIPASYN-PWY:_lipid_IVA_biosynthesis_(E._coli),VALSYN-PWY:_L-valine_biosynthesis,4
NONMEVIPP-PWY:_methylerythritol_phosphate_pathway_I,NONOXIPENT-PWY:_pentose_phosphate_pathway_(non-oxidative_branch)_I,6
NONMEVIPP-PWY:_methylerythritol_phosphate_pathway_I,OANTIGEN-PWY:_O-antigen_building_blocks_biosynthesis_(E._coli),2
NONMEVIPP-PWY:_methylerythritol_phosphate_pathway_I,P41-PWY:_pyruvate_fermentation_to_acetate_and_(S)-lactate_I,4
NONMEVIPP-PWY:_methylerythritol_phosphate_pathway_I,PANTO-PWY:_phosphopantothenate_biosynthesis_I,20
NONMEVIPP-PWY:_methylerythritol_phosphate_pathway_I,PANTOSYN-PWY:_superpathway_of_coenzyme_A_biosynthesis_I_(bacteria),18
NONMEVIPP-PWY:_methylerythritol_phosphate_pathway_I,PENTOSE-P-PWY:_pentose_phosphate_pathway,2
NONMEVIPP-PWY:_methylerythritol_phosphate_pathway_I,PEPTIDOGLYCANSYN-PWY:_peptidoglycan_biosynthesis_I_(meso-diaminopimelate_containing),22
NONMEVIPP-PWY:_methylerythritol_phosphate_pathway_I,PWY-1042:_glycolysis_IV,9
NONMEVIPP-PWY:_methylerythritol_phosphate_pathway_I,PWY-1269:_CMP-3-deoxy-D-manno-octulosonate_biosynthesis,5
NONMEVIPP-PWY:_methylerythritol_phosphate_pathway_I,PWY-2942:_L-lysine_biosynthesis_III,18
NONMEVIPP-PWY:_methylerythritol_phosphate_pathway_I,PWY-3841:_folate_transformations_II_(plants),20
NONMEVIPP-PWY:_methylerythritol_phosphate_pathway_I,PWY-4984:_urea_cycle,2
NONMEVIPP-PWY:_methylerythritol_phosphate_pathway_I,PWY-5030:_L-histidine_degradation_III,11
NONMEVIPP-PWY:_methylerythritol_phosphate_pathway_I,PWY-5097:_L-lysine_biosynthesis_VI,17
NONMEVIPP-PWY:_methylerythritol_phosphate_pathway_I,PWY-5100:_pyruvate_fermentation_to_acetate_and_lactate_II,4
NONMEVIPP-PWY:_methylerythritol_phosphate_pathway_I,PWY-5103:_L-isoleucine_biosynthesis_III,13
NONMEVIPP-PWY:_methylerythritol_phosphate_pathway_I,PWY-5121:_superpathway_of_geranylgeranyl_diphosphate_biosynthesis_II_(via_MEP),2
NONMEVIPP-PWY:_methylerythritol_phosphate_pathway_I,PWY-5130:_2-oxobutanoate_degradation_I,1
NONMEVIPP-PWY:_methylerythritol_phosphate_pathway_I,PWY-5154:_L-arginine_biosynthesis_III_(via_N-acetyl-L-citrulline),1
NONMEVIPP-PWY:_methylerythritol_phosphate_pathway_I,PWY-5188:_tetrapyrrole_biosynthesis_I_(from_glutamate),2
NONMEVIPP-PWY:_methylerythritol_phosphate_pathway_I,PWY-5384:_sucrose_degradation_IV_(sucrose_phosphorylase),3
NONMEVIPP-PWY:_methylerythritol_phosphate_pathway_I,PWY-5484:_glycolysis_II_(from_fructose_6-phosphate),1
NONMEVIPP-PWY:_methylerythritol_phosphate_pathway_I,PWY-5659:_GDP-mannose_biosynthesis,3
NONMEVIPP-PWY:_methylerythritol_phosphate_pathway_I,PWY-5667:_CDP-diacylglycerol_biosynthesis_I,17
NONMEVIPP-PWY:_methylerythritol_phosphate_pathway_I,PWY-5686:_UMP_biosynthesis_I,21
NONMEVIPP-PWY:_methylerythritol_phosphate_pathway_I,PWY-5695:_inosine_5'-phosphate_degradation,17
NONMEVIPP-PWY:_methylerythritol_phosphate_pathway_I,PWY-5941:_glycogen_degradation_II,8
NONMEVIPP-PWY:_methylerythritol_phosphate_pathway_I,PWY-5973:_cis-vaccenate_biosynthesis,12
NONMEVIPP-PWY:_methylerythritol_phosphate_pathway_I,PWY-5989:_stearate_biosynthesis_II_(bacteria_and_plants),3
NONMEVIPP-PWY:_methylerythritol_phosphate_pathway_I,PWY-6121:_5-aminoimidazole_ribonucleotide_biosynthesis_I,22
NONMEVIPP-PWY:_methylerythritol_phosphate_pathway_I,PWY-6122:_5-aminoimidazole_ribonucleotide_biosynthesis_II,22
NONMEVIPP-PWY:_methylerythritol_phosphate_pathway_I,PWY-6123:_inosine-5'-phosphate_biosynthesis_I,17
NONMEVIPP-PWY:_methylerythritol_phosphate_pathway_I,PWY-6124:_inosine-5'-phosphate_biosynthesis_II,17
NONMEVIPP-PWY:_methylerythritol_phosphate_pathway_I,PWY-6125:_superpathway_of_guanosine_nucleotides_de_novo_biosynthesis_II,10
NONMEVIPP-PWY:_methylerythritol_phosphate_pathway_I,PWY-6126:_superpathway_of_adenosine_nucleotides_de_novo_biosynthesis_II,9
NONMEVIPP-PWY:_methylerythritol_phosphate_pathway_I,PWY-6143:_CMP-pseudaminate_biosynthesis,1
NONMEVIPP-PWY:_methylerythritol_phosphate_pathway_I,PWY-6147:_6-hydroxymethyl-dihydropterin_diphosphate_biosynthesis_I,11
NONMEVIPP-PWY:_methylerythritol_phosphate_pathway_I,PWY-6151:_S-adenosyl-L-methionine_salvage_I,10
NONMEVIPP-PWY:_methylerythritol_phosphate_pathway_I,PWY-6163:_chorismate_biosynthesis_from_3-dehydroquinate,22
NONMEVIPP-PWY:_methylerythritol_phosphate_pathway_I,PWY-621:_sucrose_degradation_III_(sucrose_invertase),4
NONMEVIPP-PWY:_methylerythritol_phosphate_pathway_I,PWY-6270:_isoprene_biosynthesis_I,7
NONMEVIPP-PWY:_methylerythritol_phosphate_pathway_I,PWY-6277:_superpathway_of_5-aminoimidazole_ribonucleotide_biosynthesis,22
NONMEVIPP-PWY:_methylerythritol_phosphate_pathway_I,PWY-6282:_palmitoleate_biosynthesis_I_(from_(5Z)-dodec-5-enoate),3
NONMEVIPP-PWY:_methylerythritol_phosphate_pathway_I,PWY-6317:_D-galactose_degradation_I_(Leloir_pathway),6
NONMEVIPP-PWY:_methylerythritol_phosphate_pathway_I,PWY-6385:_peptidoglycan_biosynthesis_III_(mycobacteria),19
NONMEVIPP-PWY:_methylerythritol_phosphate_pathway_I,PWY-6386:_UDP-N-acetylmuramoyl-pentapeptide_biosynthesis_II_(lysine-containing),21
NONMEVIPP-PWY:_methylerythritol_phosphate_pathway_I,PWY-6387:_UDP-N-acetylmuramoyl-pentapeptide_biosynthesis_I_(meso-diaminopimelate_containing),23
NONMEVIPP-PWY:_methylerythritol_phosphate_pathway_I,PWY-6519:_8-amino-7-oxononanoate_biosynthesis_I,1
NONMEVIPP-PWY:_methylerythritol_phosphate_pathway_I,PWY-6527:_stachyose_degradation,4
NONMEVIPP-PWY:_methylerythritol_phosphate_pathway_I,PWY-6572:_chondroitin_sulfate_degradation_I_(bacterial),1
NONMEVIPP-PWY:_methylerythritol_phosphate_pathway_I,PWY-6606:_guanosine_nucleotides_degradation_II,1
NONMEVIPP-PWY:_methylerythritol_phosphate_pathway_I,PWY-6608:_guanosine_nucleotides_degradation_III,4
NONMEVIPP-PWY:_methylerythritol_phosphate_pathway_I,PWY-6609:_adenine_and_adenosine_salvage_III,24
NONMEVIPP-PWY:_methylerythritol_phosphate_pathway_I,PWY-6628:_superpathway_of_L-phenylalanine_biosynthesis,1
NONMEVIPP-PWY:_methylerythritol_phosphate_pathway_I,PWY-6630:_superpathway_of_L-tyrosine_biosynthesis,1
NONMEVIPP-PWY:_methylerythritol_phosphate_pathway_I,PWY-6700:_queuosine_biosynthesis_I_(de_novo),21
NONMEVIPP-PWY:_methylerythritol_phosphate_pathway_I,PWY-6703:_preQ0_biosynthesis,16
NONMEVIPP-PWY:_methylerythritol_phosphate_pathway_I,PWY-6731:_starch_degradation_III,2
NONMEVIPP-PWY:_methylerythritol_phosphate_pathway_I,PWY-6823:_molybdopterin_biosynthesis,2
NONMEVIPP-PWY:_methylerythritol_phosphate_pathway_I,PWY-6897:_thiamine_diphosphate_salvage_II,4
NONMEVIPP-PWY:_methylerythritol_phosphate_pathway_I,PWY-6902:_chitin_degradation_II_(Vibrio),6
NONMEVIPP-PWY:_methylerythritol_phosphate_pathway_I,PWY-6936:_seleno-amino_acid_biosynthesis_(plants),2
NONMEVIPP-PWY:_methylerythritol_phosphate_pathway_I,PWY-7111:_pyruvate_fermentation_to_isobutanol_(engineered),8
NONMEVIPP-PWY:_methylerythritol_phosphate_pathway_I,PWY-7199:_pyrimidine_deoxyribonucleosides_salvage,12
NONMEVIPP-PWY:_methylerythritol_phosphate_pathway_I,PWY-7208:_superpathway_of_pyrimidine_nucleobases_salvage,2
NONMEVIPP-PWY:_methylerythritol_phosphate_pathway_I,PWY-7220:_adenosine_deoxyribonucleotides_de_novo_biosynthesis_II,10
NONMEVIPP-PWY:_methylerythritol_phosphate_pathway_I,PWY-7221:_guanosine_ribonucleotides_de_novo_biosynthesis,23
NONMEVIPP-PWY:_methylerythritol_phosphate_pathway_I,PWY-7222:_guanosine_deoxyribonucleotides_de_novo_biosynthesis_II,10
NONMEVIPP-PWY:_methylerythritol_phosphate_pathway_I,PWY-7228:_superpathway_of_guanosine_nucleotides_de_novo_biosynthesis_I,10
NONMEVIPP-PWY:_methylerythritol_phosphate_pathway_I,PWY-7229:_superpathway_of_adenosine_nucleotides_de_novo_biosynthesis_I,9
NONMEVIPP-PWY:_methylerythritol_phosphate_pathway_I,PWY-7234:_inosine-5'-phosphate_biosynthesis_III,3
NONMEVIPP-PWY:_methylerythritol_phosphate_pathway_I,PWY-7237:_myo-,_chiro-_and_scyllo-inositol_degradation,8
NONMEVIPP-PWY:_methylerythritol_phosphate_pathway_I,PWY-7238:_sucrose_biosynthesis_II,14
NONMEVIPP-PWY:_methylerythritol_phosphate_pathway_I,PWY-724:_superpathway_of_L-lysine,_L-threonine_and_L-methionine_biosynthesis_II,3
NONMEVIPP-PWY:_methylerythritol_phosphate_pathway_I,PWY-7282:_4-amino-2-methyl-5-diphosphomethylpyrimidine_biosynthesis_II,3
NONMEVIPP-PWY:_methylerythritol_phosphate_pathway_I,PWY-7312:_dTDP-&beta;-D-fucofuranose_biosynthesis,1
NONMEVIPP-PWY:_methylerythritol_phosphate_pathway_I,PWY-7315:_dTDP-N-acetylthomosamine_biosynthesis,1
NONMEVIPP-PWY:_methylerythritol_phosphate_pathway_I,PWY-7316:_dTDP-N-acetylviosamine_biosynthesis,1
NONMEVIPP-PWY:_methylerythritol_phosphate_pathway_I,PWY-7357:_thiamine_phosphate_formation_from_pyrithiamine_and_oxythiamine_(yeast),9
NONMEVIPP-PWY:_methylerythritol_phosphate_pathway_I,PWY-7456:_&beta;-(1,4)-mannan_degradation,1
NONMEVIPP-PWY:_methylerythritol_phosphate_pathway_I,PWY-7560:_methylerythritol_phosphate_pathway_II,7
NONMEVIPP-PWY:_methylerythritol_phosphate_pathway_I,PWY-7663:_gondoate_biosynthesis_(anaerobic),12
NONMEVIPP-PWY:_methylerythritol_phosphate_pathway_I,PWY-7664:_oleate_biosynthesis_IV_(anaerobic),3
NONMEVIPP-PWY:_methylerythritol_phosphate_pathway_I,PWY-7688:_dTDP-&alpha;-D-ravidosamine_and_dTDP-4-acetyl-&alpha;-D-ravidosamine_biosynthesis,2
NONMEVIPP-PWY:_methylerythritol_phosphate_pathway_I,PWY-7790:_UMP_biosynthesis_II,21
NONMEVIPP-PWY:_methylerythritol_phosphate_pathway_I,PWY-7791:_UMP_biosynthesis_III,21
NONMEVIPP-PWY:_methylerythritol_phosphate_pathway_I,PWY-7851:_coenzyme_A_biosynthesis_II_(eukaryotic),19
NONMEVIPP-PWY:_methylerythritol_phosphate_pathway_I,PWY-7953:_UDP-N-acetylmuramoyl-pentapeptide_biosynthesis_III_(meso-diaminopimelate_containing),21
NONMEVIPP-PWY:_methylerythritol_phosphate_pathway_I,PWY-7977:_L-methionine_biosynthesis_IV,20
NONMEVIPP-PWY:_methylerythritol_phosphate_pathway_I,PWY-8004:_Entner-Doudoroff_pathway_I,1
NONMEVIPP-PWY:_methylerythritol_phosphate_pathway_I,PWY-8073:_lipid_IVA_biosynthesis_(P._putida),4
NONMEVIPP-PWY:_methylerythritol_phosphate_pathway_I,PWY-8178:_pentose_phosphate_pathway_(non-oxidative_branch)_II,7
NONMEVIPP-PWY:_methylerythritol_phosphate_pathway_I,PWY-8187:_L-arginine_degradation_XIII_(reductive_Stickland_reaction),1
NONMEVIPP-PWY:_methylerythritol_phosphate_pathway_I,PWY0-1061:_superpathway_of_L-alanine_biosynthesis,1
NONMEVIPP-PWY:_methylerythritol_phosphate_pathway_I,PWY0-1241:_ADP-L-glycero-&beta;-D-manno-heptose_biosynthesis,1
NONMEVIPP-PWY:_methylerythritol_phosphate_pathway_I,PWY0-1296:_purine_ribonucleosides_degradation,4
NONMEVIPP-PWY:_methylerythritol_phosphate_pathway_I,PWY0-1319:_CDP-diacylglycerol_biosynthesis_II,17
NONMEVIPP-PWY:_methylerythritol_phosphate_pathway_I,PWY0-1586:_peptidoglycan_maturation_(meso-diaminopimelate_containing),10
NONMEVIPP-PWY:_methylerythritol_phosphate_pathway_I,PWY0-162:_superpathway_of_pyrimidine_ribonucleotides_de_novo_biosynthesis,2
NONMEVIPP-PWY:_methylerythritol_phosphate_pathway_I,PWY0-845:_superpathway_of_pyridoxal_5'-phosphate_biosynthesis_and_salvage,6
NONMEVIPP-PWY:_methylerythritol_phosphate_pathway_I,PWY0-862:_(5Z)-dodecenoate_biosynthesis_I,3
NONMEVIPP-PWY:_methylerythritol_phosphate_pathway_I,PWY4FS-7:_phosphatidylglycerol_biosynthesis_I_(plastidic),1
NONMEVIPP-PWY:_methylerythritol_phosphate_pathway_I,PWY4FS-8:_phosphatidylglycerol_biosynthesis_II_(non-plastidic),1
NONMEVIPP-PWY:_methylerythritol_phosphate_pathway_I,PWY66-429:_fatty_acid_biosynthesis_initiation_(mitochondria),13
NONMEVIPP-PWY:_methylerythritol_phosphate_pathway_I,PYRIDNUCSYN-PWY:_NAD_de_novo_biosynthesis_I_(from_aspartate),11
NONMEVIPP-PWY:_methylerythritol_phosphate_pathway_I,PYRIDOXSYN-PWY:_pyridoxal_5'-phosphate_biosynthesis_I,7
NONMEVIPP-PWY:_methylerythritol_phosphate_pathway_I,RHAMCAT-PWY:_L-rhamnose_degradation_I,9
NONMEVIPP-PWY:_methylerythritol_phosphate_pathway_I,RIBOSYN2-PWY:_flavin_biosynthesis_I_(bacteria_and_plants),9
NONMEVIPP-PWY:_methylerythritol_phosphate_pathway_I,SER-GLYSYN-PWY:_superpathway_of_L-serine_and_glycine_biosynthesis_I,17
NONMEVIPP-PWY:_methylerythritol_phosphate_pathway_I,THISYNARA-PWY:_superpathway_of_thiamine_diphosphate_biosynthesis_III_(eukaryotes),7
NONMEVIPP-PWY:_methylerythritol_phosphate_pathway_I,THRESYN-PWY:_superpathway_of_L-threonine_biosynthesis,7
NONMEVIPP-PWY:_methylerythritol_phosphate_pathway_I,TRNA-CHARGING-PWY:_tRNA_charging,15
NONMEVIPP-PWY:_methylerythritol_phosphate_pathway_I,UDPNAGSYN-PWY:_UDP-N-acetyl-D-glucosamine_biosynthesis_I,5
NONMEVIPP-PWY:_methylerythritol_phosphate_pathway_I,VALSYN-PWY:_L-valine_biosynthesis,23
NONOXIPENT-PWY:_pentose_phosphate_pathway_(non-oxidative_branch)_I,P41-PWY:_pyruvate_fermentation_to_acetate_and_(S)-lactate_I,3
NONOXIPENT-PWY:_pentose_phosphate_pathway_(non-oxidative_branch)_I,PANTO-PWY:_phosphopantothenate_biosynthesis_I,5
NONOXIPENT-PWY:_pentose_phosphate_pathway_(non-oxidative_branch)_I,PANTOSYN-PWY:_superpathway_of_coenzyme_A_biosynthesis_I_(bacteria),5
NONOXIPENT-PWY:_pentose_phosphate_pathway_(non-oxidative_branch)_I,PENTOSE-P-PWY:_pentose_phosphate_pathway,2
NONOXIPENT-PWY:_pentose_phosphate_pathway_(non-oxidative_branch)_I,PEPTIDOGLYCANSYN-PWY:_peptidoglycan_biosynthesis_I_(meso-diaminopimelate_containing),6
NONOXIPENT-PWY:_pentose_phosphate_pathway_(non-oxidative_branch)_I,PWY-1042:_glycolysis_IV,3
NONOXIPENT-PWY:_pentose_phosphate_pathway_(non-oxidative_branch)_I,PWY-1269:_CMP-3-deoxy-D-manno-octulosonate_biosynthesis,1
NONOXIPENT-PWY:_pentose_phosphate_pathway_(non-oxidative_branch)_I,PWY-2942:_L-lysine_biosynthesis_III,4
NONOXIPENT-PWY:_pentose_phosphate_pathway_(non-oxidative_branch)_I,PWY-3841:_folate_transformations_II_(plants),6
NONOXIPENT-PWY:_pentose_phosphate_pathway_(non-oxidative_branch)_I,PWY-5030:_L-histidine_degradation_III,1
NONOXIPENT-PWY:_pentose_phosphate_pathway_(non-oxidative_branch)_I,PWY-5097:_L-lysine_biosynthesis_VI,5
NONOXIPENT-PWY:_pentose_phosphate_pathway_(non-oxidative_branch)_I,PWY-5100:_pyruvate_fermentation_to_acetate_and_lactate_II,3
NONOXIPENT-PWY:_pentose_phosphate_pathway_(non-oxidative_branch)_I,PWY-5103:_L-isoleucine_biosynthesis_III,5
NONOXIPENT-PWY:_pentose_phosphate_pathway_(non-oxidative_branch)_I,PWY-5188:_tetrapyrrole_biosynthesis_I_(from_glutamate),1
NONOXIPENT-PWY:_pentose_phosphate_pathway_(non-oxidative_branch)_I,PWY-5384:_sucrose_degradation_IV_(sucrose_phosphorylase),2
NONOXIPENT-PWY:_pentose_phosphate_pathway_(non-oxidative_branch)_I,PWY-5659:_GDP-mannose_biosynthesis,2
NONOXIPENT-PWY:_pentose_phosphate_pathway_(non-oxidative_branch)_I,PWY-5667:_CDP-diacylglycerol_biosynthesis_I,6
NONOXIPENT-PWY:_pentose_phosphate_pathway_(non-oxidative_branch)_I,PWY-5686:_UMP_biosynthesis_I,6
NONOXIPENT-PWY:_pentose_phosphate_pathway_(non-oxidative_branch)_I,PWY-5695:_inosine_5'-phosphate_degradation,4
NONOXIPENT-PWY:_pentose_phosphate_pathway_(non-oxidative_branch)_I,PWY-5941:_glycogen_degradation_II,5
NONOXIPENT-PWY:_pentose_phosphate_pathway_(non-oxidative_branch)_I,PWY-5973:_cis-vaccenate_biosynthesis,2
NONOXIPENT-PWY:_pentose_phosphate_pathway_(non-oxidative_branch)_I,PWY-6121:_5-aminoimidazole_ribonucleotide_biosynthesis_I,7
NONOXIPENT-PWY:_pentose_phosphate_pathway_(non-oxidative_branch)_I,PWY-6122:_5-aminoimidazole_ribonucleotide_biosynthesis_II,7
NONOXIPENT-PWY:_pentose_phosphate_pathway_(non-oxidative_branch)_I,PWY-6123:_inosine-5'-phosphate_biosynthesis_I,4
NONOXIPENT-PWY:_pentose_phosphate_pathway_(non-oxidative_branch)_I,PWY-6124:_inosine-5'-phosphate_biosynthesis_II,4
NONOXIPENT-PWY:_pentose_phosphate_pathway_(non-oxidative_branch)_I,PWY-6125:_superpathway_of_guanosine_nucleotides_de_novo_biosynthesis_II,2
NONOXIPENT-PWY:_pentose_phosphate_pathway_(non-oxidative_branch)_I,PWY-6126:_superpathway_of_adenosine_nucleotides_de_novo_biosynthesis_II,2
NONOXIPENT-PWY:_pentose_phosphate_pathway_(non-oxidative_branch)_I,PWY-6147:_6-hydroxymethyl-dihydropterin_diphosphate_biosynthesis_I,2
NONOXIPENT-PWY:_pentose_phosphate_pathway_(non-oxidative_branch)_I,PWY-6151:_S-adenosyl-L-methionine_salvage_I,5
NONOXIPENT-PWY:_pentose_phosphate_pathway_(non-oxidative_branch)_I,PWY-6163:_chorismate_biosynthesis_from_3-dehydroquinate,7
NONOXIPENT-PWY:_pentose_phosphate_pathway_(non-oxidative_branch)_I,PWY-621:_sucrose_degradation_III_(sucrose_invertase),2
NONOXIPENT-PWY:_pentose_phosphate_pathway_(non-oxidative_branch)_I,PWY-6270:_isoprene_biosynthesis_I,2
NONOXIPENT-PWY:_pentose_phosphate_pathway_(non-oxidative_branch)_I,PWY-6277:_superpathway_of_5-aminoimidazole_ribonucleotide_biosynthesis,7
NONOXIPENT-PWY:_pentose_phosphate_pathway_(non-oxidative_branch)_I,PWY-6317:_D-galactose_degradation_I_(Leloir_pathway),4
NONOXIPENT-PWY:_pentose_phosphate_pathway_(non-oxidative_branch)_I,PWY-6385:_peptidoglycan_biosynthesis_III_(mycobacteria),6
NONOXIPENT-PWY:_pentose_phosphate_pathway_(non-oxidative_branch)_I,PWY-6386:_UDP-N-acetylmuramoyl-pentapeptide_biosynthesis_II_(lysine-containing),7
NONOXIPENT-PWY:_pentose_phosphate_pathway_(non-oxidative_branch)_I,PWY-6387:_UDP-N-acetylmuramoyl-pentapeptide_biosynthesis_I_(meso-diaminopimelate_containing),6
NONOXIPENT-PWY:_pentose_phosphate_pathway_(non-oxidative_branch)_I,PWY-6527:_stachyose_degradation,2
NONOXIPENT-PWY:_pentose_phosphate_pathway_(non-oxidative_branch)_I,PWY-6608:_guanosine_nucleotides_degradation_III,1
NONOXIPENT-PWY:_pentose_phosphate_pathway_(non-oxidative_branch)_I,PWY-6609:_adenine_and_adenosine_salvage_III,7
NONOXIPENT-PWY:_pentose_phosphate_pathway_(non-oxidative_branch)_I,PWY-6630:_superpathway_of_L-tyrosine_biosynthesis,1
NONOXIPENT-PWY:_pentose_phosphate_pathway_(non-oxidative_branch)_I,PWY-6700:_queuosine_biosynthesis_I_(de_novo),6
NONOXIPENT-PWY:_pentose_phosphate_pathway_(non-oxidative_branch)_I,PWY-6703:_preQ0_biosynthesis,3
NONOXIPENT-PWY:_pentose_phosphate_pathway_(non-oxidative_branch)_I,PWY-6731:_starch_degradation_III,1
NONOXIPENT-PWY:_pentose_phosphate_pathway_(non-oxidative_branch)_I,PWY-6823:_molybdopterin_biosynthesis,3
NONOXIPENT-PWY:_pentose_phosphate_pathway_(non-oxidative_branch)_I,PWY-6897:_thiamine_diphosphate_salvage_II,2
NONOXIPENT-PWY:_pentose_phosphate_pathway_(non-oxidative_branch)_I,PWY-6936:_seleno-amino_acid_biosynthesis_(plants),2
NONOXIPENT-PWY:_pentose_phosphate_pathway_(non-oxidative_branch)_I,PWY-7111:_pyruvate_fermentation_to_isobutanol_(engineered),5
NONOXIPENT-PWY:_pentose_phosphate_pathway_(non-oxidative_branch)_I,PWY-7199:_pyrimidine_deoxyribonucleosides_salvage,2
NONOXIPENT-PWY:_pentose_phosphate_pathway_(non-oxidative_branch)_I,PWY-7208:_superpathway_of_pyrimidine_nucleobases_salvage,1
NONOXIPENT-PWY:_pentose_phosphate_pathway_(non-oxidative_branch)_I,PWY-7220:_adenosine_deoxyribonucleotides_de_novo_biosynthesis_II,2
NONOXIPENT-PWY:_pentose_phosphate_pathway_(non-oxidative_branch)_I,PWY-7221:_guanosine_ribonucleotides_de_novo_biosynthesis,7
NONOXIPENT-PWY:_pentose_phosphate_pathway_(non-oxidative_branch)_I,PWY-7222:_guanosine_deoxyribonucleotides_de_novo_biosynthesis_II,2
NONOXIPENT-PWY:_pentose_phosphate_pathway_(non-oxidative_branch)_I,PWY-7228:_superpathway_of_guanosine_nucleotides_de_novo_biosynthesis_I,2
NONOXIPENT-PWY:_pentose_phosphate_pathway_(non-oxidative_branch)_I,PWY-7229:_superpathway_of_adenosine_nucleotides_de_novo_biosynthesis_I,2
NONOXIPENT-PWY:_pentose_phosphate_pathway_(non-oxidative_branch)_I,PWY-7237:_myo-,_chiro-_and_scyllo-inositol_degradation,5
NONOXIPENT-PWY:_pentose_phosphate_pathway_(non-oxidative_branch)_I,PWY-7238:_sucrose_biosynthesis_II,5
NONOXIPENT-PWY:_pentose_phosphate_pathway_(non-oxidative_branch)_I,PWY-724:_superpathway_of_L-lysine,_L-threonine_and_L-methionine_biosynthesis_II,1
NONOXIPENT-PWY:_pentose_phosphate_pathway_(non-oxidative_branch)_I,PWY-7282:_4-amino-2-methyl-5-diphosphomethylpyrimidine_biosynthesis_II,1
NONOXIPENT-PWY:_pentose_phosphate_pathway_(non-oxidative_branch)_I,PWY-7315:_dTDP-N-acetylthomosamine_biosynthesis,1
NONOXIPENT-PWY:_pentose_phosphate_pathway_(non-oxidative_branch)_I,PWY-7357:_thiamine_phosphate_formation_from_pyrithiamine_and_oxythiamine_(yeast),6
NONOXIPENT-PWY:_pentose_phosphate_pathway_(non-oxidative_branch)_I,PWY-7456:_&beta;-(1,4)-mannan_degradation,1
NONOXIPENT-PWY:_pentose_phosphate_pathway_(non-oxidative_branch)_I,PWY-7560:_methylerythritol_phosphate_pathway_II,2
NONOXIPENT-PWY:_pentose_phosphate_pathway_(non-oxidative_branch)_I,PWY-7663:_gondoate_biosynthesis_(anaerobic),2
NONOXIPENT-PWY:_pentose_phosphate_pathway_(non-oxidative_branch)_I,PWY-7790:_UMP_biosynthesis_II,6
NONOXIPENT-PWY:_pentose_phosphate_pathway_(non-oxidative_branch)_I,PWY-7791:_UMP_biosynthesis_III,6
NONOXIPENT-PWY:_pentose_phosphate_pathway_(non-oxidative_branch)_I,PWY-7851:_coenzyme_A_biosynthesis_II_(eukaryotic),5
NONOXIPENT-PWY:_pentose_phosphate_pathway_(non-oxidative_branch)_I,PWY-7953:_UDP-N-acetylmuramoyl-pentapeptide_biosynthesis_III_(meso-diaminopimelate_containing),6
NONOXIPENT-PWY:_pentose_phosphate_pathway_(non-oxidative_branch)_I,PWY-7977:_L-methionine_biosynthesis_IV,5
NONOXIPENT-PWY:_pentose_phosphate_pathway_(non-oxidative_branch)_I,PWY-8004:_Entner-Doudoroff_pathway_I,1
NONOXIPENT-PWY:_pentose_phosphate_pathway_(non-oxidative_branch)_I,PWY-8178:_pentose_phosphate_pathway_(non-oxidative_branch)_II,7
NONOXIPENT-PWY:_pentose_phosphate_pathway_(non-oxidative_branch)_I,PWY0-1061:_superpathway_of_L-alanine_biosynthesis,2
NONOXIPENT-PWY:_pentose_phosphate_pathway_(non-oxidative_branch)_I,PWY0-1296:_purine_ribonucleosides_degradation,3
NONOXIPENT-PWY:_pentose_phosphate_pathway_(non-oxidative_branch)_I,PWY0-1319:_CDP-diacylglycerol_biosynthesis_II,6
NONOXIPENT-PWY:_pentose_phosphate_pathway_(non-oxidative_branch)_I,PWY0-1586:_peptidoglycan_maturation_(meso-diaminopimelate_containing),3
NONOXIPENT-PWY:_pentose_phosphate_pathway_(non-oxidative_branch)_I,PWY0-845:_superpathway_of_pyridoxal_5'-phosphate_biosynthesis_and_salvage,2
NONOXIPENT-PWY:_pentose_phosphate_pathway_(non-oxidative_branch)_I,PWY66-429:_fatty_acid_biosynthesis_initiation_(mitochondria),4
NONOXIPENT-PWY:_pentose_phosphate_pathway_(non-oxidative_branch)_I,PYRIDNUCSYN-PWY:_NAD_de_novo_biosynthesis_I_(from_aspartate),2
NONOXIPENT-PWY:_pentose_phosphate_pathway_(non-oxidative_branch)_I,PYRIDOXSYN-PWY:_pyridoxal_5'-phosphate_biosynthesis_I,2
NONOXIPENT-PWY:_pentose_phosphate_pathway_(non-oxidative_branch)_I,RHAMCAT-PWY:_L-rhamnose_degradation_I,1
NONOXIPENT-PWY:_pentose_phosphate_pathway_(non-oxidative_branch)_I,RIBOSYN2-PWY:_flavin_biosynthesis_I_(bacteria_and_plants),4
NONOXIPENT-PWY:_pentose_phosphate_pathway_(non-oxidative_branch)_I,SER-GLYSYN-PWY:_superpathway_of_L-serine_and_glycine_biosynthesis_I,5
NONOXIPENT-PWY:_pentose_phosphate_pathway_(non-oxidative_branch)_I,THISYNARA-PWY:_superpathway_of_thiamine_diphosphate_biosynthesis_III_(eukaryotes),4
NONOXIPENT-PWY:_pentose_phosphate_pathway_(non-oxidative_branch)_I,THRESYN-PWY:_superpathway_of_L-threonine_biosynthesis,1
NONOXIPENT-PWY:_pentose_phosphate_pathway_(non-oxidative_branch)_I,TRNA-CHARGING-PWY:_tRNA_charging,4
NONOXIPENT-PWY:_pentose_phosphate_pathway_(non-oxidative_branch)_I,UDPNAGSYN-PWY:_UDP-N-acetyl-D-glucosamine_biosynthesis_I,1
NONOXIPENT-PWY:_pentose_phosphate_pathway_(non-oxidative_branch)_I,VALSYN-PWY:_L-valine_biosynthesis,6
OANTIGEN-PWY:_O-antigen_building_blocks_biosynthesis_(E._coli),PANTO-PWY:_phosphopantothenate_biosynthesis_I,1
OANTIGEN-PWY:_O-antigen_building_blocks_biosynthesis_(E._coli),PANTOSYN-PWY:_superpathway_of_coenzyme_A_biosynthesis_I_(bacteria),1
OANTIGEN-PWY:_O-antigen_building_blocks_biosynthesis_(E._coli),PEPTIDOGLYCANSYN-PWY:_peptidoglycan_biosynthesis_I_(meso-diaminopimelate_containing),2
OANTIGEN-PWY:_O-antigen_building_blocks_biosynthesis_(E._coli),PWY-1042:_glycolysis_IV,1
OANTIGEN-PWY:_O-antigen_building_blocks_biosynthesis_(E._coli),PWY-2942:_L-lysine_biosynthesis_III,1
OANTIGEN-PWY:_O-antigen_building_blocks_biosynthesis_(E._coli),PWY-5686:_UMP_biosynthesis_I,1
OANTIGEN-PWY:_O-antigen_building_blocks_biosynthesis_(E._coli),PWY-6121:_5-aminoimidazole_ribonucleotide_biosynthesis_I,1
OANTIGEN-PWY:_O-antigen_building_blocks_biosynthesis_(E._coli),PWY-6122:_5-aminoimidazole_ribonucleotide_biosynthesis_II,1
OANTIGEN-PWY:_O-antigen_building_blocks_biosynthesis_(E._coli),PWY-6151:_S-adenosyl-L-methionine_salvage_I,1
OANTIGEN-PWY:_O-antigen_building_blocks_biosynthesis_(E._coli),PWY-6163:_chorismate_biosynthesis_from_3-dehydroquinate,1
OANTIGEN-PWY:_O-antigen_building_blocks_biosynthesis_(E._coli),PWY-6270:_isoprene_biosynthesis_I,1
OANTIGEN-PWY:_O-antigen_building_blocks_biosynthesis_(E._coli),PWY-6277:_superpathway_of_5-aminoimidazole_ribonucleotide_biosynthesis,1
OANTIGEN-PWY:_O-antigen_building_blocks_biosynthesis_(E._coli),PWY-6385:_peptidoglycan_biosynthesis_III_(mycobacteria),2
OANTIGEN-PWY:_O-antigen_building_blocks_biosynthesis_(E._coli),PWY-6386:_UDP-N-acetylmuramoyl-pentapeptide_biosynthesis_II_(lysine-containing),2
OANTIGEN-PWY:_O-antigen_building_blocks_biosynthesis_(E._coli),PWY-6387:_UDP-N-acetylmuramoyl-pentapeptide_biosynthesis_I_(meso-diaminopimelate_containing),2
OANTIGEN-PWY:_O-antigen_building_blocks_biosynthesis_(E._coli),PWY-6609:_adenine_and_adenosine_salvage_III,2
OANTIGEN-PWY:_O-antigen_building_blocks_biosynthesis_(E._coli),PWY-6628:_superpathway_of_L-phenylalanine_biosynthesis,1
OANTIGEN-PWY:_O-antigen_building_blocks_biosynthesis_(E._coli),PWY-6700:_queuosine_biosynthesis_I_(de_novo),2
OANTIGEN-PWY:_O-antigen_building_blocks_biosynthesis_(E._coli),PWY-6703:_preQ0_biosynthesis,1
OANTIGEN-PWY:_O-antigen_building_blocks_biosynthesis_(E._coli),PWY-7111:_pyruvate_fermentation_to_isobutanol_(engineered),1
OANTIGEN-PWY:_O-antigen_building_blocks_biosynthesis_(E._coli),PWY-7199:_pyrimidine_deoxyribonucleosides_salvage,1
OANTIGEN-PWY:_O-antigen_building_blocks_biosynthesis_(E._coli),PWY-7238:_sucrose_biosynthesis_II,1
OANTIGEN-PWY:_O-antigen_building_blocks_biosynthesis_(E._coli),PWY-7560:_methylerythritol_phosphate_pathway_II,1
OANTIGEN-PWY:_O-antigen_building_blocks_biosynthesis_(E._coli),PWY-7790:_UMP_biosynthesis_II,1
OANTIGEN-PWY:_O-antigen_building_blocks_biosynthesis_(E._coli),PWY-7791:_UMP_biosynthesis_III,1
OANTIGEN-PWY:_O-antigen_building_blocks_biosynthesis_(E._coli),PWY-7851:_coenzyme_A_biosynthesis_II_(eukaryotic),1
OANTIGEN-PWY:_O-antigen_building_blocks_biosynthesis_(E._coli),PWY-7953:_UDP-N-acetylmuramoyl-pentapeptide_biosynthesis_III_(meso-diaminopimelate_containing),2
OANTIGEN-PWY:_O-antigen_building_blocks_biosynthesis_(E._coli),PWY0-1241:_ADP-L-glycero-&beta;-D-manno-heptose_biosynthesis,1
OANTIGEN-PWY:_O-antigen_building_blocks_biosynthesis_(E._coli),PWY0-1296:_purine_ribonucleosides_degradation,1
OANTIGEN-PWY:_O-antigen_building_blocks_biosynthesis_(E._coli),RIBOSYN2-PWY:_flavin_biosynthesis_I_(bacteria_and_plants),1
OANTIGEN-PWY:_O-antigen_building_blocks_biosynthesis_(E._coli),THRESYN-PWY:_superpathway_of_L-threonine_biosynthesis,1
OANTIGEN-PWY:_O-antigen_building_blocks_biosynthesis_(E._coli),UDPNAGSYN-PWY:_UDP-N-acetyl-D-glucosamine_biosynthesis_I,2
OANTIGEN-PWY:_O-antigen_building_blocks_biosynthesis_(E._coli),VALSYN-PWY:_L-valine_biosynthesis,1
P41-PWY:_pyruvate_fermentation_to_acetate_and_(S)-lactate_I,PANTO-PWY:_phosphopantothenate_biosynthesis_I,4
P41-PWY:_pyruvate_fermentation_to_acetate_and_(S)-lactate_I,PANTOSYN-PWY:_superpathway_of_coenzyme_A_biosynthesis_I_(bacteria),4
P41-PWY:_pyruvate_fermentation_to_acetate_and_(S)-lactate_I,PEPTIDOGLYCANSYN-PWY:_peptidoglycan_biosynthesis_I_(meso-diaminopimelate_containing),4
P41-PWY:_pyruvate_fermentation_to_acetate_and_(S)-lactate_I,PWY-1042:_glycolysis_IV,4
P41-PWY:_pyruvate_fermentation_to_acetate_and_(S)-lactate_I,PWY-3841:_folate_transformations_II_(plants),4
P41-PWY:_pyruvate_fermentation_to_acetate_and_(S)-lactate_I,PWY-5097:_L-lysine_biosynthesis_VI,2
P41-PWY:_pyruvate_fermentation_to_acetate_and_(S)-lactate_I,PWY-5100:_pyruvate_fermentation_to_acetate_and_lactate_II,6
P41-PWY:_pyruvate_fermentation_to_acetate_and_(S)-lactate_I,PWY-5103:_L-isoleucine_biosynthesis_III,4
P41-PWY:_pyruvate_fermentation_to_acetate_and_(S)-lactate_I,PWY-5188:_tetrapyrrole_biosynthesis_I_(from_glutamate),2
P41-PWY:_pyruvate_fermentation_to_acetate_and_(S)-lactate_I,PWY-5384:_sucrose_degradation_IV_(sucrose_phosphorylase),2
P41-PWY:_pyruvate_fermentation_to_acetate_and_(S)-lactate_I,PWY-5659:_GDP-mannose_biosynthesis,2
P41-PWY:_pyruvate_fermentation_to_acetate_and_(S)-lactate_I,PWY-5667:_CDP-diacylglycerol_biosynthesis_I,4
P41-PWY:_pyruvate_fermentation_to_acetate_and_(S)-lactate_I,PWY-5686:_UMP_biosynthesis_I,4
P41-PWY:_pyruvate_fermentation_to_acetate_and_(S)-lactate_I,PWY-5695:_inosine_5'-phosphate_degradation,3
P41-PWY:_pyruvate_fermentation_to_acetate_and_(S)-lactate_I,PWY-5941:_glycogen_degradation_II,4
P41-PWY:_pyruvate_fermentation_to_acetate_and_(S)-lactate_I,PWY-6121:_5-aminoimidazole_ribonucleotide_biosynthesis_I,5
P41-PWY:_pyruvate_fermentation_to_acetate_and_(S)-lactate_I,PWY-6122:_5-aminoimidazole_ribonucleotide_biosynthesis_II,5
P41-PWY:_pyruvate_fermentation_to_acetate_and_(S)-lactate_I,PWY-6123:_inosine-5'-phosphate_biosynthesis_I,1
P41-PWY:_pyruvate_fermentation_to_acetate_and_(S)-lactate_I,PWY-6124:_inosine-5'-phosphate_biosynthesis_II,2
P41-PWY:_pyruvate_fermentation_to_acetate_and_(S)-lactate_I,PWY-6151:_S-adenosyl-L-methionine_salvage_I,4
P41-PWY:_pyruvate_fermentation_to_acetate_and_(S)-lactate_I,PWY-6163:_chorismate_biosynthesis_from_3-dehydroquinate,6
P41-PWY:_pyruvate_fermentation_to_acetate_and_(S)-lactate_I,PWY-621:_sucrose_degradation_III_(sucrose_invertase),2
P41-PWY:_pyruvate_fermentation_to_acetate_and_(S)-lactate_I,PWY-6270:_isoprene_biosynthesis_I,1
P41-PWY:_pyruvate_fermentation_to_acetate_and_(S)-lactate_I,PWY-6277:_superpathway_of_5-aminoimidazole_ribonucleotide_biosynthesis,5
P41-PWY:_pyruvate_fermentation_to_acetate_and_(S)-lactate_I,PWY-6317:_D-galactose_degradation_I_(Leloir_pathway),5
P41-PWY:_pyruvate_fermentation_to_acetate_and_(S)-lactate_I,PWY-6385:_peptidoglycan_biosynthesis_III_(mycobacteria),3
P41-PWY:_pyruvate_fermentation_to_acetate_and_(S)-lactate_I,PWY-6386:_UDP-N-acetylmuramoyl-pentapeptide_biosynthesis_II_(lysine-containing),4
P41-PWY:_pyruvate_fermentation_to_acetate_and_(S)-lactate_I,PWY-6387:_UDP-N-acetylmuramoyl-pentapeptide_biosynthesis_I_(meso-diaminopimelate_containing),4
P41-PWY:_pyruvate_fermentation_to_acetate_and_(S)-lactate_I,PWY-6527:_stachyose_degradation,4
P41-PWY:_pyruvate_fermentation_to_acetate_and_(S)-lactate_I,PWY-6606:_guanosine_nucleotides_degradation_II,1
P41-PWY:_pyruvate_fermentation_to_acetate_and_(S)-lactate_I,PWY-6608:_guanosine_nucleotides_degradation_III,1
P41-PWY:_pyruvate_fermentation_to_acetate_and_(S)-lactate_I,PWY-6609:_adenine_and_adenosine_salvage_III,4
P41-PWY:_pyruvate_fermentation_to_acetate_and_(S)-lactate_I,PWY-6700:_queuosine_biosynthesis_I_(de_novo),4
P41-PWY:_pyruvate_fermentation_to_acetate_and_(S)-lactate_I,PWY-6703:_preQ0_biosynthesis,1
P41-PWY:_pyruvate_fermentation_to_acetate_and_(S)-lactate_I,PWY-6731:_starch_degradation_III,1
P41-PWY:_pyruvate_fermentation_to_acetate_and_(S)-lactate_I,PWY-6823:_molybdopterin_biosynthesis,3
P41-PWY:_pyruvate_fermentation_to_acetate_and_(S)-lactate_I,PWY-6897:_thiamine_diphosphate_salvage_II,1
P41-PWY:_pyruvate_fermentation_to_acetate_and_(S)-lactate_I,PWY-6902:_chitin_degradation_II_(Vibrio),1
P41-PWY:_pyruvate_fermentation_to_acetate_and_(S)-lactate_I,PWY-6936:_seleno-amino_acid_biosynthesis_(plants),2
P41-PWY:_pyruvate_fermentation_to_acetate_and_(S)-lactate_I,PWY-7111:_pyruvate_fermentation_to_isobutanol_(engineered),5
P41-PWY:_pyruvate_fermentation_to_acetate_and_(S)-lactate_I,PWY-7208:_superpathway_of_pyrimidine_nucleobases_salvage,1
P41-PWY:_pyruvate_fermentation_to_acetate_and_(S)-lactate_I,PWY-7221:_guanosine_ribonucleotides_de_novo_biosynthesis,4
P41-PWY:_pyruvate_fermentation_to_acetate_and_(S)-lactate_I,PWY-7237:_myo-,_chiro-_and_scyllo-inositol_degradation,3
P41-PWY:_pyruvate_fermentation_to_acetate_and_(S)-lactate_I,PWY-7238:_sucrose_biosynthesis_II,5
P41-PWY:_pyruvate_fermentation_to_acetate_and_(S)-lactate_I,PWY-724:_superpathway_of_L-lysine,_L-threonine_and_L-methionine_biosynthesis_II,1
P41-PWY:_pyruvate_fermentation_to_acetate_and_(S)-lactate_I,PWY-7315:_dTDP-N-acetylthomosamine_biosynthesis,1
P41-PWY:_pyruvate_fermentation_to_acetate_and_(S)-lactate_I,PWY-7357:_thiamine_phosphate_formation_from_pyrithiamine_and_oxythiamine_(yeast),4
P41-PWY:_pyruvate_fermentation_to_acetate_and_(S)-lactate_I,PWY-7456:_&beta;-(1,4)-mannan_degradation,1
P41-PWY:_pyruvate_fermentation_to_acetate_and_(S)-lactate_I,PWY-7560:_methylerythritol_phosphate_pathway_II,1
P41-PWY:_pyruvate_fermentation_to_acetate_and_(S)-lactate_I,PWY-7790:_UMP_biosynthesis_II,4
P41-PWY:_pyruvate_fermentation_to_acetate_and_(S)-lactate_I,PWY-7791:_UMP_biosynthesis_III,4
P41-PWY:_pyruvate_fermentation_to_acetate_and_(S)-lactate_I,PWY-7851:_coenzyme_A_biosynthesis_II_(eukaryotic),4
P41-PWY:_pyruvate_fermentation_to_acetate_and_(S)-lactate_I,PWY-7953:_UDP-N-acetylmuramoyl-pentapeptide_biosynthesis_III_(meso-diaminopimelate_containing),4
P41-PWY:_pyruvate_fermentation_to_acetate_and_(S)-lactate_I,PWY-7977:_L-methionine_biosynthesis_IV,1
P41-PWY:_pyruvate_fermentation_to_acetate_and_(S)-lactate_I,PWY-8178:_pentose_phosphate_pathway_(non-oxidative_branch)_II,4
P41-PWY:_pyruvate_fermentation_to_acetate_and_(S)-lactate_I,PWY0-1061:_superpathway_of_L-alanine_biosynthesis,2
P41-PWY:_pyruvate_fermentation_to_acetate_and_(S)-lactate_I,PWY0-1296:_purine_ribonucleosides_degradation,4
P41-PWY:_pyruvate_fermentation_to_acetate_and_(S)-lactate_I,PWY0-1319:_CDP-diacylglycerol_biosynthesis_II,4
P41-PWY:_pyruvate_fermentation_to_acetate_and_(S)-lactate_I,PWY0-1586:_peptidoglycan_maturation_(meso-diaminopimelate_containing),1
P41-PWY:_pyruvate_fermentation_to_acetate_and_(S)-lactate_I,PWY4FS-7:_phosphatidylglycerol_biosynthesis_I_(plastidic),1
P41-PWY:_pyruvate_fermentation_to_acetate_and_(S)-lactate_I,PWY4FS-8:_phosphatidylglycerol_biosynthesis_II_(non-plastidic),1
P41-PWY:_pyruvate_fermentation_to_acetate_and_(S)-lactate_I,PYRIDNUCSYN-PWY:_NAD_de_novo_biosynthesis_I_(from_aspartate),2
P41-PWY:_pyruvate_fermentation_to_acetate_and_(S)-lactate_I,RIBOSYN2-PWY:_flavin_biosynthesis_I_(bacteria_and_plants),2
P41-PWY:_pyruvate_fermentation_to_acetate_and_(S)-lactate_I,SER-GLYSYN-PWY:_superpathway_of_L-serine_and_glycine_biosynthesis_I,3
P41-PWY:_pyruvate_fermentation_to_acetate_and_(S)-lactate_I,THISYNARA-PWY:_superpathway_of_thiamine_diphosphate_biosynthesis_III_(eukaryotes),4
P41-PWY:_pyruvate_fermentation_to_acetate_and_(S)-lactate_I,THRESYN-PWY:_superpathway_of_L-threonine_biosynthesis,1
P41-PWY:_pyruvate_fermentation_to_acetate_and_(S)-lactate_I,TRNA-CHARGING-PWY:_tRNA_charging,2
P41-PWY:_pyruvate_fermentation_to_acetate_and_(S)-lactate_I,UDPNAGSYN-PWY:_UDP-N-acetyl-D-glucosamine_biosynthesis_I,1
P41-PWY:_pyruvate_fermentation_to_acetate_and_(S)-lactate_I,VALSYN-PWY:_L-valine_biosynthesis,5
PANTO-PWY:_phosphopantothenate_biosynthesis_I,PANTOSYN-PWY:_superpathway_of_coenzyme_A_biosynthesis_I_(bacteria),19
PANTO-PWY:_phosphopantothenate_biosynthesis_I,PENTOSE-P-PWY:_pentose_phosphate_pathway,2
PANTO-PWY:_phosphopantothenate_biosynthesis_I,PEPTIDOGLYCANSYN-PWY:_peptidoglycan_biosynthesis_I_(meso-diaminopimelate_containing),19
PANTO-PWY:_phosphopantothenate_biosynthesis_I,PWY-1042:_glycolysis_IV,10
PANTO-PWY:_phosphopantothenate_biosynthesis_I,PWY-1269:_CMP-3-deoxy-D-manno-octulosonate_biosynthesis,5
PANTO-PWY:_phosphopantothenate_biosynthesis_I,PWY-2942:_L-lysine_biosynthesis_III,15
PANTO-PWY:_phosphopantothenate_biosynthesis_I,PWY-3841:_folate_transformations_II_(plants),17
PANTO-PWY:_phosphopantothenate_biosynthesis_I,PWY-4984:_urea_cycle,1
PANTO-PWY:_phosphopantothenate_biosynthesis_I,PWY-5030:_L-histidine_degradation_III,10
PANTO-PWY:_phosphopantothenate_biosynthesis_I,PWY-5097:_L-lysine_biosynthesis_VI,13
PANTO-PWY:_phosphopantothenate_biosynthesis_I,PWY-5100:_pyruvate_fermentation_to_acetate_and_lactate_II,4
PANTO-PWY:_phosphopantothenate_biosynthesis_I,PWY-5103:_L-isoleucine_biosynthesis_III,13
PANTO-PWY:_phosphopantothenate_biosynthesis_I,PWY-5121:_superpathway_of_geranylgeranyl_diphosphate_biosynthesis_II_(via_MEP),2
PANTO-PWY:_phosphopantothenate_biosynthesis_I,PWY-5130:_2-oxobutanoate_degradation_I,1
PANTO-PWY:_phosphopantothenate_biosynthesis_I,PWY-5188:_tetrapyrrole_biosynthesis_I_(from_glutamate),1
PANTO-PWY:_phosphopantothenate_biosynthesis_I,PWY-5384:_sucrose_degradation_IV_(sucrose_phosphorylase),3
PANTO-PWY:_phosphopantothenate_biosynthesis_I,PWY-5484:_glycolysis_II_(from_fructose_6-phosphate),1
PANTO-PWY:_phosphopantothenate_biosynthesis_I,PWY-5659:_GDP-mannose_biosynthesis,2
PANTO-PWY:_phosphopantothenate_biosynthesis_I,PWY-5667:_CDP-diacylglycerol_biosynthesis_I,15
PANTO-PWY:_phosphopantothenate_biosynthesis_I,PWY-5686:_UMP_biosynthesis_I,19
PANTO-PWY:_phosphopantothenate_biosynthesis_I,PWY-5695:_inosine_5'-phosphate_degradation,15
PANTO-PWY:_phosphopantothenate_biosynthesis_I,PWY-5941:_glycogen_degradation_II,6
PANTO-PWY:_phosphopantothenate_biosynthesis_I,PWY-5973:_cis-vaccenate_biosynthesis,11
PANTO-PWY:_phosphopantothenate_biosynthesis_I,PWY-5989:_stearate_biosynthesis_II_(bacteria_and_plants),2
PANTO-PWY:_phosphopantothenate_biosynthesis_I,PWY-6121:_5-aminoimidazole_ribonucleotide_biosynthesis_I,19
PANTO-PWY:_phosphopantothenate_biosynthesis_I,PWY-6122:_5-aminoimidazole_ribonucleotide_biosynthesis_II,19
PANTO-PWY:_phosphopantothenate_biosynthesis_I,PWY-6123:_inosine-5'-phosphate_biosynthesis_I,15
PANTO-PWY:_phosphopantothenate_biosynthesis_I,PWY-6124:_inosine-5'-phosphate_biosynthesis_II,15
PANTO-PWY:_phosphopantothenate_biosynthesis_I,PWY-6125:_superpathway_of_guanosine_nucleotides_de_novo_biosynthesis_II,10
PANTO-PWY:_phosphopantothenate_biosynthesis_I,PWY-6126:_superpathway_of_adenosine_nucleotides_de_novo_biosynthesis_II,9
PANTO-PWY:_phosphopantothenate_biosynthesis_I,PWY-6143:_CMP-pseudaminate_biosynthesis,1
PANTO-PWY:_phosphopantothenate_biosynthesis_I,PWY-6147:_6-hydroxymethyl-dihydropterin_diphosphate_biosynthesis_I,11
PANTO-PWY:_phosphopantothenate_biosynthesis_I,PWY-6151:_S-adenosyl-L-methionine_salvage_I,8
PANTO-PWY:_phosphopantothenate_biosynthesis_I,PWY-6163:_chorismate_biosynthesis_from_3-dehydroquinate,17
PANTO-PWY:_phosphopantothenate_biosynthesis_I,PWY-621:_sucrose_degradation_III_(sucrose_invertase),4
PANTO-PWY:_phosphopantothenate_biosynthesis_I,PWY-6270:_isoprene_biosynthesis_I,6
PANTO-PWY:_phosphopantothenate_biosynthesis_I,PWY-6277:_superpathway_of_5-aminoimidazole_ribonucleotide_biosynthesis,19
PANTO-PWY:_phosphopantothenate_biosynthesis_I,PWY-6282:_palmitoleate_biosynthesis_I_(from_(5Z)-dodec-5-enoate),2
PANTO-PWY:_phosphopantothenate_biosynthesis_I,PWY-6317:_D-galactose_degradation_I_(Leloir_pathway),3
PANTO-PWY:_phosphopantothenate_biosynthesis_I,PWY-6385:_peptidoglycan_biosynthesis_III_(mycobacteria),17
PANTO-PWY:_phosphopantothenate_biosynthesis_I,PWY-6386:_UDP-N-acetylmuramoyl-pentapeptide_biosynthesis_II_(lysine-containing),17
PANTO-PWY:_phosphopantothenate_biosynthesis_I,PWY-6387:_UDP-N-acetylmuramoyl-pentapeptide_biosynthesis_I_(meso-diaminopimelate_containing),19
PANTO-PWY:_phosphopantothenate_biosynthesis_I,PWY-6519:_8-amino-7-oxononanoate_biosynthesis_I,1
PANTO-PWY:_phosphopantothenate_biosynthesis_I,PWY-6527:_stachyose_degradation,2
PANTO-PWY:_phosphopantothenate_biosynthesis_I,PWY-6572:_chondroitin_sulfate_degradation_I_(bacterial),1
PANTO-PWY:_phosphopantothenate_biosynthesis_I,PWY-6606:_guanosine_nucleotides_degradation_II,1
PANTO-PWY:_phosphopantothenate_biosynthesis_I,PWY-6608:_guanosine_nucleotides_degradation_III,4
PANTO-PWY:_phosphopantothenate_biosynthesis_I,PWY-6609:_adenine_and_adenosine_salvage_III,18
PANTO-PWY:_phosphopantothenate_biosynthesis_I,PWY-6628:_superpathway_of_L-phenylalanine_biosynthesis,1
PANTO-PWY:_phosphopantothenate_biosynthesis_I,PWY-6700:_queuosine_biosynthesis_I_(de_novo),17
PANTO-PWY:_phosphopantothenate_biosynthesis_I,PWY-6703:_preQ0_biosynthesis,15
PANTO-PWY:_phosphopantothenate_biosynthesis_I,PWY-6823:_molybdopterin_biosynthesis,3
PANTO-PWY:_phosphopantothenate_biosynthesis_I,PWY-6897:_thiamine_diphosphate_salvage_II,5
PANTO-PWY:_phosphopantothenate_biosynthesis_I,PWY-6902:_chitin_degradation_II_(Vibrio),5
PANTO-PWY:_phosphopantothenate_biosynthesis_I,PWY-6936:_seleno-amino_acid_biosynthesis_(plants),1
PANTO-PWY:_phosphopantothenate_biosynthesis_I,PWY-7111:_pyruvate_fermentation_to_isobutanol_(engineered),8
PANTO-PWY:_phosphopantothenate_biosynthesis_I,PWY-7199:_pyrimidine_deoxyribonucleosides_salvage,10
PANTO-PWY:_phosphopantothenate_biosynthesis_I,PWY-7208:_superpathway_of_pyrimidine_nucleobases_salvage,1
PANTO-PWY:_phosphopantothenate_biosynthesis_I,PWY-7220:_adenosine_deoxyribonucleotides_de_novo_biosynthesis_II,10
PANTO-PWY:_phosphopantothenate_biosynthesis_I,PWY-7221:_guanosine_ribonucleotides_de_novo_biosynthesis,19
PANTO-PWY:_phosphopantothenate_biosynthesis_I,PWY-7222:_guanosine_deoxyribonucleotides_de_novo_biosynthesis_II,10
PANTO-PWY:_phosphopantothenate_biosynthesis_I,PWY-7228:_superpathway_of_guanosine_nucleotides_de_novo_biosynthesis_I,10
PANTO-PWY:_phosphopantothenate_biosynthesis_I,PWY-7229:_superpathway_of_adenosine_nucleotides_de_novo_biosynthesis_I,9
PANTO-PWY:_phosphopantothenate_biosynthesis_I,PWY-7234:_inosine-5'-phosphate_biosynthesis_III,2
PANTO-PWY:_phosphopantothenate_biosynthesis_I,PWY-7237:_myo-,_chiro-_and_scyllo-inositol_degradation,7
PANTO-PWY:_phosphopantothenate_biosynthesis_I,PWY-7238:_sucrose_biosynthesis_II,9
PANTO-PWY:_phosphopantothenate_biosynthesis_I,PWY-724:_superpathway_of_L-lysine,_L-threonine_and_L-methionine_biosynthesis_II,2
PANTO-PWY:_phosphopantothenate_biosynthesis_I,PWY-7282:_4-amino-2-methyl-5-diphosphomethylpyrimidine_biosynthesis_II,3
PANTO-PWY:_phosphopantothenate_biosynthesis_I,PWY-7312:_dTDP-&beta;-D-fucofuranose_biosynthesis,1
PANTO-PWY:_phosphopantothenate_biosynthesis_I,PWY-7315:_dTDP-N-acetylthomosamine_biosynthesis,2
PANTO-PWY:_phosphopantothenate_biosynthesis_I,PWY-7316:_dTDP-N-acetylviosamine_biosynthesis,1
PANTO-PWY:_phosphopantothenate_biosynthesis_I,PWY-7357:_thiamine_phosphate_formation_from_pyrithiamine_and_oxythiamine_(yeast),8
PANTO-PWY:_phosphopantothenate_biosynthesis_I,PWY-7560:_methylerythritol_phosphate_pathway_II,6
PANTO-PWY:_phosphopantothenate_biosynthesis_I,PWY-7663:_gondoate_biosynthesis_(anaerobic),11
PANTO-PWY:_phosphopantothenate_biosynthesis_I,PWY-7664:_oleate_biosynthesis_IV_(anaerobic),2
PANTO-PWY:_phosphopantothenate_biosynthesis_I,PWY-7688:_dTDP-&alpha;-D-ravidosamine_and_dTDP-4-acetyl-&alpha;-D-ravidosamine_biosynthesis,2
PANTO-PWY:_phosphopantothenate_biosynthesis_I,PWY-7790:_UMP_biosynthesis_II,19
PANTO-PWY:_phosphopantothenate_biosynthesis_I,PWY-7791:_UMP_biosynthesis_III,19
PANTO-PWY:_phosphopantothenate_biosynthesis_I,PWY-7851:_coenzyme_A_biosynthesis_II_(eukaryotic),19
PANTO-PWY:_phosphopantothenate_biosynthesis_I,PWY-7953:_UDP-N-acetylmuramoyl-pentapeptide_biosynthesis_III_(meso-diaminopimelate_containing),19
PANTO-PWY:_phosphopantothenate_biosynthesis_I,PWY-7977:_L-methionine_biosynthesis_IV,17
PANTO-PWY:_phosphopantothenate_biosynthesis_I,PWY-8004:_Entner-Doudoroff_pathway_I,1
PANTO-PWY:_phosphopantothenate_biosynthesis_I,PWY-8073:_lipid_IVA_biosynthesis_(P._putida),4
PANTO-PWY:_phosphopantothenate_biosynthesis_I,PWY-8178:_pentose_phosphate_pathway_(non-oxidative_branch)_II,6
PANTO-PWY:_phosphopantothenate_biosynthesis_I,PWY-8187:_L-arginine_degradation_XIII_(reductive_Stickland_reaction),1
PANTO-PWY:_phosphopantothenate_biosynthesis_I,PWY0-1061:_superpathway_of_L-alanine_biosynthesis,2
PANTO-PWY:_phosphopantothenate_biosynthesis_I,PWY0-1241:_ADP-L-glycero-&beta;-D-manno-heptose_biosynthesis,1
PANTO-PWY:_phosphopantothenate_biosynthesis_I,PWY0-1296:_purine_ribonucleosides_degradation,4
PANTO-PWY:_phosphopantothenate_biosynthesis_I,PWY0-1319:_CDP-diacylglycerol_biosynthesis_II,15
PANTO-PWY:_phosphopantothenate_biosynthesis_I,PWY0-1586:_peptidoglycan_maturation_(meso-diaminopimelate_containing),10
PANTO-PWY:_phosphopantothenate_biosynthesis_I,PWY0-162:_superpathway_of_pyrimidine_ribonucleotides_de_novo_biosynthesis,2
PANTO-PWY:_phosphopantothenate_biosynthesis_I,PWY0-845:_superpathway_of_pyridoxal_5'-phosphate_biosynthesis_and_salvage,6
PANTO-PWY:_phosphopantothenate_biosynthesis_I,PWY0-862:_(5Z)-dodecenoate_biosynthesis_I,2
PANTO-PWY:_phosphopantothenate_biosynthesis_I,PWY4FS-7:_phosphatidylglycerol_biosynthesis_I_(plastidic),1
PANTO-PWY:_phosphopantothenate_biosynthesis_I,PWY4FS-8:_phosphatidylglycerol_biosynthesis_II_(non-plastidic),1
PANTO-PWY:_phosphopantothenate_biosynthesis_I,PWY66-429:_fatty_acid_biosynthesis_initiation_(mitochondria),11
PANTO-PWY:_phosphopantothenate_biosynthesis_I,PYRIDNUCSYN-PWY:_NAD_de_novo_biosynthesis_I_(from_aspartate),11
PANTO-PWY:_phosphopantothenate_biosynthesis_I,PYRIDOXSYN-PWY:_pyridoxal_5'-phosphate_biosynthesis_I,7
PANTO-PWY:_phosphopantothenate_biosynthesis_I,RHAMCAT-PWY:_L-rhamnose_degradation_I,9
PANTO-PWY:_phosphopantothenate_biosynthesis_I,RIBOSYN2-PWY:_flavin_biosynthesis_I_(bacteria_and_plants),10
PANTO-PWY:_phosphopantothenate_biosynthesis_I,SER-GLYSYN-PWY:_superpathway_of_L-serine_and_glycine_biosynthesis_I,15
PANTO-PWY:_phosphopantothenate_biosynthesis_I,THISYNARA-PWY:_superpathway_of_thiamine_diphosphate_biosynthesis_III_(eukaryotes),8
PANTO-PWY:_phosphopantothenate_biosynthesis_I,THRESYN-PWY:_superpathway_of_L-threonine_biosynthesis,7
PANTO-PWY:_phosphopantothenate_biosynthesis_I,TRNA-CHARGING-PWY:_tRNA_charging,15
PANTO-PWY:_phosphopantothenate_biosynthesis_I,UDPNAGSYN-PWY:_UDP-N-acetyl-D-glucosamine_biosynthesis_I,1
PANTO-PWY:_phosphopantothenate_biosynthesis_I,VALSYN-PWY:_L-valine_biosynthesis,20
PANTOSYN-PWY:_superpathway_of_coenzyme_A_biosynthesis_I_(bacteria),PENTOSE-P-PWY:_pentose_phosphate_pathway,2
PANTOSYN-PWY:_superpathway_of_coenzyme_A_biosynthesis_I_(bacteria),PEPTIDOGLYCANSYN-PWY:_peptidoglycan_biosynthesis_I_(meso-diaminopimelate_containing),18
PANTOSYN-PWY:_superpathway_of_coenzyme_A_biosynthesis_I_(bacteria),PWY-1042:_glycolysis_IV,10
PANTOSYN-PWY:_superpathway_of_coenzyme_A_biosynthesis_I_(bacteria),PWY-1269:_CMP-3-deoxy-D-manno-octulosonate_biosynthesis,5
PANTOSYN-PWY:_superpathway_of_coenzyme_A_biosynthesis_I_(bacteria),PWY-2942:_L-lysine_biosynthesis_III,13
PANTOSYN-PWY:_superpathway_of_coenzyme_A_biosynthesis_I_(bacteria),PWY-3841:_folate_transformations_II_(plants),17
PANTOSYN-PWY:_superpathway_of_coenzyme_A_biosynthesis_I_(bacteria),PWY-5030:_L-histidine_degradation_III,9
PANTOSYN-PWY:_superpathway_of_coenzyme_A_biosynthesis_I_(bacteria),PWY-5097:_L-lysine_biosynthesis_VI,11
PANTOSYN-PWY:_superpathway_of_coenzyme_A_biosynthesis_I_(bacteria),PWY-5100:_pyruvate_fermentation_to_acetate_and_lactate_II,4
PANTOSYN-PWY:_superpathway_of_coenzyme_A_biosynthesis_I_(bacteria),PWY-5103:_L-isoleucine_biosynthesis_III,13
PANTOSYN-PWY:_superpathway_of_coenzyme_A_biosynthesis_I_(bacteria),PWY-5121:_superpathway_of_geranylgeranyl_diphosphate_biosynthesis_II_(via_MEP),2
PANTOSYN-PWY:_superpathway_of_coenzyme_A_biosynthesis_I_(bacteria),PWY-5130:_2-oxobutanoate_degradation_I,1
PANTOSYN-PWY:_superpathway_of_coenzyme_A_biosynthesis_I_(bacteria),PWY-5188:_tetrapyrrole_biosynthesis_I_(from_glutamate),1
PANTOSYN-PWY:_superpathway_of_coenzyme_A_biosynthesis_I_(bacteria),PWY-5384:_sucrose_degradation_IV_(sucrose_phosphorylase),3
PANTOSYN-PWY:_superpathway_of_coenzyme_A_biosynthesis_I_(bacteria),PWY-5484:_glycolysis_II_(from_fructose_6-phosphate),1
PANTOSYN-PWY:_superpathway_of_coenzyme_A_biosynthesis_I_(bacteria),PWY-5659:_GDP-mannose_biosynthesis,2
PANTOSYN-PWY:_superpathway_of_coenzyme_A_biosynthesis_I_(bacteria),PWY-5667:_CDP-diacylglycerol_biosynthesis_I,14
PANTOSYN-PWY:_superpathway_of_coenzyme_A_biosynthesis_I_(bacteria),PWY-5686:_UMP_biosynthesis_I,18
PANTOSYN-PWY:_superpathway_of_coenzyme_A_biosynthesis_I_(bacteria),PWY-5695:_inosine_5'-phosphate_degradation,14
PANTOSYN-PWY:_superpathway_of_coenzyme_A_biosynthesis_I_(bacteria),PWY-5941:_glycogen_degradation_II,6
PANTOSYN-PWY:_superpathway_of_coenzyme_A_biosynthesis_I_(bacteria),PWY-5973:_cis-vaccenate_biosynthesis,10
PANTOSYN-PWY:_superpathway_of_coenzyme_A_biosynthesis_I_(bacteria),PWY-5989:_stearate_biosynthesis_II_(bacteria_and_plants),1
PANTOSYN-PWY:_superpathway_of_coenzyme_A_biosynthesis_I_(bacteria),PWY-6121:_5-aminoimidazole_ribonucleotide_biosynthesis_I,18
PANTOSYN-PWY:_superpathway_of_coenzyme_A_biosynthesis_I_(bacteria),PWY-6122:_5-aminoimidazole_ribonucleotide_biosynthesis_II,18
PANTOSYN-PWY:_superpathway_of_coenzyme_A_biosynthesis_I_(bacteria),PWY-6123:_inosine-5'-phosphate_biosynthesis_I,14
PANTOSYN-PWY:_superpathway_of_coenzyme_A_biosynthesis_I_(bacteria),PWY-6124:_inosine-5'-phosphate_biosynthesis_II,14
PANTOSYN-PWY:_superpathway_of_coenzyme_A_biosynthesis_I_(bacteria),PWY-6125:_superpathway_of_guanosine_nucleotides_de_novo_biosynthesis_II,9
PANTOSYN-PWY:_superpathway_of_coenzyme_A_biosynthesis_I_(bacteria),PWY-6126:_superpathway_of_adenosine_nucleotides_de_novo_biosynthesis_II,9
PANTOSYN-PWY:_superpathway_of_coenzyme_A_biosynthesis_I_(bacteria),PWY-6143:_CMP-pseudaminate_biosynthesis,1
PANTOSYN-PWY:_superpathway_of_coenzyme_A_biosynthesis_I_(bacteria),PWY-6147:_6-hydroxymethyl-dihydropterin_diphosphate_biosynthesis_I,10
PANTOSYN-PWY:_superpathway_of_coenzyme_A_biosynthesis_I_(bacteria),PWY-6151:_S-adenosyl-L-methionine_salvage_I,8
PANTOSYN-PWY:_superpathway_of_coenzyme_A_biosynthesis_I_(bacteria),PWY-6163:_chorismate_biosynthesis_from_3-dehydroquinate,17
PANTOSYN-PWY:_superpathway_of_coenzyme_A_biosynthesis_I_(bacteria),PWY-621:_sucrose_degradation_III_(sucrose_invertase),4
PANTOSYN-PWY:_superpathway_of_coenzyme_A_biosynthesis_I_(bacteria),PWY-6270:_isoprene_biosynthesis_I,6
PANTOSYN-PWY:_superpathway_of_coenzyme_A_biosynthesis_I_(bacteria),PWY-6277:_superpathway_of_5-aminoimidazole_ribonucleotide_biosynthesis,18
PANTOSYN-PWY:_superpathway_of_coenzyme_A_biosynthesis_I_(bacteria),PWY-6282:_palmitoleate_biosynthesis_I_(from_(5Z)-dodec-5-enoate),1
PANTOSYN-PWY:_superpathway_of_coenzyme_A_biosynthesis_I_(bacteria),PWY-6317:_D-galactose_degradation_I_(Leloir_pathway),3
PANTOSYN-PWY:_superpathway_of_coenzyme_A_biosynthesis_I_(bacteria),PWY-6385:_peptidoglycan_biosynthesis_III_(mycobacteria),17
PANTOSYN-PWY:_superpathway_of_coenzyme_A_biosynthesis_I_(bacteria),PWY-6386:_UDP-N-acetylmuramoyl-pentapeptide_biosynthesis_II_(lysine-containing),17
PANTOSYN-PWY:_superpathway_of_coenzyme_A_biosynthesis_I_(bacteria),PWY-6387:_UDP-N-acetylmuramoyl-pentapeptide_biosynthesis_I_(meso-diaminopimelate_containing),18
PANTOSYN-PWY:_superpathway_of_coenzyme_A_biosynthesis_I_(bacteria),PWY-6519:_8-amino-7-oxononanoate_biosynthesis_I,1
PANTOSYN-PWY:_superpathway_of_coenzyme_A_biosynthesis_I_(bacteria),PWY-6527:_stachyose_degradation,2
PANTOSYN-PWY:_superpathway_of_coenzyme_A_biosynthesis_I_(bacteria),PWY-6572:_chondroitin_sulfate_degradation_I_(bacterial),1
PANTOSYN-PWY:_superpathway_of_coenzyme_A_biosynthesis_I_(bacteria),PWY-6606:_guanosine_nucleotides_degradation_II,1
PANTOSYN-PWY:_superpathway_of_coenzyme_A_biosynthesis_I_(bacteria),PWY-6608:_guanosine_nucleotides_degradation_III,4
PANTOSYN-PWY:_superpathway_of_coenzyme_A_biosynthesis_I_(bacteria),PWY-6609:_adenine_and_adenosine_salvage_III,17
PANTOSYN-PWY:_superpathway_of_coenzyme_A_biosynthesis_I_(bacteria),PWY-6628:_superpathway_of_L-phenylalanine_biosynthesis,1
PANTOSYN-PWY:_superpathway_of_coenzyme_A_biosynthesis_I_(bacteria),PWY-6700:_queuosine_biosynthesis_I_(de_novo),17
PANTOSYN-PWY:_superpathway_of_coenzyme_A_biosynthesis_I_(bacteria),PWY-6703:_preQ0_biosynthesis,15
PANTOSYN-PWY:_superpathway_of_coenzyme_A_biosynthesis_I_(bacteria),PWY-6823:_molybdopterin_biosynthesis,3
PANTOSYN-PWY:_superpathway_of_coenzyme_A_biosynthesis_I_(bacteria),PWY-6897:_thiamine_diphosphate_salvage_II,5
PANTOSYN-PWY:_superpathway_of_coenzyme_A_biosynthesis_I_(bacteria),PWY-6902:_chitin_degradation_II_(Vibrio),4
PANTOSYN-PWY:_superpathway_of_coenzyme_A_biosynthesis_I_(bacteria),PWY-6936:_seleno-amino_acid_biosynthesis_(plants),1
PANTOSYN-PWY:_superpathway_of_coenzyme_A_biosynthesis_I_(bacteria),PWY-7111:_pyruvate_fermentation_to_isobutanol_(engineered),8
PANTOSYN-PWY:_superpathway_of_coenzyme_A_biosynthesis_I_(bacteria),PWY-7199:_pyrimidine_deoxyribonucleosides_salvage,10
PANTOSYN-PWY:_superpathway_of_coenzyme_A_biosynthesis_I_(bacteria),PWY-7208:_superpathway_of_pyrimidine_nucleobases_salvage,1
PANTOSYN-PWY:_superpathway_of_coenzyme_A_biosynthesis_I_(bacteria),PWY-7220:_adenosine_deoxyribonucleotides_de_novo_biosynthesis_II,9
PANTOSYN-PWY:_superpathway_of_coenzyme_A_biosynthesis_I_(bacteria),PWY-7221:_guanosine_ribonucleotides_de_novo_biosynthesis,17
PANTOSYN-PWY:_superpathway_of_coenzyme_A_biosynthesis_I_(bacteria),PWY-7222:_guanosine_deoxyribonucleotides_de_novo_biosynthesis_II,9
PANTOSYN-PWY:_superpathway_of_coenzyme_A_biosynthesis_I_(bacteria),PWY-7228:_superpathway_of_guanosine_nucleotides_de_novo_biosynthesis_I,9
PANTOSYN-PWY:_superpathway_of_coenzyme_A_biosynthesis_I_(bacteria),PWY-7229:_superpathway_of_adenosine_nucleotides_de_novo_biosynthesis_I,9
PANTOSYN-PWY:_superpathway_of_coenzyme_A_biosynthesis_I_(bacteria),PWY-7234:_inosine-5'-phosphate_biosynthesis_III,1
PANTOSYN-PWY:_superpathway_of_coenzyme_A_biosynthesis_I_(bacteria),PWY-7237:_myo-,_chiro-_and_scyllo-inositol_degradation,7
PANTOSYN-PWY:_superpathway_of_coenzyme_A_biosynthesis_I_(bacteria),PWY-7238:_sucrose_biosynthesis_II,8
PANTOSYN-PWY:_superpathway_of_coenzyme_A_biosynthesis_I_(bacteria),PWY-724:_superpathway_of_L-lysine,_L-threonine_and_L-methionine_biosynthesis_II,2
PANTOSYN-PWY:_superpathway_of_coenzyme_A_biosynthesis_I_(bacteria),PWY-7282:_4-amino-2-methyl-5-diphosphomethylpyrimidine_biosynthesis_II,3
PANTOSYN-PWY:_superpathway_of_coenzyme_A_biosynthesis_I_(bacteria),PWY-7312:_dTDP-&beta;-D-fucofuranose_biosynthesis,1
PANTOSYN-PWY:_superpathway_of_coenzyme_A_biosynthesis_I_(bacteria),PWY-7315:_dTDP-N-acetylthomosamine_biosynthesis,2
PANTOSYN-PWY:_superpathway_of_coenzyme_A_biosynthesis_I_(bacteria),PWY-7316:_dTDP-N-acetylviosamine_biosynthesis,1
PANTOSYN-PWY:_superpathway_of_coenzyme_A_biosynthesis_I_(bacteria),PWY-7357:_thiamine_phosphate_formation_from_pyrithiamine_and_oxythiamine_(yeast),8
PANTOSYN-PWY:_superpathway_of_coenzyme_A_biosynthesis_I_(bacteria),PWY-7560:_methylerythritol_phosphate_pathway_II,6
PANTOSYN-PWY:_superpathway_of_coenzyme_A_biosynthesis_I_(bacteria),PWY-7663:_gondoate_biosynthesis_(anaerobic),10
PANTOSYN-PWY:_superpathway_of_coenzyme_A_biosynthesis_I_(bacteria),PWY-7664:_oleate_biosynthesis_IV_(anaerobic),1
PANTOSYN-PWY:_superpathway_of_coenzyme_A_biosynthesis_I_(bacteria),PWY-7688:_dTDP-&alpha;-D-ravidosamine_and_dTDP-4-acetyl-&alpha;-D-ravidosamine_biosynthesis,1
PANTOSYN-PWY:_superpathway_of_coenzyme_A_biosynthesis_I_(bacteria),PWY-7790:_UMP_biosynthesis_II,18
PANTOSYN-PWY:_superpathway_of_coenzyme_A_biosynthesis_I_(bacteria),PWY-7791:_UMP_biosynthesis_III,18
PANTOSYN-PWY:_superpathway_of_coenzyme_A_biosynthesis_I_(bacteria),PWY-7851:_coenzyme_A_biosynthesis_II_(eukaryotic),19
PANTOSYN-PWY:_superpathway_of_coenzyme_A_biosynthesis_I_(bacteria),PWY-7953:_UDP-N-acetylmuramoyl-pentapeptide_biosynthesis_III_(meso-diaminopimelate_containing),18
PANTOSYN-PWY:_superpathway_of_coenzyme_A_biosynthesis_I_(bacteria),PWY-7977:_L-methionine_biosynthesis_IV,15
PANTOSYN-PWY:_superpathway_of_coenzyme_A_biosynthesis_I_(bacteria),PWY-8004:_Entner-Doudoroff_pathway_I,1
PANTOSYN-PWY:_superpathway_of_coenzyme_A_biosynthesis_I_(bacteria),PWY-8073:_lipid_IVA_biosynthesis_(P._putida),3
PANTOSYN-PWY:_superpathway_of_coenzyme_A_biosynthesis_I_(bacteria),PWY-8178:_pentose_phosphate_pathway_(non-oxidative_branch)_II,6
PANTOSYN-PWY:_superpathway_of_coenzyme_A_biosynthesis_I_(bacteria),PWY-8187:_L-arginine_degradation_XIII_(reductive_Stickland_reaction),1
PANTOSYN-PWY:_superpathway_of_coenzyme_A_biosynthesis_I_(bacteria),PWY0-1061:_superpathway_of_L-alanine_biosynthesis,2
PANTOSYN-PWY:_superpathway_of_coenzyme_A_biosynthesis_I_(bacteria),PWY0-1241:_ADP-L-glycero-&beta;-D-manno-heptose_biosynthesis,1
PANTOSYN-PWY:_superpathway_of_coenzyme_A_biosynthesis_I_(bacteria),PWY0-1296:_purine_ribonucleosides_degradation,4
PANTOSYN-PWY:_superpathway_of_coenzyme_A_biosynthesis_I_(bacteria),PWY0-1319:_CDP-diacylglycerol_biosynthesis_II,14
PANTOSYN-PWY:_superpathway_of_coenzyme_A_biosynthesis_I_(bacteria),PWY0-1586:_peptidoglycan_maturation_(meso-diaminopimelate_containing),10
PANTOSYN-PWY:_superpathway_of_coenzyme_A_biosynthesis_I_(bacteria),PWY0-162:_superpathway_of_pyrimidine_ribonucleotides_de_novo_biosynthesis,2
PANTOSYN-PWY:_superpathway_of_coenzyme_A_biosynthesis_I_(bacteria),PWY0-845:_superpathway_of_pyridoxal_5'-phosphate_biosynthesis_and_salvage,6
PANTOSYN-PWY:_superpathway_of_coenzyme_A_biosynthesis_I_(bacteria),PWY0-862:_(5Z)-dodecenoate_biosynthesis_I,1
PANTOSYN-PWY:_superpathway_of_coenzyme_A_biosynthesis_I_(bacteria),PWY4FS-7:_phosphatidylglycerol_biosynthesis_I_(plastidic),1
PANTOSYN-PWY:_superpathway_of_coenzyme_A_biosynthesis_I_(bacteria),PWY4FS-8:_phosphatidylglycerol_biosynthesis_II_(non-plastidic),1
PANTOSYN-PWY:_superpathway_of_coenzyme_A_biosynthesis_I_(bacteria),PWY66-429:_fatty_acid_biosynthesis_initiation_(mitochondria),10
PANTOSYN-PWY:_superpathway_of_coenzyme_A_biosynthesis_I_(bacteria),PYRIDNUCSYN-PWY:_NAD_de_novo_biosynthesis_I_(from_aspartate),10
PANTOSYN-PWY:_superpathway_of_coenzyme_A_biosynthesis_I_(bacteria),PYRIDOXSYN-PWY:_pyridoxal_5'-phosphate_biosynthesis_I,7
PANTOSYN-PWY:_superpathway_of_coenzyme_A_biosynthesis_I_(bacteria),RHAMCAT-PWY:_L-rhamnose_degradation_I,9
PANTOSYN-PWY:_superpathway_of_coenzyme_A_biosynthesis_I_(bacteria),RIBOSYN2-PWY:_flavin_biosynthesis_I_(bacteria_and_plants),10
PANTOSYN-PWY:_superpathway_of_coenzyme_A_biosynthesis_I_(bacteria),SER-GLYSYN-PWY:_superpathway_of_L-serine_and_glycine_biosynthesis_I,14
PANTOSYN-PWY:_superpathway_of_coenzyme_A_biosynthesis_I_(bacteria),THISYNARA-PWY:_superpathway_of_thiamine_diphosphate_biosynthesis_III_(eukaryotes),8
PANTOSYN-PWY:_superpathway_of_coenzyme_A_biosynthesis_I_(bacteria),THRESYN-PWY:_superpathway_of_L-threonine_biosynthesis,6
PANTOSYN-PWY:_superpathway_of_coenzyme_A_biosynthesis_I_(bacteria),TRNA-CHARGING-PWY:_tRNA_charging,15
PANTOSYN-PWY:_superpathway_of_coenzyme_A_biosynthesis_I_(bacteria),UDPNAGSYN-PWY:_UDP-N-acetyl-D-glucosamine_biosynthesis_I,1
PANTOSYN-PWY:_superpathway_of_coenzyme_A_biosynthesis_I_(bacteria),VALSYN-PWY:_L-valine_biosynthesis,18
PENTOSE-P-PWY:_pentose_phosphate_pathway,PEPTIDOGLYCANSYN-PWY:_peptidoglycan_biosynthesis_I_(meso-diaminopimelate_containing),2
PENTOSE-P-PWY:_pentose_phosphate_pathway,PWY-1269:_CMP-3-deoxy-D-manno-octulosonate_biosynthesis,1
PENTOSE-P-PWY:_pentose_phosphate_pathway,PWY-2942:_L-lysine_biosynthesis_III,2
PENTOSE-P-PWY:_pentose_phosphate_pathway,PWY-3841:_folate_transformations_II_(plants),2
PENTOSE-P-PWY:_pentose_phosphate_pathway,PWY-5030:_L-histidine_degradation_III,1
PENTOSE-P-PWY:_pentose_phosphate_pathway,PWY-5097:_L-lysine_biosynthesis_VI,2
PENTOSE-P-PWY:_pentose_phosphate_pathway,PWY-5103:_L-isoleucine_biosynthesis_III,2
PENTOSE-P-PWY:_pentose_phosphate_pathway,PWY-5384:_sucrose_degradation_IV_(sucrose_phosphorylase),1
PENTOSE-P-PWY:_pentose_phosphate_pathway,PWY-5659:_GDP-mannose_biosynthesis,1
PENTOSE-P-PWY:_pentose_phosphate_pathway,PWY-5667:_CDP-diacylglycerol_biosynthesis_I,1
PENTOSE-P-PWY:_pentose_phosphate_pathway,PWY-5686:_UMP_biosynthesis_I,2
PENTOSE-P-PWY:_pentose_phosphate_pathway,PWY-5695:_inosine_5'-phosphate_degradation,2
PENTOSE-P-PWY:_pentose_phosphate_pathway,PWY-5941:_glycogen_degradation_II,1
PENTOSE-P-PWY:_pentose_phosphate_pathway,PWY-5973:_cis-vaccenate_biosynthesis,2
PENTOSE-P-PWY:_pentose_phosphate_pathway,PWY-6121:_5-aminoimidazole_ribonucleotide_biosynthesis_I,2
PENTOSE-P-PWY:_pentose_phosphate_pathway,PWY-6122:_5-aminoimidazole_ribonucleotide_biosynthesis_II,2
PENTOSE-P-PWY:_pentose_phosphate_pathway,PWY-6123:_inosine-5'-phosphate_biosynthesis_I,2
PENTOSE-P-PWY:_pentose_phosphate_pathway,PWY-6124:_inosine-5'-phosphate_biosynthesis_II,2
PENTOSE-P-PWY:_pentose_phosphate_pathway,PWY-6125:_superpathway_of_guanosine_nucleotides_de_novo_biosynthesis_II,2
PENTOSE-P-PWY:_pentose_phosphate_pathway,PWY-6126:_superpathway_of_adenosine_nucleotides_de_novo_biosynthesis_II,2
PENTOSE-P-PWY:_pentose_phosphate_pathway,PWY-6147:_6-hydroxymethyl-dihydropterin_diphosphate_biosynthesis_I,2
PENTOSE-P-PWY:_pentose_phosphate_pathway,PWY-6163:_chorismate_biosynthesis_from_3-dehydroquinate,2
PENTOSE-P-PWY:_pentose_phosphate_pathway,PWY-621:_sucrose_degradation_III_(sucrose_invertase),1
PENTOSE-P-PWY:_pentose_phosphate_pathway,PWY-6270:_isoprene_biosynthesis_I,2
PENTOSE-P-PWY:_pentose_phosphate_pathway,PWY-6277:_superpathway_of_5-aminoimidazole_ribonucleotide_biosynthesis,2
PENTOSE-P-PWY:_pentose_phosphate_pathway,PWY-6385:_peptidoglycan_biosynthesis_III_(mycobacteria),2
PENTOSE-P-PWY:_pentose_phosphate_pathway,PWY-6386:_UDP-N-acetylmuramoyl-pentapeptide_biosynthesis_II_(lysine-containing),2
PENTOSE-P-PWY:_pentose_phosphate_pathway,PWY-6387:_UDP-N-acetylmuramoyl-pentapeptide_biosynthesis_I_(meso-diaminopimelate_containing),2
PENTOSE-P-PWY:_pentose_phosphate_pathway,PWY-6608:_guanosine_nucleotides_degradation_III,1
PENTOSE-P-PWY:_pentose_phosphate_pathway,PWY-6609:_adenine_and_adenosine_salvage_III,2
PENTOSE-P-PWY:_pentose_phosphate_pathway,PWY-6700:_queuosine_biosynthesis_I_(de_novo),2
PENTOSE-P-PWY:_pentose_phosphate_pathway,PWY-6703:_preQ0_biosynthesis,2
PENTOSE-P-PWY:_pentose_phosphate_pathway,PWY-6897:_thiamine_diphosphate_salvage_II,1
PENTOSE-P-PWY:_pentose_phosphate_pathway,PWY-7111:_pyruvate_fermentation_to_isobutanol_(engineered),1
PENTOSE-P-PWY:_pentose_phosphate_pathway,PWY-7199:_pyrimidine_deoxyribonucleosides_salvage,2
PENTOSE-P-PWY:_pentose_phosphate_pathway,PWY-7220:_adenosine_deoxyribonucleotides_de_novo_biosynthesis_II,2
PENTOSE-P-PWY:_pentose_phosphate_pathway,PWY-7221:_guanosine_ribonucleotides_de_novo_biosynthesis,2
PENTOSE-P-PWY:_pentose_phosphate_pathway,PWY-7222:_guanosine_deoxyribonucleotides_de_novo_biosynthesis_II,2
PENTOSE-P-PWY:_pentose_phosphate_pathway,PWY-7228:_superpathway_of_guanosine_nucleotides_de_novo_biosynthesis_I,2
PENTOSE-P-PWY:_pentose_phosphate_pathway,PWY-7229:_superpathway_of_adenosine_nucleotides_de_novo_biosynthesis_I,2
PENTOSE-P-PWY:_pentose_phosphate_pathway,PWY-7237:_myo-,_chiro-_and_scyllo-inositol_degradation,2
PENTOSE-P-PWY:_pentose_phosphate_pathway,PWY-7282:_4-amino-2-methyl-5-diphosphomethylpyrimidine_biosynthesis_II,1
PENTOSE-P-PWY:_pentose_phosphate_pathway,PWY-7357:_thiamine_phosphate_formation_from_pyrithiamine_and_oxythiamine_(yeast),1
PENTOSE-P-PWY:_pentose_phosphate_pathway,PWY-7560:_methylerythritol_phosphate_pathway_II,2
PENTOSE-P-PWY:_pentose_phosphate_pathway,PWY-7663:_gondoate_biosynthesis_(anaerobic),2
PENTOSE-P-PWY:_pentose_phosphate_pathway,PWY-7790:_UMP_biosynthesis_II,2
PENTOSE-P-PWY:_pentose_phosphate_pathway,PWY-7791:_UMP_biosynthesis_III,2
PENTOSE-P-PWY:_pentose_phosphate_pathway,PWY-7851:_coenzyme_A_biosynthesis_II_(eukaryotic),2
PENTOSE-P-PWY:_pentose_phosphate_pathway,PWY-7953:_UDP-N-acetylmuramoyl-pentapeptide_biosynthesis_III_(meso-diaminopimelate_containing),2
PENTOSE-P-PWY:_pentose_phosphate_pathway,PWY-7977:_L-methionine_biosynthesis_IV,2
PENTOSE-P-PWY:_pentose_phosphate_pathway,PWY-8004:_Entner-Doudoroff_pathway_I,1
PENTOSE-P-PWY:_pentose_phosphate_pathway,PWY-8178:_pentose_phosphate_pathway_(non-oxidative_branch)_II,2
PENTOSE-P-PWY:_pentose_phosphate_pathway,PWY0-1319:_CDP-diacylglycerol_biosynthesis_II,1
PENTOSE-P-PWY:_pentose_phosphate_pathway,PWY0-1586:_peptidoglycan_maturation_(meso-diaminopimelate_containing),1
PENTOSE-P-PWY:_pentose_phosphate_pathway,PWY0-845:_superpathway_of_pyridoxal_5'-phosphate_biosynthesis_and_salvage,2
PENTOSE-P-PWY:_pentose_phosphate_pathway,PWY66-429:_fatty_acid_biosynthesis_initiation_(mitochondria),2
PENTOSE-P-PWY:_pentose_phosphate_pathway,PYRIDNUCSYN-PWY:_NAD_de_novo_biosynthesis_I_(from_aspartate),2
PENTOSE-P-PWY:_pentose_phosphate_pathway,PYRIDOXSYN-PWY:_pyridoxal_5'-phosphate_biosynthesis_I,2
PENTOSE-P-PWY:_pentose_phosphate_pathway,RHAMCAT-PWY:_L-rhamnose_degradation_I,1
PENTOSE-P-PWY:_pentose_phosphate_pathway,RIBOSYN2-PWY:_flavin_biosynthesis_I_(bacteria_and_plants),2
PENTOSE-P-PWY:_pentose_phosphate_pathway,SER-GLYSYN-PWY:_superpathway_of_L-serine_and_glycine_biosynthesis_I,2
PENTOSE-P-PWY:_pentose_phosphate_pathway,THISYNARA-PWY:_superpathway_of_thiamine_diphosphate_biosynthesis_III_(eukaryotes),1
PENTOSE-P-PWY:_pentose_phosphate_pathway,TRNA-CHARGING-PWY:_tRNA_charging,2
PENTOSE-P-PWY:_pentose_phosphate_pathway,VALSYN-PWY:_L-valine_biosynthesis,2
PEPTIDOGLYCANSYN-PWY:_peptidoglycan_biosynthesis_I_(meso-diaminopimelate_containing),PWY-1042:_glycolysis_IV,10
PEPTIDOGLYCANSYN-PWY:_peptidoglycan_biosynthesis_I_(meso-diaminopimelate_containing),PWY-1269:_CMP-3-deoxy-D-manno-octulosonate_biosynthesis,5
PEPTIDOGLYCANSYN-PWY:_peptidoglycan_biosynthesis_I_(meso-diaminopimelate_containing),PWY-2942:_L-lysine_biosynthesis_III,16
PEPTIDOGLYCANSYN-PWY:_peptidoglycan_biosynthesis_I_(meso-diaminopimelate_containing),PWY-3841:_folate_transformations_II_(plants),19
PEPTIDOGLYCANSYN-PWY:_peptidoglycan_biosynthesis_I_(meso-diaminopimelate_containing),PWY-4984:_urea_cycle,2
PEPTIDOGLYCANSYN-PWY:_peptidoglycan_biosynthesis_I_(meso-diaminopimelate_containing),PWY-5030:_L-histidine_degradation_III,10
PEPTIDOGLYCANSYN-PWY:_peptidoglycan_biosynthesis_I_(meso-diaminopimelate_containing),PWY-5097:_L-lysine_biosynthesis_VI,15
PEPTIDOGLYCANSYN-PWY:_peptidoglycan_biosynthesis_I_(meso-diaminopimelate_containing),PWY-5100:_pyruvate_fermentation_to_acetate_and_lactate_II,4
PEPTIDOGLYCANSYN-PWY:_peptidoglycan_biosynthesis_I_(meso-diaminopimelate_containing),PWY-5103:_L-isoleucine_biosynthesis_III,13
PEPTIDOGLYCANSYN-PWY:_peptidoglycan_biosynthesis_I_(meso-diaminopimelate_containing),PWY-5121:_superpathway_of_geranylgeranyl_diphosphate_biosynthesis_II_(via_MEP),2
PEPTIDOGLYCANSYN-PWY:_peptidoglycan_biosynthesis_I_(meso-diaminopimelate_containing),PWY-5130:_2-oxobutanoate_degradation_I,1
PEPTIDOGLYCANSYN-PWY:_peptidoglycan_biosynthesis_I_(meso-diaminopimelate_containing),PWY-5154:_L-arginine_biosynthesis_III_(via_N-acetyl-L-citrulline),1
PEPTIDOGLYCANSYN-PWY:_peptidoglycan_biosynthesis_I_(meso-diaminopimelate_containing),PWY-5188:_tetrapyrrole_biosynthesis_I_(from_glutamate),1
PEPTIDOGLYCANSYN-PWY:_peptidoglycan_biosynthesis_I_(meso-diaminopimelate_containing),PWY-5384:_sucrose_degradation_IV_(sucrose_phosphorylase),4
PEPTIDOGLYCANSYN-PWY:_peptidoglycan_biosynthesis_I_(meso-diaminopimelate_containing),PWY-5659:_GDP-mannose_biosynthesis,3
PEPTIDOGLYCANSYN-PWY:_peptidoglycan_biosynthesis_I_(meso-diaminopimelate_containing),PWY-5667:_CDP-diacylglycerol_biosynthesis_I,17
PEPTIDOGLYCANSYN-PWY:_peptidoglycan_biosynthesis_I_(meso-diaminopimelate_containing),PWY-5686:_UMP_biosynthesis_I,22
PEPTIDOGLYCANSYN-PWY:_peptidoglycan_biosynthesis_I_(meso-diaminopimelate_containing),PWY-5695:_inosine_5'-phosphate_degradation,18
PEPTIDOGLYCANSYN-PWY:_peptidoglycan_biosynthesis_I_(meso-diaminopimelate_containing),PWY-5941:_glycogen_degradation_II,8
PEPTIDOGLYCANSYN-PWY:_peptidoglycan_biosynthesis_I_(meso-diaminopimelate_containing),PWY-5973:_cis-vaccenate_biosynthesis,12
PEPTIDOGLYCANSYN-PWY:_peptidoglycan_biosynthesis_I_(meso-diaminopimelate_containing),PWY-5989:_stearate_biosynthesis_II_(bacteria_and_plants),3
PEPTIDOGLYCANSYN-PWY:_peptidoglycan_biosynthesis_I_(meso-diaminopimelate_containing),PWY-6121:_5-aminoimidazole_ribonucleotide_biosynthesis_I,23
PEPTIDOGLYCANSYN-PWY:_peptidoglycan_biosynthesis_I_(meso-diaminopimelate_containing),PWY-6122:_5-aminoimidazole_ribonucleotide_biosynthesis_II,23
PEPTIDOGLYCANSYN-PWY:_peptidoglycan_biosynthesis_I_(meso-diaminopimelate_containing),PWY-6123:_inosine-5'-phosphate_biosynthesis_I,17
PEPTIDOGLYCANSYN-PWY:_peptidoglycan_biosynthesis_I_(meso-diaminopimelate_containing),PWY-6124:_inosine-5'-phosphate_biosynthesis_II,17
PEPTIDOGLYCANSYN-PWY:_peptidoglycan_biosynthesis_I_(meso-diaminopimelate_containing),PWY-6125:_superpathway_of_guanosine_nucleotides_de_novo_biosynthesis_II,9
PEPTIDOGLYCANSYN-PWY:_peptidoglycan_biosynthesis_I_(meso-diaminopimelate_containing),PWY-6126:_superpathway_of_adenosine_nucleotides_de_novo_biosynthesis_II,9
PEPTIDOGLYCANSYN-PWY:_peptidoglycan_biosynthesis_I_(meso-diaminopimelate_containing),PWY-6143:_CMP-pseudaminate_biosynthesis,1
PEPTIDOGLYCANSYN-PWY:_peptidoglycan_biosynthesis_I_(meso-diaminopimelate_containing),PWY-6147:_6-hydroxymethyl-dihydropterin_diphosphate_biosynthesis_I,9
PEPTIDOGLYCANSYN-PWY:_peptidoglycan_biosynthesis_I_(meso-diaminopimelate_containing),PWY-6151:_S-adenosyl-L-methionine_salvage_I,11
PEPTIDOGLYCANSYN-PWY:_peptidoglycan_biosynthesis_I_(meso-diaminopimelate_containing),PWY-6163:_chorismate_biosynthesis_from_3-dehydroquinate,21
PEPTIDOGLYCANSYN-PWY:_peptidoglycan_biosynthesis_I_(meso-diaminopimelate_containing),PWY-621:_sucrose_degradation_III_(sucrose_invertase),3
PEPTIDOGLYCANSYN-PWY:_peptidoglycan_biosynthesis_I_(meso-diaminopimelate_containing),PWY-6270:_isoprene_biosynthesis_I,5
PEPTIDOGLYCANSYN-PWY:_peptidoglycan_biosynthesis_I_(meso-diaminopimelate_containing),PWY-6277:_superpathway_of_5-aminoimidazole_ribonucleotide_biosynthesis,23
PEPTIDOGLYCANSYN-PWY:_peptidoglycan_biosynthesis_I_(meso-diaminopimelate_containing),PWY-6282:_palmitoleate_biosynthesis_I_(from_(5Z)-dodec-5-enoate),3
PEPTIDOGLYCANSYN-PWY:_peptidoglycan_biosynthesis_I_(meso-diaminopimelate_containing),PWY-6317:_D-galactose_degradation_I_(Leloir_pathway),5
PEPTIDOGLYCANSYN-PWY:_peptidoglycan_biosynthesis_I_(meso-diaminopimelate_containing),PWY-6385:_peptidoglycan_biosynthesis_III_(mycobacteria),21
PEPTIDOGLYCANSYN-PWY:_peptidoglycan_biosynthesis_I_(meso-diaminopimelate_containing),PWY-6386:_UDP-N-acetylmuramoyl-pentapeptide_biosynthesis_II_(lysine-containing),23
PEPTIDOGLYCANSYN-PWY:_peptidoglycan_biosynthesis_I_(meso-diaminopimelate_containing),PWY-6387:_UDP-N-acetylmuramoyl-pentapeptide_biosynthesis_I_(meso-diaminopimelate_containing),26
PEPTIDOGLYCANSYN-PWY:_peptidoglycan_biosynthesis_I_(meso-diaminopimelate_containing),PWY-6507:_4-deoxy-L-threo-hex-4-enopyranuronate_degradation,1
PEPTIDOGLYCANSYN-PWY:_peptidoglycan_biosynthesis_I_(meso-diaminopimelate_containing),PWY-6519:_8-amino-7-oxononanoate_biosynthesis_I,1
PEPTIDOGLYCANSYN-PWY:_peptidoglycan_biosynthesis_I_(meso-diaminopimelate_containing),PWY-6527:_stachyose_degradation,3
PEPTIDOGLYCANSYN-PWY:_peptidoglycan_biosynthesis_I_(meso-diaminopimelate_containing),PWY-6572:_chondroitin_sulfate_degradation_I_(bacterial),1
PEPTIDOGLYCANSYN-PWY:_peptidoglycan_biosynthesis_I_(meso-diaminopimelate_containing),PWY-6606:_guanosine_nucleotides_degradation_II,1
PEPTIDOGLYCANSYN-PWY:_peptidoglycan_biosynthesis_I_(meso-diaminopimelate_containing),PWY-6608:_guanosine_nucleotides_degradation_III,5
PEPTIDOGLYCANSYN-PWY:_peptidoglycan_biosynthesis_I_(meso-diaminopimelate_containing),PWY-6609:_adenine_and_adenosine_salvage_III,23
PEPTIDOGLYCANSYN-PWY:_peptidoglycan_biosynthesis_I_(meso-diaminopimelate_containing),PWY-6628:_superpathway_of_L-phenylalanine_biosynthesis,1
PEPTIDOGLYCANSYN-PWY:_peptidoglycan_biosynthesis_I_(meso-diaminopimelate_containing),PWY-6700:_queuosine_biosynthesis_I_(de_novo),21
PEPTIDOGLYCANSYN-PWY:_peptidoglycan_biosynthesis_I_(meso-diaminopimelate_containing),PWY-6703:_preQ0_biosynthesis,15
PEPTIDOGLYCANSYN-PWY:_peptidoglycan_biosynthesis_I_(meso-diaminopimelate_containing),PWY-6731:_starch_degradation_III,1
PEPTIDOGLYCANSYN-PWY:_peptidoglycan_biosynthesis_I_(meso-diaminopimelate_containing),PWY-6823:_molybdopterin_biosynthesis,4
PEPTIDOGLYCANSYN-PWY:_peptidoglycan_biosynthesis_I_(meso-diaminopimelate_containing),PWY-6897:_thiamine_diphosphate_salvage_II,5
PEPTIDOGLYCANSYN-PWY:_peptidoglycan_biosynthesis_I_(meso-diaminopimelate_containing),PWY-6902:_chitin_degradation_II_(Vibrio),4
PEPTIDOGLYCANSYN-PWY:_peptidoglycan_biosynthesis_I_(meso-diaminopimelate_containing),PWY-6936:_seleno-amino_acid_biosynthesis_(plants),2
PEPTIDOGLYCANSYN-PWY:_peptidoglycan_biosynthesis_I_(meso-diaminopimelate_containing),PWY-7111:_pyruvate_fermentation_to_isobutanol_(engineered),9
PEPTIDOGLYCANSYN-PWY:_peptidoglycan_biosynthesis_I_(meso-diaminopimelate_containing),PWY-7199:_pyrimidine_deoxyribonucleosides_salvage,11
PEPTIDOGLYCANSYN-PWY:_peptidoglycan_biosynthesis_I_(meso-diaminopimelate_containing),PWY-7208:_superpathway_of_pyrimidine_nucleobases_salvage,1
PEPTIDOGLYCANSYN-PWY:_peptidoglycan_biosynthesis_I_(meso-diaminopimelate_containing),PWY-7220:_adenosine_deoxyribonucleotides_de_novo_biosynthesis_II,9
PEPTIDOGLYCANSYN-PWY:_peptidoglycan_biosynthesis_I_(meso-diaminopimelate_containing),PWY-7221:_guanosine_ribonucleotides_de_novo_biosynthesis,22
PEPTIDOGLYCANSYN-PWY:_peptidoglycan_biosynthesis_I_(meso-diaminopimelate_containing),PWY-7222:_guanosine_deoxyribonucleotides_de_novo_biosynthesis_II,9
PEPTIDOGLYCANSYN-PWY:_peptidoglycan_biosynthesis_I_(meso-diaminopimelate_containing),PWY-7228:_superpathway_of_guanosine_nucleotides_de_novo_biosynthesis_I,9
PEPTIDOGLYCANSYN-PWY:_peptidoglycan_biosynthesis_I_(meso-diaminopimelate_containing),PWY-7229:_superpathway_of_adenosine_nucleotides_de_novo_biosynthesis_I,9
PEPTIDOGLYCANSYN-PWY:_peptidoglycan_biosynthesis_I_(meso-diaminopimelate_containing),PWY-7234:_inosine-5'-phosphate_biosynthesis_III,3
PEPTIDOGLYCANSYN-PWY:_peptidoglycan_biosynthesis_I_(meso-diaminopimelate_containing),PWY-7237:_myo-,_chiro-_and_scyllo-inositol_degradation,9
PEPTIDOGLYCANSYN-PWY:_peptidoglycan_biosynthesis_I_(meso-diaminopimelate_containing),PWY-7238:_sucrose_biosynthesis_II,14
PEPTIDOGLYCANSYN-PWY:_peptidoglycan_biosynthesis_I_(meso-diaminopimelate_containing),PWY-7242:_D-fructuronate_degradation,1
PEPTIDOGLYCANSYN-PWY:_peptidoglycan_biosynthesis_I_(meso-diaminopimelate_containing),PWY-724:_superpathway_of_L-lysine,_L-threonine_and_L-methionine_biosynthesis_II,4
PEPTIDOGLYCANSYN-PWY:_peptidoglycan_biosynthesis_I_(meso-diaminopimelate_containing),PWY-7282:_4-amino-2-methyl-5-diphosphomethylpyrimidine_biosynthesis_II,3
PEPTIDOGLYCANSYN-PWY:_peptidoglycan_biosynthesis_I_(meso-diaminopimelate_containing),PWY-7312:_dTDP-&beta;-D-fucofuranose_biosynthesis,1
PEPTIDOGLYCANSYN-PWY:_peptidoglycan_biosynthesis_I_(meso-diaminopimelate_containing),PWY-7315:_dTDP-N-acetylthomosamine_biosynthesis,2
PEPTIDOGLYCANSYN-PWY:_peptidoglycan_biosynthesis_I_(meso-diaminopimelate_containing),PWY-7316:_dTDP-N-acetylviosamine_biosynthesis,1
PEPTIDOGLYCANSYN-PWY:_peptidoglycan_biosynthesis_I_(meso-diaminopimelate_containing),PWY-7357:_thiamine_phosphate_formation_from_pyrithiamine_and_oxythiamine_(yeast),9
PEPTIDOGLYCANSYN-PWY:_peptidoglycan_biosynthesis_I_(meso-diaminopimelate_containing),PWY-7560:_methylerythritol_phosphate_pathway_II,5
PEPTIDOGLYCANSYN-PWY:_peptidoglycan_biosynthesis_I_(meso-diaminopimelate_containing),PWY-7663:_gondoate_biosynthesis_(anaerobic),12
PEPTIDOGLYCANSYN-PWY:_peptidoglycan_biosynthesis_I_(meso-diaminopimelate_containing),PWY-7664:_oleate_biosynthesis_IV_(anaerobic),3
PEPTIDOGLYCANSYN-PWY:_peptidoglycan_biosynthesis_I_(meso-diaminopimelate_containing),PWY-7688:_dTDP-&alpha;-D-ravidosamine_and_dTDP-4-acetyl-&alpha;-D-ravidosamine_biosynthesis,1
PEPTIDOGLYCANSYN-PWY:_peptidoglycan_biosynthesis_I_(meso-diaminopimelate_containing),PWY-7790:_UMP_biosynthesis_II,22
PEPTIDOGLYCANSYN-PWY:_peptidoglycan_biosynthesis_I_(meso-diaminopimelate_containing),PWY-7791:_UMP_biosynthesis_III,22
PEPTIDOGLYCANSYN-PWY:_peptidoglycan_biosynthesis_I_(meso-diaminopimelate_containing),PWY-7851:_coenzyme_A_biosynthesis_II_(eukaryotic),20
PEPTIDOGLYCANSYN-PWY:_peptidoglycan_biosynthesis_I_(meso-diaminopimelate_containing),PWY-7953:_UDP-N-acetylmuramoyl-pentapeptide_biosynthesis_III_(meso-diaminopimelate_containing),23
PEPTIDOGLYCANSYN-PWY:_peptidoglycan_biosynthesis_I_(meso-diaminopimelate_containing),PWY-7977:_L-methionine_biosynthesis_IV,18
PEPTIDOGLYCANSYN-PWY:_peptidoglycan_biosynthesis_I_(meso-diaminopimelate_containing),PWY-8004:_Entner-Doudoroff_pathway_I,1
PEPTIDOGLYCANSYN-PWY:_peptidoglycan_biosynthesis_I_(meso-diaminopimelate_containing),PWY-8073:_lipid_IVA_biosynthesis_(P._putida),3
PEPTIDOGLYCANSYN-PWY:_peptidoglycan_biosynthesis_I_(meso-diaminopimelate_containing),PWY-8178:_pentose_phosphate_pathway_(non-oxidative_branch)_II,7
PEPTIDOGLYCANSYN-PWY:_peptidoglycan_biosynthesis_I_(meso-diaminopimelate_containing),PWY-8187:_L-arginine_degradation_XIII_(reductive_Stickland_reaction),1
PEPTIDOGLYCANSYN-PWY:_peptidoglycan_biosynthesis_I_(meso-diaminopimelate_containing),PWY0-1061:_superpathway_of_L-alanine_biosynthesis,2
PEPTIDOGLYCANSYN-PWY:_peptidoglycan_biosynthesis_I_(meso-diaminopimelate_containing),PWY0-1241:_ADP-L-glycero-&beta;-D-manno-heptose_biosynthesis,1
PEPTIDOGLYCANSYN-PWY:_peptidoglycan_biosynthesis_I_(meso-diaminopimelate_containing),PWY0-1296:_purine_ribonucleosides_degradation,6
PEPTIDOGLYCANSYN-PWY:_peptidoglycan_biosynthesis_I_(meso-diaminopimelate_containing),PWY0-1319:_CDP-diacylglycerol_biosynthesis_II,17
PEPTIDOGLYCANSYN-PWY:_peptidoglycan_biosynthesis_I_(meso-diaminopimelate_containing),PWY0-1586:_peptidoglycan_maturation_(meso-diaminopimelate_containing),11
PEPTIDOGLYCANSYN-PWY:_peptidoglycan_biosynthesis_I_(meso-diaminopimelate_containing),PWY0-162:_superpathway_of_pyrimidine_ribonucleotides_de_novo_biosynthesis,2
PEPTIDOGLYCANSYN-PWY:_peptidoglycan_biosynthesis_I_(meso-diaminopimelate_containing),PWY0-845:_superpathway_of_pyridoxal_5'-phosphate_biosynthesis_and_salvage,6
PEPTIDOGLYCANSYN-PWY:_peptidoglycan_biosynthesis_I_(meso-diaminopimelate_containing),PWY0-862:_(5Z)-dodecenoate_biosynthesis_I,3
PEPTIDOGLYCANSYN-PWY:_peptidoglycan_biosynthesis_I_(meso-diaminopimelate_containing),PWY4FS-7:_phosphatidylglycerol_biosynthesis_I_(plastidic),1
PEPTIDOGLYCANSYN-PWY:_peptidoglycan_biosynthesis_I_(meso-diaminopimelate_containing),PWY4FS-8:_phosphatidylglycerol_biosynthesis_II_(non-plastidic),1
PEPTIDOGLYCANSYN-PWY:_peptidoglycan_biosynthesis_I_(meso-diaminopimelate_containing),PWY66-429:_fatty_acid_biosynthesis_initiation_(mitochondria),11
PEPTIDOGLYCANSYN-PWY:_peptidoglycan_biosynthesis_I_(meso-diaminopimelate_containing),PYRIDNUCSYN-PWY:_NAD_de_novo_biosynthesis_I_(from_aspartate),10
PEPTIDOGLYCANSYN-PWY:_peptidoglycan_biosynthesis_I_(meso-diaminopimelate_containing),PYRIDOXSYN-PWY:_pyridoxal_5'-phosphate_biosynthesis_I,7
PEPTIDOGLYCANSYN-PWY:_peptidoglycan_biosynthesis_I_(meso-diaminopimelate_containing),RHAMCAT-PWY:_L-rhamnose_degradation_I,8
PEPTIDOGLYCANSYN-PWY:_peptidoglycan_biosynthesis_I_(meso-diaminopimelate_containing),RIBOSYN2-PWY:_flavin_biosynthesis_I_(bacteria_and_plants),11
PEPTIDOGLYCANSYN-PWY:_peptidoglycan_biosynthesis_I_(meso-diaminopimelate_containing),SALVADEHYPOX-PWY:_adenosine_nucleotides_degradation_II,1
PEPTIDOGLYCANSYN-PWY:_peptidoglycan_biosynthesis_I_(meso-diaminopimelate_containing),SER-GLYSYN-PWY:_superpathway_of_L-serine_and_glycine_biosynthesis_I,17
PEPTIDOGLYCANSYN-PWY:_peptidoglycan_biosynthesis_I_(meso-diaminopimelate_containing),THISYNARA-PWY:_superpathway_of_thiamine_diphosphate_biosynthesis_III_(eukaryotes),8
PEPTIDOGLYCANSYN-PWY:_peptidoglycan_biosynthesis_I_(meso-diaminopimelate_containing),THRESYN-PWY:_superpathway_of_L-threonine_biosynthesis,7
PEPTIDOGLYCANSYN-PWY:_peptidoglycan_biosynthesis_I_(meso-diaminopimelate_containing),TRNA-CHARGING-PWY:_tRNA_charging,17
PEPTIDOGLYCANSYN-PWY:_peptidoglycan_biosynthesis_I_(meso-diaminopimelate_containing),UDPNAGSYN-PWY:_UDP-N-acetyl-D-glucosamine_biosynthesis_I,4
PEPTIDOGLYCANSYN-PWY:_peptidoglycan_biosynthesis_I_(meso-diaminopimelate_containing),VALSYN-PWY:_L-valine_biosynthesis,23
PWY-1042:_glycolysis_IV,PWY-1269:_CMP-3-deoxy-D-manno-octulosonate_biosynthesis,2
PWY-1042:_glycolysis_IV,PWY-2942:_L-lysine_biosynthesis_III,5
PWY-1042:_glycolysis_IV,PWY-3841:_folate_transformations_II_(plants),8
PWY-1042:_glycolysis_IV,PWY-5030:_L-histidine_degradation_III,5
PWY-1042:_glycolysis_IV,PWY-5097:_L-lysine_biosynthesis_VI,5
PWY-1042:_glycolysis_IV,PWY-5100:_pyruvate_fermentation_to_acetate_and_lactate_II,4
PWY-1042:_glycolysis_IV,PWY-5103:_L-isoleucine_biosynthesis_III,5
PWY-1042:_glycolysis_IV,PWY-5121:_superpathway_of_geranylgeranyl_diphosphate_biosynthesis_II_(via_MEP),2
PWY-1042:_glycolysis_IV,PWY-5130:_2-oxobutanoate_degradation_I,1
PWY-1042:_glycolysis_IV,PWY-5188:_tetrapyrrole_biosynthesis_I_(from_glutamate),1
PWY-1042:_glycolysis_IV,PWY-5384:_sucrose_degradation_IV_(sucrose_phosphorylase),2
PWY-1042:_glycolysis_IV,PWY-5484:_glycolysis_II_(from_fructose_6-phosphate),1
PWY-1042:_glycolysis_IV,PWY-5659:_GDP-mannose_biosynthesis,3
PWY-1042:_glycolysis_IV,PWY-5667:_CDP-diacylglycerol_biosynthesis_I,8
PWY-1042:_glycolysis_IV,PWY-5686:_UMP_biosynthesis_I,10
PWY-1042:_glycolysis_IV,PWY-5695:_inosine_5'-phosphate_degradation,8
PWY-1042:_glycolysis_IV,PWY-5941:_glycogen_degradation_II,4
PWY-1042:_glycolysis_IV,PWY-5973:_cis-vaccenate_biosynthesis,1
PWY-1042:_glycolysis_IV,PWY-6121:_5-aminoimidazole_ribonucleotide_biosynthesis_I,11
PWY-1042:_glycolysis_IV,PWY-6122:_5-aminoimidazole_ribonucleotide_biosynthesis_II,11
PWY-1042:_glycolysis_IV,PWY-6123:_inosine-5'-phosphate_biosynthesis_I,6
PWY-1042:_glycolysis_IV,PWY-6124:_inosine-5'-phosphate_biosynthesis_II,6
PWY-1042:_glycolysis_IV,PWY-6125:_superpathway_of_guanosine_nucleotides_de_novo_biosynthesis_II,3
PWY-1042:_glycolysis_IV,PWY-6126:_superpathway_of_adenosine_nucleotides_de_novo_biosynthesis_II,3
PWY-1042:_glycolysis_IV,PWY-6147:_6-hydroxymethyl-dihydropterin_diphosphate_biosynthesis_I,3
PWY-1042:_glycolysis_IV,PWY-6151:_S-adenosyl-L-methionine_salvage_I,6
PWY-1042:_glycolysis_IV,PWY-6163:_chorismate_biosynthesis_from_3-dehydroquinate,11
PWY-1042:_glycolysis_IV,PWY-621:_sucrose_degradation_III_(sucrose_invertase),2
PWY-1042:_glycolysis_IV,PWY-6270:_isoprene_biosynthesis_I,2
PWY-1042:_glycolysis_IV,PWY-6277:_superpathway_of_5-aminoimidazole_ribonucleotide_biosynthesis,11
PWY-1042:_glycolysis_IV,PWY-6317:_D-galactose_degradation_I_(Leloir_pathway),4
PWY-1042:_glycolysis_IV,PWY-6385:_peptidoglycan_biosynthesis_III_(mycobacteria),8
PWY-1042:_glycolysis_IV,PWY-6386:_UDP-N-acetylmuramoyl-pentapeptide_biosynthesis_II_(lysine-containing),9
PWY-1042:_glycolysis_IV,PWY-6387:_UDP-N-acetylmuramoyl-pentapeptide_biosynthesis_I_(meso-diaminopimelate_containing),10
PWY-1042:_glycolysis_IV,PWY-6507:_4-deoxy-L-threo-hex-4-enopyranuronate_degradation,1
PWY-1042:_glycolysis_IV,PWY-6527:_stachyose_degradation,3
PWY-1042:_glycolysis_IV,PWY-6606:_guanosine_nucleotides_degradation_II,1
PWY-1042:_glycolysis_IV,PWY-6608:_guanosine_nucleotides_degradation_III,3
PWY-1042:_glycolysis_IV,PWY-6609:_adenine_and_adenosine_salvage_III,11
PWY-1042:_glycolysis_IV,PWY-6628:_superpathway_of_L-phenylalanine_biosynthesis,1
PWY-1042:_glycolysis_IV,PWY-6700:_queuosine_biosynthesis_I_(de_novo),9
PWY-1042:_glycolysis_IV,PWY-6703:_preQ0_biosynthesis,6
PWY-1042:_glycolysis_IV,PWY-6823:_molybdopterin_biosynthesis,4
PWY-1042:_glycolysis_IV,PWY-6897:_thiamine_diphosphate_salvage_II,3
PWY-1042:_glycolysis_IV,PWY-6936:_seleno-amino_acid_biosynthesis_(plants),1
PWY-1042:_glycolysis_IV,PWY-7111:_pyruvate_fermentation_to_isobutanol_(engineered),7
PWY-1042:_glycolysis_IV,PWY-7199:_pyrimidine_deoxyribonucleosides_salvage,3
PWY-1042:_glycolysis_IV,PWY-7208:_superpathway_of_pyrimidine_nucleobases_salvage,1
PWY-1042:_glycolysis_IV,PWY-7220:_adenosine_deoxyribonucleotides_de_novo_biosynthesis_II,3
PWY-1042:_glycolysis_IV,PWY-7221:_guanosine_ribonucleotides_de_novo_biosynthesis,11
PWY-1042:_glycolysis_IV,PWY-7222:_guanosine_deoxyribonucleotides_de_novo_biosynthesis_II,3
PWY-1042:_glycolysis_IV,PWY-7228:_superpathway_of_guanosine_nucleotides_de_novo_biosynthesis_I,3
PWY-1042:_glycolysis_IV,PWY-7229:_superpathway_of_adenosine_nucleotides_de_novo_biosynthesis_I,3
PWY-1042:_glycolysis_IV,PWY-7234:_inosine-5'-phosphate_biosynthesis_III,1
PWY-1042:_glycolysis_IV,PWY-7237:_myo-,_chiro-_and_scyllo-inositol_degradation,5
PWY-1042:_glycolysis_IV,PWY-7238:_sucrose_biosynthesis_II,6
PWY-1042:_glycolysis_IV,PWY-7242:_D-fructuronate_degradation,1
PWY-1042:_glycolysis_IV,PWY-724:_superpathway_of_L-lysine,_L-threonine_and_L-methionine_biosynthesis_II,2
PWY-1042:_glycolysis_IV,PWY-7315:_dTDP-N-acetylthomosamine_biosynthesis,1
PWY-1042:_glycolysis_IV,PWY-7357:_thiamine_phosphate_formation_from_pyrithiamine_and_oxythiamine_(yeast),6
PWY-1042:_glycolysis_IV,PWY-7560:_methylerythritol_phosphate_pathway_II,2
PWY-1042:_glycolysis_IV,PWY-7663:_gondoate_biosynthesis_(anaerobic),1
PWY-1042:_glycolysis_IV,PWY-7790:_UMP_biosynthesis_II,10
PWY-1042:_glycolysis_IV,PWY-7791:_UMP_biosynthesis_III,10
PWY-1042:_glycolysis_IV,PWY-7851:_coenzyme_A_biosynthesis_II_(eukaryotic),11
PWY-1042:_glycolysis_IV,PWY-7953:_UDP-N-acetylmuramoyl-pentapeptide_biosynthesis_III_(meso-diaminopimelate_containing),9
PWY-1042:_glycolysis_IV,PWY-7977:_L-methionine_biosynthesis_IV,8
PWY-1042:_glycolysis_IV,PWY-8178:_pentose_phosphate_pathway_(non-oxidative_branch)_II,4
PWY-1042:_glycolysis_IV,PWY0-1061:_superpathway_of_L-alanine_biosynthesis,2
PWY-1042:_glycolysis_IV,PWY0-1241:_ADP-L-glycero-&beta;-D-manno-heptose_biosynthesis,1
PWY-1042:_glycolysis_IV,PWY0-1296:_purine_ribonucleosides_degradation,5
PWY-1042:_glycolysis_IV,PWY0-1319:_CDP-diacylglycerol_biosynthesis_II,8
PWY-1042:_glycolysis_IV,PWY0-1586:_peptidoglycan_maturation_(meso-diaminopimelate_containing),4
PWY-1042:_glycolysis_IV,PWY0-845:_superpathway_of_pyridoxal_5'-phosphate_biosynthesis_and_salvage,1
PWY-1042:_glycolysis_IV,PWY4FS-7:_phosphatidylglycerol_biosynthesis_I_(plastidic),1
PWY-1042:_glycolysis_IV,PWY4FS-8:_phosphatidylglycerol_biosynthesis_II_(non-plastidic),1
PWY-1042:_glycolysis_IV,PWY66-429:_fatty_acid_biosynthesis_initiation_(mitochondria),3
PWY-1042:_glycolysis_IV,PYRIDNUCSYN-PWY:_NAD_de_novo_biosynthesis_I_(from_aspartate),6
PWY-1042:_glycolysis_IV,PYRIDOXSYN-PWY:_pyridoxal_5'-phosphate_biosynthesis_I,1
PWY-1042:_glycolysis_IV,RHAMCAT-PWY:_L-rhamnose_degradation_I,4
PWY-1042:_glycolysis_IV,RIBOSYN2-PWY:_flavin_biosynthesis_I_(bacteria_and_plants),6
PWY-1042:_glycolysis_IV,SALVADEHYPOX-PWY:_adenosine_nucleotides_degradation_II,1
PWY-1042:_glycolysis_IV,SER-GLYSYN-PWY:_superpathway_of_L-serine_and_glycine_biosynthesis_I,9
PWY-1042:_glycolysis_IV,THISYNARA-PWY:_superpathway_of_thiamine_diphosphate_biosynthesis_III_(eukaryotes),6
PWY-1042:_glycolysis_IV,THRESYN-PWY:_superpathway_of_L-threonine_biosynthesis,5
PWY-1042:_glycolysis_IV,TRNA-CHARGING-PWY:_tRNA_charging,9
PWY-1042:_glycolysis_IV,UDPNAGSYN-PWY:_UDP-N-acetyl-D-glucosamine_biosynthesis_I,1
PWY-1042:_glycolysis_IV,VALSYN-PWY:_L-valine_biosynthesis,10
PWY-1269:_CMP-3-deoxy-D-manno-octulosonate_biosynthesis,PWY-2942:_L-lysine_biosynthesis_III,6
PWY-1269:_CMP-3-deoxy-D-manno-octulosonate_biosynthesis,PWY-3841:_folate_transformations_II_(plants),5
PWY-1269:_CMP-3-deoxy-D-manno-octulosonate_biosynthesis,PWY-5030:_L-histidine_degradation_III,5
PWY-1269:_CMP-3-deoxy-D-manno-octulosonate_biosynthesis,PWY-5097:_L-lysine_biosynthesis_VI,5
PWY-1269:_CMP-3-deoxy-D-manno-octulosonate_biosynthesis,PWY-5103:_L-isoleucine_biosynthesis_III,5
PWY-1269:_CMP-3-deoxy-D-manno-octulosonate_biosynthesis,PWY-5384:_sucrose_degradation_IV_(sucrose_phosphorylase),2
PWY-1269:_CMP-3-deoxy-D-manno-octulosonate_biosynthesis,PWY-5659:_GDP-mannose_biosynthesis,2
PWY-1269:_CMP-3-deoxy-D-manno-octulosonate_biosynthesis,PWY-5667:_CDP-diacylglycerol_biosynthesis_I,5
PWY-1269:_CMP-3-deoxy-D-manno-octulosonate_biosynthesis,PWY-5686:_UMP_biosynthesis_I,5
PWY-1269:_CMP-3-deoxy-D-manno-octulosonate_biosynthesis,PWY-5695:_inosine_5'-phosphate_degradation,6
PWY-1269:_CMP-3-deoxy-D-manno-octulosonate_biosynthesis,PWY-5941:_glycogen_degradation_II,3
PWY-1269:_CMP-3-deoxy-D-manno-octulosonate_biosynthesis,PWY-5973:_cis-vaccenate_biosynthesis,5
PWY-1269:_CMP-3-deoxy-D-manno-octulosonate_biosynthesis,PWY-6121:_5-aminoimidazole_ribonucleotide_biosynthesis_I,6
PWY-1269:_CMP-3-deoxy-D-manno-octulosonate_biosynthesis,PWY-6122:_5-aminoimidazole_ribonucleotide_biosynthesis_II,6
PWY-1269:_CMP-3-deoxy-D-manno-octulosonate_biosynthesis,PWY-6123:_inosine-5'-phosphate_biosynthesis_I,5
PWY-1269:_CMP-3-deoxy-D-manno-octulosonate_biosynthesis,PWY-6124:_inosine-5'-phosphate_biosynthesis_II,5
PWY-1269:_CMP-3-deoxy-D-manno-octulosonate_biosynthesis,PWY-6125:_superpathway_of_guanosine_nucleotides_de_novo_biosynthesis_II,4
PWY-1269:_CMP-3-deoxy-D-manno-octulosonate_biosynthesis,PWY-6126:_superpathway_of_adenosine_nucleotides_de_novo_biosynthesis_II,4
PWY-1269:_CMP-3-deoxy-D-manno-octulosonate_biosynthesis,PWY-6143:_CMP-pseudaminate_biosynthesis,1
PWY-1269:_CMP-3-deoxy-D-manno-octulosonate_biosynthesis,PWY-6147:_6-hydroxymethyl-dihydropterin_diphosphate_biosynthesis_I,4
PWY-1269:_CMP-3-deoxy-D-manno-octulosonate_biosynthesis,PWY-6151:_S-adenosyl-L-methionine_salvage_I,1
PWY-1269:_CMP-3-deoxy-D-manno-octulosonate_biosynthesis,PWY-6163:_chorismate_biosynthesis_from_3-dehydroquinate,6
PWY-1269:_CMP-3-deoxy-D-manno-octulosonate_biosynthesis,PWY-621:_sucrose_degradation_III_(sucrose_invertase),2
PWY-1269:_CMP-3-deoxy-D-manno-octulosonate_biosynthesis,PWY-6270:_isoprene_biosynthesis_I,3
PWY-1269:_CMP-3-deoxy-D-manno-octulosonate_biosynthesis,PWY-6277:_superpathway_of_5-aminoimidazole_ribonucleotide_biosynthesis,6
PWY-1269:_CMP-3-deoxy-D-manno-octulosonate_biosynthesis,PWY-6385:_peptidoglycan_biosynthesis_III_(mycobacteria),5
PWY-1269:_CMP-3-deoxy-D-manno-octulosonate_biosynthesis,PWY-6386:_UDP-N-acetylmuramoyl-pentapeptide_biosynthesis_II_(lysine-containing),5
PWY-1269:_CMP-3-deoxy-D-manno-octulosonate_biosynthesis,PWY-6387:_UDP-N-acetylmuramoyl-pentapeptide_biosynthesis_I_(meso-diaminopimelate_containing),5
PWY-1269:_CMP-3-deoxy-D-manno-octulosonate_biosynthesis,PWY-6572:_chondroitin_sulfate_degradation_I_(bacterial),1
PWY-1269:_CMP-3-deoxy-D-manno-octulosonate_biosynthesis,PWY-6608:_guanosine_nucleotides_degradation_III,3
PWY-1269:_CMP-3-deoxy-D-manno-octulosonate_biosynthesis,PWY-6609:_adenine_and_adenosine_salvage_III,6
PWY-1269:_CMP-3-deoxy-D-manno-octulosonate_biosynthesis,PWY-6700:_queuosine_biosynthesis_I_(de_novo),5
PWY-1269:_CMP-3-deoxy-D-manno-octulosonate_biosynthesis,PWY-6703:_preQ0_biosynthesis,5
PWY-1269:_CMP-3-deoxy-D-manno-octulosonate_biosynthesis,PWY-6897:_thiamine_diphosphate_salvage_II,3
PWY-1269:_CMP-3-deoxy-D-manno-octulosonate_biosynthesis,PWY-6902:_chitin_degradation_II_(Vibrio),2
PWY-1269:_CMP-3-deoxy-D-manno-octulosonate_biosynthesis,PWY-7111:_pyruvate_fermentation_to_isobutanol_(engineered),1
PWY-1269:_CMP-3-deoxy-D-manno-octulosonate_biosynthesis,PWY-7199:_pyrimidine_deoxyribonucleosides_salvage,5
PWY-1269:_CMP-3-deoxy-D-manno-octulosonate_biosynthesis,PWY-7220:_adenosine_deoxyribonucleotides_de_novo_biosynthesis_II,4
PWY-1269:_CMP-3-deoxy-D-manno-octulosonate_biosynthesis,PWY-7221:_guanosine_ribonucleotides_de_novo_biosynthesis,6
PWY-1269:_CMP-3-deoxy-D-manno-octulosonate_biosynthesis,PWY-7222:_guanosine_deoxyribonucleotides_de_novo_biosynthesis_II,4
PWY-1269:_CMP-3-deoxy-D-manno-octulosonate_biosynthesis,PWY-7228:_superpathway_of_guanosine_nucleotides_de_novo_biosynthesis_I,4
PWY-1269:_CMP-3-deoxy-D-manno-octulosonate_biosynthesis,PWY-7229:_superpathway_of_adenosine_nucleotides_de_novo_biosynthesis_I,4
PWY-1269:_CMP-3-deoxy-D-manno-octulosonate_biosynthesis,PWY-7237:_myo-,_chiro-_and_scyllo-inositol_degradation,2
PWY-1269:_CMP-3-deoxy-D-manno-octulosonate_biosynthesis,PWY-7238:_sucrose_biosynthesis_II,3
PWY-1269:_CMP-3-deoxy-D-manno-octulosonate_biosynthesis,PWY-724:_superpathway_of_L-lysine,_L-threonine_and_L-methionine_biosynthesis_II,1
PWY-1269:_CMP-3-deoxy-D-manno-octulosonate_biosynthesis,PWY-7282:_4-amino-2-methyl-5-diphosphomethylpyrimidine_biosynthesis_II,3
PWY-1269:_CMP-3-deoxy-D-manno-octulosonate_biosynthesis,PWY-7315:_dTDP-N-acetylthomosamine_biosynthesis,1
PWY-1269:_CMP-3-deoxy-D-manno-octulosonate_biosynthesis,PWY-7357:_thiamine_phosphate_formation_from_pyrithiamine_and_oxythiamine_(yeast),3
PWY-1269:_CMP-3-deoxy-D-manno-octulosonate_biosynthesis,PWY-7560:_methylerythritol_phosphate_pathway_II,3
PWY-1269:_CMP-3-deoxy-D-manno-octulosonate_biosynthesis,PWY-7663:_gondoate_biosynthesis_(anaerobic),5
PWY-1269:_CMP-3-deoxy-D-manno-octulosonate_biosynthesis,PWY-7790:_UMP_biosynthesis_II,5
PWY-1269:_CMP-3-deoxy-D-manno-octulosonate_biosynthesis,PWY-7791:_UMP_biosynthesis_III,5
PWY-1269:_CMP-3-deoxy-D-manno-octulosonate_biosynthesis,PWY-7851:_coenzyme_A_biosynthesis_II_(eukaryotic),5
PWY-1269:_CMP-3-deoxy-D-manno-octulosonate_biosynthesis,PWY-7953:_UDP-N-acetylmuramoyl-pentapeptide_biosynthesis_III_(meso-diaminopimelate_containing),5
PWY-1269:_CMP-3-deoxy-D-manno-octulosonate_biosynthesis,PWY-7977:_L-methionine_biosynthesis_IV,6
PWY-1269:_CMP-3-deoxy-D-manno-octulosonate_biosynthesis,PWY-8073:_lipid_IVA_biosynthesis_(P._putida),1
PWY-1269:_CMP-3-deoxy-D-manno-octulosonate_biosynthesis,PWY-8178:_pentose_phosphate_pathway_(non-oxidative_branch)_II,1
PWY-1269:_CMP-3-deoxy-D-manno-octulosonate_biosynthesis,PWY0-1319:_CDP-diacylglycerol_biosynthesis_II,5
PWY-1269:_CMP-3-deoxy-D-manno-octulosonate_biosynthesis,PWY0-1586:_peptidoglycan_maturation_(meso-diaminopimelate_containing),4
PWY-1269:_CMP-3-deoxy-D-manno-octulosonate_biosynthesis,PWY0-162:_superpathway_of_pyrimidine_ribonucleotides_de_novo_biosynthesis,2
PWY-1269:_CMP-3-deoxy-D-manno-octulosonate_biosynthesis,PWY0-845:_superpathway_of_pyridoxal_5'-phosphate_biosynthesis_and_salvage,5
PWY-1269:_CMP-3-deoxy-D-manno-octulosonate_biosynthesis,PWY66-429:_fatty_acid_biosynthesis_initiation_(mitochondria),5
PWY-1269:_CMP-3-deoxy-D-manno-octulosonate_biosynthesis,PYRIDNUCSYN-PWY:_NAD_de_novo_biosynthesis_I_(from_aspartate),4
PWY-1269:_CMP-3-deoxy-D-manno-octulosonate_biosynthesis,PYRIDOXSYN-PWY:_pyridoxal_5'-phosphate_biosynthesis_I,5
PWY-1269:_CMP-3-deoxy-D-manno-octulosonate_biosynthesis,RHAMCAT-PWY:_L-rhamnose_degradation_I,5
PWY-1269:_CMP-3-deoxy-D-manno-octulosonate_biosynthesis,RIBOSYN2-PWY:_flavin_biosynthesis_I_(bacteria_and_plants),3
PWY-1269:_CMP-3-deoxy-D-manno-octulosonate_biosynthesis,SER-GLYSYN-PWY:_superpathway_of_L-serine_and_glycine_biosynthesis_I,6
PWY-1269:_CMP-3-deoxy-D-manno-octulosonate_biosynthesis,THISYNARA-PWY:_superpathway_of_thiamine_diphosphate_biosynthesis_III_(eukaryotes),3
PWY-1269:_CMP-3-deoxy-D-manno-octulosonate_biosynthesis,THRESYN-PWY:_superpathway_of_L-threonine_biosynthesis,1
PWY-1269:_CMP-3-deoxy-D-manno-octulosonate_biosynthesis,TRNA-CHARGING-PWY:_tRNA_charging,6
PWY-1269:_CMP-3-deoxy-D-manno-octulosonate_biosynthesis,VALSYN-PWY:_L-valine_biosynthesis,5
PWY-2942:_L-lysine_biosynthesis_III,PWY-3841:_folate_transformations_II_(plants),14
PWY-2942:_L-lysine_biosynthesis_III,PWY-4984:_urea_cycle,2
PWY-2942:_L-lysine_biosynthesis_III,PWY-5030:_L-histidine_degradation_III,10
PWY-2942:_L-lysine_biosynthesis_III,PWY-5097:_L-lysine_biosynthesis_VI,14
PWY-2942:_L-lysine_biosynthesis_III,PWY-5103:_L-isoleucine_biosynthesis_III,10
PWY-2942:_L-lysine_biosynthesis_III,PWY-5121:_superpathway_of_geranylgeranyl_diphosphate_biosynthesis_II_(via_MEP),2
PWY-2942:_L-lysine_biosynthesis_III,PWY-5154:_L-arginine_biosynthesis_III_(via_N-acetyl-L-citrulline),1
PWY-2942:_L-lysine_biosynthesis_III,PWY-5384:_sucrose_degradation_IV_(sucrose_phosphorylase),2
PWY-2942:_L-lysine_biosynthesis_III,PWY-5659:_GDP-mannose_biosynthesis,3
PWY-2942:_L-lysine_biosynthesis_III,PWY-5667:_CDP-diacylglycerol_biosynthesis_I,13
PWY-2942:_L-lysine_biosynthesis_III,PWY-5686:_UMP_biosynthesis_I,16
PWY-2942:_L-lysine_biosynthesis_III,PWY-5695:_inosine_5'-phosphate_degradation,15
PWY-2942:_L-lysine_biosynthesis_III,PWY-5941:_glycogen_degradation_II,5
PWY-2942:_L-lysine_biosynthesis_III,PWY-5973:_cis-vaccenate_biosynthesis,12
PWY-2942:_L-lysine_biosynthesis_III,PWY-5989:_stearate_biosynthesis_II_(bacteria_and_plants),3
PWY-2942:_L-lysine_biosynthesis_III,PWY-6121:_5-aminoimidazole_ribonucleotide_biosynthesis_I,18
PWY-2942:_L-lysine_biosynthesis_III,PWY-6122:_5-aminoimidazole_ribonucleotide_biosynthesis_II,18
PWY-2942:_L-lysine_biosynthesis_III,PWY-6123:_inosine-5'-phosphate_biosynthesis_I,15
PWY-2942:_L-lysine_biosynthesis_III,PWY-6124:_inosine-5'-phosphate_biosynthesis_II,15
PWY-2942:_L-lysine_biosynthesis_III,PWY-6125:_superpathway_of_guanosine_nucleotides_de_novo_biosynthesis_II,10
PWY-2942:_L-lysine_biosynthesis_III,PWY-6126:_superpathway_of_adenosine_nucleotides_de_novo_biosynthesis_II,9
PWY-2942:_L-lysine_biosynthesis_III,PWY-6143:_CMP-pseudaminate_biosynthesis,1
PWY-2942:_L-lysine_biosynthesis_III,PWY-6147:_6-hydroxymethyl-dihydropterin_diphosphate_biosynthesis_I,9
PWY-2942:_L-lysine_biosynthesis_III,PWY-6151:_S-adenosyl-L-methionine_salvage_I,6
PWY-2942:_L-lysine_biosynthesis_III,PWY-6163:_chorismate_biosynthesis_from_3-dehydroquinate,16
PWY-2942:_L-lysine_biosynthesis_III,PWY-621:_sucrose_degradation_III_(sucrose_invertase),2
PWY-2942:_L-lysine_biosynthesis_III,PWY-6270:_isoprene_biosynthesis_I,5
PWY-2942:_L-lysine_biosynthesis_III,PWY-6277:_superpathway_of_5-aminoimidazole_ribonucleotide_biosynthesis,18
PWY-2942:_L-lysine_biosynthesis_III,PWY-6282:_palmitoleate_biosynthesis_I_(from_(5Z)-dodec-5-enoate),3
PWY-2942:_L-lysine_biosynthesis_III,PWY-6317:_D-galactose_degradation_I_(Leloir_pathway),2
PWY-2942:_L-lysine_biosynthesis_III,PWY-6385:_peptidoglycan_biosynthesis_III_(mycobacteria),15
PWY-2942:_L-lysine_biosynthesis_III,PWY-6386:_UDP-N-acetylmuramoyl-pentapeptide_biosynthesis_II_(lysine-containing),16
PWY-2942:_L-lysine_biosynthesis_III,PWY-6387:_UDP-N-acetylmuramoyl-pentapeptide_biosynthesis_I_(meso-diaminopimelate_containing),16
PWY-2942:_L-lysine_biosynthesis_III,PWY-6519:_8-amino-7-oxononanoate_biosynthesis_I,1
PWY-2942:_L-lysine_biosynthesis_III,PWY-6527:_stachyose_degradation,1
PWY-2942:_L-lysine_biosynthesis_III,PWY-6572:_chondroitin_sulfate_degradation_I_(bacterial),1
PWY-2942:_L-lysine_biosynthesis_III,PWY-6608:_guanosine_nucleotides_degradation_III,3
PWY-2942:_L-lysine_biosynthesis_III,PWY-6609:_adenine_and_adenosine_salvage_III,17
PWY-2942:_L-lysine_biosynthesis_III,PWY-6628:_superpathway_of_L-phenylalanine_biosynthesis,1
PWY-2942:_L-lysine_biosynthesis_III,PWY-6630:_superpathway_of_L-tyrosine_biosynthesis,1
PWY-2942:_L-lysine_biosynthesis_III,PWY-6700:_queuosine_biosynthesis_I_(de_novo),15
PWY-2942:_L-lysine_biosynthesis_III,PWY-6703:_preQ0_biosynthesis,14
PWY-2942:_L-lysine_biosynthesis_III,PWY-6731:_starch_degradation_III,1
PWY-2942:_L-lysine_biosynthesis_III,PWY-6897:_thiamine_diphosphate_salvage_II,3
PWY-2942:_L-lysine_biosynthesis_III,PWY-6902:_chitin_degradation_II_(Vibrio),5
PWY-2942:_L-lysine_biosynthesis_III,PWY-6936:_seleno-amino_acid_biosynthesis_(plants),1
PWY-2942:_L-lysine_biosynthesis_III,PWY-7111:_pyruvate_fermentation_to_isobutanol_(engineered),5
PWY-2942:_L-lysine_biosynthesis_III,PWY-7199:_pyrimidine_deoxyribonucleosides_salvage,10
PWY-2942:_L-lysine_biosynthesis_III,PWY-7208:_superpathway_of_pyrimidine_nucleobases_salvage,1
PWY-2942:_L-lysine_biosynthesis_III,PWY-7220:_adenosine_deoxyribonucleotides_de_novo_biosynthesis_II,10
PWY-2942:_L-lysine_biosynthesis_III,PWY-7221:_guanosine_ribonucleotides_de_novo_biosynthesis,17
PWY-2942:_L-lysine_biosynthesis_III,PWY-7222:_guanosine_deoxyribonucleotides_de_novo_biosynthesis_II,10
PWY-2942:_L-lysine_biosynthesis_III,PWY-7228:_superpathway_of_guanosine_nucleotides_de_novo_biosynthesis_I,10
PWY-2942:_L-lysine_biosynthesis_III,PWY-7229:_superpathway_of_adenosine_nucleotides_de_novo_biosynthesis_I,9
PWY-2942:_L-lysine_biosynthesis_III,PWY-7234:_inosine-5'-phosphate_biosynthesis_III,2
PWY-2942:_L-lysine_biosynthesis_III,PWY-7237:_myo-,_chiro-_and_scyllo-inositol_degradation,4
PWY-2942:_L-lysine_biosynthesis_III,PWY-7238:_sucrose_biosynthesis_II,8
PWY-2942:_L-lysine_biosynthesis_III,PWY-724:_superpathway_of_L-lysine,_L-threonine_and_L-methionine_biosynthesis_II,2
PWY-2942:_L-lysine_biosynthesis_III,PWY-7282:_4-amino-2-methyl-5-diphosphomethylpyrimidine_biosynthesis_II,3
PWY-2942:_L-lysine_biosynthesis_III,PWY-7312:_dTDP-&beta;-D-fucofuranose_biosynthesis,1
PWY-2942:_L-lysine_biosynthesis_III,PWY-7315:_dTDP-N-acetylthomosamine_biosynthesis,1
PWY-2942:_L-lysine_biosynthesis_III,PWY-7316:_dTDP-N-acetylviosamine_biosynthesis,1
PWY-2942:_L-lysine_biosynthesis_III,PWY-7357:_thiamine_phosphate_formation_from_pyrithiamine_and_oxythiamine_(yeast),5
PWY-2942:_L-lysine_biosynthesis_III,PWY-7456:_&beta;-(1,4)-mannan_degradation,1
PWY-2942:_L-lysine_biosynthesis_III,PWY-7560:_methylerythritol_phosphate_pathway_II,5
PWY-2942:_L-lysine_biosynthesis_III,PWY-7663:_gondoate_biosynthesis_(anaerobic),12
PWY-2942:_L-lysine_biosynthesis_III,PWY-7664:_oleate_biosynthesis_IV_(anaerobic),3
PWY-2942:_L-lysine_biosynthesis_III,PWY-7688:_dTDP-&alpha;-D-ravidosamine_and_dTDP-4-acetyl-&alpha;-D-ravidosamine_biosynthesis,2
PWY-2942:_L-lysine_biosynthesis_III,PWY-7790:_UMP_biosynthesis_II,16
PWY-2942:_L-lysine_biosynthesis_III,PWY-7791:_UMP_biosynthesis_III,16
PWY-2942:_L-lysine_biosynthesis_III,PWY-7851:_coenzyme_A_biosynthesis_II_(eukaryotic),14
PWY-2942:_L-lysine_biosynthesis_III,PWY-7953:_UDP-N-acetylmuramoyl-pentapeptide_biosynthesis_III_(meso-diaminopimelate_containing),16
PWY-2942:_L-lysine_biosynthesis_III,PWY-7977:_L-methionine_biosynthesis_IV,18
PWY-2942:_L-lysine_biosynthesis_III,PWY-8004:_Entner-Doudoroff_pathway_I,1
PWY-2942:_L-lysine_biosynthesis_III,PWY-8073:_lipid_IVA_biosynthesis_(P._putida),4
PWY-2942:_L-lysine_biosynthesis_III,PWY-8178:_pentose_phosphate_pathway_(non-oxidative_branch)_II,4
PWY-2942:_L-lysine_biosynthesis_III,PWY-8187:_L-arginine_degradation_XIII_(reductive_Stickland_reaction),1
PWY-2942:_L-lysine_biosynthesis_III,PWY0-1241:_ADP-L-glycero-&beta;-D-manno-heptose_biosynthesis,1
PWY-2942:_L-lysine_biosynthesis_III,PWY0-1296:_purine_ribonucleosides_degradation,1
PWY-2942:_L-lysine_biosynthesis_III,PWY0-1319:_CDP-diacylglycerol_biosynthesis_II,13
PWY-2942:_L-lysine_biosynthesis_III,PWY0-1586:_peptidoglycan_maturation_(meso-diaminopimelate_containing),9
PWY-2942:_L-lysine_biosynthesis_III,PWY0-162:_superpathway_of_pyrimidine_ribonucleotides_de_novo_biosynthesis,2
PWY-2942:_L-lysine_biosynthesis_III,PWY0-845:_superpathway_of_pyridoxal_5'-phosphate_biosynthesis_and_salvage,6
PWY-2942:_L-lysine_biosynthesis_III,PWY0-862:_(5Z)-dodecenoate_biosynthesis_I,3
PWY-2942:_L-lysine_biosynthesis_III,PWY66-429:_fatty_acid_biosynthesis_initiation_(mitochondria),13
PWY-2942:_L-lysine_biosynthesis_III,PYRIDNUCSYN-PWY:_NAD_de_novo_biosynthesis_I_(from_aspartate),9
PWY-2942:_L-lysine_biosynthesis_III,PYRIDOXSYN-PWY:_pyridoxal_5'-phosphate_biosynthesis_I,7
PWY-2942:_L-lysine_biosynthesis_III,RHAMCAT-PWY:_L-rhamnose_degradation_I,8
PWY-2942:_L-lysine_biosynthesis_III,RIBOSYN2-PWY:_flavin_biosynthesis_I_(bacteria_and_plants),8
PWY-2942:_L-lysine_biosynthesis_III,SER-GLYSYN-PWY:_superpathway_of_L-serine_and_glycine_biosynthesis_I,14
PWY-2942:_L-lysine_biosynthesis_III,THISYNARA-PWY:_superpathway_of_thiamine_diphosphate_biosynthesis_III_(eukaryotes),3
PWY-2942:_L-lysine_biosynthesis_III,THRESYN-PWY:_superpathway_of_L-threonine_biosynthesis,6
PWY-2942:_L-lysine_biosynthesis_III,TRNA-CHARGING-PWY:_tRNA_charging,13
PWY-2942:_L-lysine_biosynthesis_III,UDPNAGSYN-PWY:_UDP-N-acetyl-D-glucosamine_biosynthesis_I,2
PWY-2942:_L-lysine_biosynthesis_III,VALSYN-PWY:_L-valine_biosynthesis,17
PWY-3841:_folate_transformations_II_(plants),PWY-4984:_urea_cycle,1
PWY-3841:_folate_transformations_II_(plants),PWY-5030:_L-histidine_degradation_III,9
PWY-3841:_folate_transformations_II_(plants),PWY-5097:_L-lysine_biosynthesis_VI,13
PWY-3841:_folate_transformations_II_(plants),PWY-5100:_pyruvate_fermentation_to_acetate_and_lactate_II,4
PWY-3841:_folate_transformations_II_(plants),PWY-5103:_L-isoleucine_biosynthesis_III,13
PWY-3841:_folate_transformations_II_(plants),PWY-5121:_superpathway_of_geranylgeranyl_diphosphate_biosynthesis_II_(via_MEP),2
PWY-3841:_folate_transformations_II_(plants),PWY-5130:_2-oxobutanoate_degradation_I,1
PWY-3841:_folate_transformations_II_(plants),PWY-5154:_L-arginine_biosynthesis_III_(via_N-acetyl-L-citrulline),1
PWY-3841:_folate_transformations_II_(plants),PWY-5188:_tetrapyrrole_biosynthesis_I_(from_glutamate),1
PWY-3841:_folate_transformations_II_(plants),PWY-5384:_sucrose_degradation_IV_(sucrose_phosphorylase),3
PWY-3841:_folate_transformations_II_(plants),PWY-5659:_GDP-mannose_biosynthesis,3
PWY-3841:_folate_transformations_II_(plants),PWY-5667:_CDP-diacylglycerol_biosynthesis_I,15
PWY-3841:_folate_transformations_II_(plants),PWY-5686:_UMP_biosynthesis_I,20
PWY-3841:_folate_transformations_II_(plants),PWY-5695:_inosine_5'-phosphate_degradation,15
PWY-3841:_folate_transformations_II_(plants),PWY-5941:_glycogen_degradation_II,7
PWY-3841:_folate_transformations_II_(plants),PWY-5973:_cis-vaccenate_biosynthesis,11
PWY-3841:_folate_transformations_II_(plants),PWY-5989:_stearate_biosynthesis_II_(bacteria_and_plants),2
PWY-3841:_folate_transformations_II_(plants),PWY-6121:_5-aminoimidazole_ribonucleotide_biosynthesis_I,19
PWY-3841:_folate_transformations_II_(plants),PWY-6122:_5-aminoimidazole_ribonucleotide_biosynthesis_II,19
PWY-3841:_folate_transformations_II_(plants),PWY-6123:_inosine-5'-phosphate_biosynthesis_I,16
PWY-3841:_folate_transformations_II_(plants),PWY-6124:_inosine-5'-phosphate_biosynthesis_II,16
PWY-3841:_folate_transformations_II_(plants),PWY-6125:_superpathway_of_guanosine_nucleotides_de_novo_biosynthesis_II,9
PWY-3841:_folate_transformations_II_(plants),PWY-6126:_superpathway_of_adenosine_nucleotides_de_novo_biosynthesis_II,9
PWY-3841:_folate_transformations_II_(plants),PWY-6143:_CMP-pseudaminate_biosynthesis,1
PWY-3841:_folate_transformations_II_(plants),PWY-6147:_6-hydroxymethyl-dihydropterin_diphosphate_biosynthesis_I,9
PWY-3841:_folate_transformations_II_(plants),PWY-6151:_S-adenosyl-L-methionine_salvage_I,8
PWY-3841:_folate_transformations_II_(plants),PWY-6163:_chorismate_biosynthesis_from_3-dehydroquinate,18
PWY-3841:_folate_transformations_II_(plants),PWY-621:_sucrose_degradation_III_(sucrose_invertase),3
PWY-3841:_folate_transformations_II_(plants),PWY-6270:_isoprene_biosynthesis_I,4
PWY-3841:_folate_transformations_II_(plants),PWY-6277:_superpathway_of_5-aminoimidazole_ribonucleotide_biosynthesis,19
PWY-3841:_folate_transformations_II_(plants),PWY-6282:_palmitoleate_biosynthesis_I_(from_(5Z)-dodec-5-enoate),2
PWY-3841:_folate_transformations_II_(plants),PWY-6317:_D-galactose_degradation_I_(Leloir_pathway),4
PWY-3841:_folate_transformations_II_(plants),PWY-6385:_peptidoglycan_biosynthesis_III_(mycobacteria),17
PWY-3841:_folate_transformations_II_(plants),PWY-6386:_UDP-N-acetylmuramoyl-pentapeptide_biosynthesis_II_(lysine-containing),18
PWY-3841:_folate_transformations_II_(plants),PWY-6387:_UDP-N-acetylmuramoyl-pentapeptide_biosynthesis_I_(meso-diaminopimelate_containing),20
PWY-3841:_folate_transformations_II_(plants),PWY-6519:_8-amino-7-oxononanoate_biosynthesis_I,1
PWY-3841:_folate_transformations_II_(plants),PWY-6527:_stachyose_degradation,3
PWY-3841:_folate_transformations_II_(plants),PWY-6572:_chondroitin_sulfate_degradation_I_(bacterial),1
PWY-3841:_folate_transformations_II_(plants),PWY-6606:_guanosine_nucleotides_degradation_II,1
PWY-3841:_folate_transformations_II_(plants),PWY-6608:_guanosine_nucleotides_degradation_III,4
PWY-3841:_folate_transformations_II_(plants),PWY-6609:_adenine_and_adenosine_salvage_III,19
PWY-3841:_folate_transformations_II_(plants),PWY-6630:_superpathway_of_L-tyrosine_biosynthesis,1
PWY-3841:_folate_transformations_II_(plants),PWY-6700:_queuosine_biosynthesis_I_(de_novo),18
PWY-3841:_folate_transformations_II_(plants),PWY-6703:_preQ0_biosynthesis,13
PWY-3841:_folate_transformations_II_(plants),PWY-6823:_molybdopterin_biosynthesis,3
PWY-3841:_folate_transformations_II_(plants),PWY-6897:_thiamine_diphosphate_salvage_II,4
PWY-3841:_folate_transformations_II_(plants),PWY-6902:_chitin_degradation_II_(Vibrio),4
PWY-3841:_folate_transformations_II_(plants),PWY-6936:_seleno-amino_acid_biosynthesis_(plants),1
PWY-3841:_folate_transformations_II_(plants),PWY-7111:_pyruvate_fermentation_to_isobutanol_(engineered),8
PWY-3841:_folate_transformations_II_(plants),PWY-7199:_pyrimidine_deoxyribonucleosides_salvage,11
PWY-3841:_folate_transformations_II_(plants),PWY-7208:_superpathway_of_pyrimidine_nucleobases_salvage,2
PWY-3841:_folate_transformations_II_(plants),PWY-7220:_adenosine_deoxyribonucleotides_de_novo_biosynthesis_II,9
PWY-3841:_folate_transformations_II_(plants),PWY-7221:_guanosine_ribonucleotides_de_novo_biosynthesis,19
PWY-3841:_folate_transformations_II_(plants),PWY-7222:_guanosine_deoxyribonucleotides_de_novo_biosynthesis_II,9
PWY-3841:_folate_transformations_II_(plants),PWY-7228:_superpathway_of_guanosine_nucleotides_de_novo_biosynthesis_I,9
PWY-3841:_folate_transformations_II_(plants),PWY-7229:_superpathway_of_adenosine_nucleotides_de_novo_biosynthesis_I,9
PWY-3841:_folate_transformations_II_(plants),PWY-7234:_inosine-5'-phosphate_biosynthesis_III,2
PWY-3841:_folate_transformations_II_(plants),PWY-7237:_myo-,_chiro-_and_scyllo-inositol_degradation,7
PWY-3841:_folate_transformations_II_(plants),PWY-7238:_sucrose_biosynthesis_II,11
PWY-3841:_folate_transformations_II_(plants),PWY-724:_superpathway_of_L-lysine,_L-threonine_and_L-methionine_biosynthesis_II,2
PWY-3841:_folate_transformations_II_(plants),PWY-7282:_4-amino-2-methyl-5-diphosphomethylpyrimidine_biosynthesis_II,3
PWY-3841:_folate_transformations_II_(plants),PWY-7312:_dTDP-&beta;-D-fucofuranose_biosynthesis,1
PWY-3841:_folate_transformations_II_(plants),PWY-7315:_dTDP-N-acetylthomosamine_biosynthesis,2
PWY-3841:_folate_transformations_II_(plants),PWY-7316:_dTDP-N-acetylviosamine_biosynthesis,1
PWY-3841:_folate_transformations_II_(plants),PWY-7357:_thiamine_phosphate_formation_from_pyrithiamine_and_oxythiamine_(yeast),8
PWY-3841:_folate_transformations_II_(plants),PWY-7456:_&beta;-(1,4)-mannan_degradation,1
PWY-3841:_folate_transformations_II_(plants),PWY-7560:_methylerythritol_phosphate_pathway_II,4
PWY-3841:_folate_transformations_II_(plants),PWY-7663:_gondoate_biosynthesis_(anaerobic),11
PWY-3841:_folate_transformations_II_(plants),PWY-7664:_oleate_biosynthesis_IV_(anaerobic),2
PWY-3841:_folate_transformations_II_(plants),PWY-7688:_dTDP-&alpha;-D-ravidosamine_and_dTDP-4-acetyl-&alpha;-D-ravidosamine_biosynthesis,1
PWY-3841:_folate_transformations_II_(plants),PWY-7790:_UMP_biosynthesis_II,20
PWY-3841:_folate_transformations_II_(plants),PWY-7791:_UMP_biosynthesis_III,20
PWY-3841:_folate_transformations_II_(plants),PWY-7851:_coenzyme_A_biosynthesis_II_(eukaryotic),18
PWY-3841:_folate_transformations_II_(plants),PWY-7953:_UDP-N-acetylmuramoyl-pentapeptide_biosynthesis_III_(meso-diaminopimelate_containing),18
PWY-3841:_folate_transformations_II_(plants),PWY-7977:_L-methionine_biosynthesis_IV,16
PWY-3841:_folate_transformations_II_(plants),PWY-8004:_Entner-Doudoroff_pathway_I,1
PWY-3841:_folate_transformations_II_(plants),PWY-8073:_lipid_IVA_biosynthesis_(P._putida),3
PWY-3841:_folate_transformations_II_(plants),PWY-8178:_pentose_phosphate_pathway_(non-oxidative_branch)_II,7
PWY-3841:_folate_transformations_II_(plants),PWY-8187:_L-arginine_degradation_XIII_(reductive_Stickland_reaction),1
PWY-3841:_folate_transformations_II_(plants),PWY0-1061:_superpathway_of_L-alanine_biosynthesis,2
PWY-3841:_folate_transformations_II_(plants),PWY0-1296:_purine_ribonucleosides_degradation,3
PWY-3841:_folate_transformations_II_(plants),PWY0-1319:_CDP-diacylglycerol_biosynthesis_II,15
PWY-3841:_folate_transformations_II_(plants),PWY0-1586:_peptidoglycan_maturation_(meso-diaminopimelate_containing),9
PWY-3841:_folate_transformations_II_(plants),PWY0-162:_superpathway_of_pyrimidine_ribonucleotides_de_novo_biosynthesis,2
PWY-3841:_folate_transformations_II_(plants),PWY0-845:_superpathway_of_pyridoxal_5'-phosphate_biosynthesis_and_salvage,6
PWY-3841:_folate_transformations_II_(plants),PWY0-862:_(5Z)-dodecenoate_biosynthesis_I,2
PWY-3841:_folate_transformations_II_(plants),PWY4FS-7:_phosphatidylglycerol_biosynthesis_I_(plastidic),1
PWY-3841:_folate_transformations_II_(plants),PWY4FS-8:_phosphatidylglycerol_biosynthesis_II_(non-plastidic),1
PWY-3841:_folate_transformations_II_(plants),PWY66-429:_fatty_acid_biosynthesis_initiation_(mitochondria),11
PWY-3841:_folate_transformations_II_(plants),PYRIDNUCSYN-PWY:_NAD_de_novo_biosynthesis_I_(from_aspartate),9
PWY-3841:_folate_transformations_II_(plants),PYRIDOXSYN-PWY:_pyridoxal_5'-phosphate_biosynthesis_I,7
PWY-3841:_folate_transformations_II_(plants),RHAMCAT-PWY:_L-rhamnose_degradation_I,8
PWY-3841:_folate_transformations_II_(plants),RIBOSYN2-PWY:_flavin_biosynthesis_I_(bacteria_and_plants),9
PWY-3841:_folate_transformations_II_(plants),SER-GLYSYN-PWY:_superpathway_of_L-serine_and_glycine_biosynthesis_I,16
PWY-3841:_folate_transformations_II_(plants),THISYNARA-PWY:_superpathway_of_thiamine_diphosphate_biosynthesis_III_(eukaryotes),7
PWY-3841:_folate_transformations_II_(plants),THRESYN-PWY:_superpathway_of_L-threonine_biosynthesis,5
PWY-3841:_folate_transformations_II_(plants),TRNA-CHARGING-PWY:_tRNA_charging,15
PWY-3841:_folate_transformations_II_(plants),UDPNAGSYN-PWY:_UDP-N-acetyl-D-glucosamine_biosynthesis_I,3
PWY-3841:_folate_transformations_II_(plants),VALSYN-PWY:_L-valine_biosynthesis,19
PWY-4984:_urea_cycle,PWY-5030:_L-histidine_degradation_III,2
PWY-4984:_urea_cycle,PWY-5097:_L-lysine_biosynthesis_VI,2
PWY-4984:_urea_cycle,PWY-5154:_L-arginine_biosynthesis_III_(via_N-acetyl-L-citrulline),1
PWY-4984:_urea_cycle,PWY-5667:_CDP-diacylglycerol_biosynthesis_I,2
PWY-4984:_urea_cycle,PWY-5686:_UMP_biosynthesis_I,2
PWY-4984:_urea_cycle,PWY-5695:_inosine_5'-phosphate_degradation,2
PWY-4984:_urea_cycle,PWY-5973:_cis-vaccenate_biosynthesis,2
PWY-4984:_urea_cycle,PWY-5989:_stearate_biosynthesis_II_(bacteria_and_plants),2
PWY-4984:_urea_cycle,PWY-6121:_5-aminoimidazole_ribonucleotide_biosynthesis_I,2
PWY-4984:_urea_cycle,PWY-6122:_5-aminoimidazole_ribonucleotide_biosynthesis_II,2
PWY-4984:_urea_cycle,PWY-6123:_inosine-5'-phosphate_biosynthesis_I,2
PWY-4984:_urea_cycle,PWY-6124:_inosine-5'-phosphate_biosynthesis_II,2
PWY-4984:_urea_cycle,PWY-6163:_chorismate_biosynthesis_from_3-dehydroquinate,1
PWY-4984:_urea_cycle,PWY-6277:_superpathway_of_5-aminoimidazole_ribonucleotide_biosynthesis,2
PWY-4984:_urea_cycle,PWY-6282:_palmitoleate_biosynthesis_I_(from_(5Z)-dodec-5-enoate),2
PWY-4984:_urea_cycle,PWY-6385:_peptidoglycan_biosynthesis_III_(mycobacteria),1
PWY-4984:_urea_cycle,PWY-6386:_UDP-N-acetylmuramoyl-pentapeptide_biosynthesis_II_(lysine-containing),1
PWY-4984:_urea_cycle,PWY-6387:_UDP-N-acetylmuramoyl-pentapeptide_biosynthesis_I_(meso-diaminopimelate_containing),2
PWY-4984:_urea_cycle,PWY-6609:_adenine_and_adenosine_salvage_III,2
PWY-4984:_urea_cycle,PWY-7221:_guanosine_ribonucleotides_de_novo_biosynthesis,2
PWY-4984:_urea_cycle,PWY-7234:_inosine-5'-phosphate_biosynthesis_III,2
PWY-4984:_urea_cycle,PWY-7663:_gondoate_biosynthesis_(anaerobic),2
PWY-4984:_urea_cycle,PWY-7664:_oleate_biosynthesis_IV_(anaerobic),2
PWY-4984:_urea_cycle,PWY-7790:_UMP_biosynthesis_II,2
PWY-4984:_urea_cycle,PWY-7791:_UMP_biosynthesis_III,2
PWY-4984:_urea_cycle,PWY-7851:_coenzyme_A_biosynthesis_II_(eukaryotic),1
PWY-4984:_urea_cycle,PWY-7953:_UDP-N-acetylmuramoyl-pentapeptide_biosynthesis_III_(meso-diaminopimelate_containing),2
PWY-4984:_urea_cycle,PWY-7977:_L-methionine_biosynthesis_IV,2
PWY-4984:_urea_cycle,PWY0-1319:_CDP-diacylglycerol_biosynthesis_II,2
PWY-4984:_urea_cycle,PWY0-862:_(5Z)-dodecenoate_biosynthesis_I,2
PWY-4984:_urea_cycle,PYRIDNUCSYN-PWY:_NAD_de_novo_biosynthesis_I_(from_aspartate),1
PWY-4984:_urea_cycle,SER-GLYSYN-PWY:_superpathway_of_L-serine_and_glycine_biosynthesis_I,2
PWY-4984:_urea_cycle,TRNA-CHARGING-PWY:_tRNA_charging,1
PWY-4984:_urea_cycle,VALSYN-PWY:_L-valine_biosynthesis,2
PWY-5030:_L-histidine_degradation_III,PWY-5097:_L-lysine_biosynthesis_VI,7
PWY-5030:_L-histidine_degradation_III,PWY-5103:_L-isoleucine_biosynthesis_III,6
PWY-5030:_L-histidine_degradation_III,PWY-5121:_superpathway_of_geranylgeranyl_diphosphate_biosynthesis_II_(via_MEP),2
PWY-5030:_L-histidine_degradation_III,PWY-5130:_2-oxobutanoate_degradation_I,1
PWY-5030:_L-histidine_degradation_III,PWY-5154:_L-arginine_biosynthesis_III_(via_N-acetyl-L-citrulline),1
PWY-5030:_L-histidine_degradation_III,PWY-5384:_sucrose_degradation_IV_(sucrose_phosphorylase),2
PWY-5030:_L-histidine_degradation_III,PWY-5484:_glycolysis_II_(from_fructose_6-phosphate),1
PWY-5030:_L-histidine_degradation_III,PWY-5659:_GDP-mannose_biosynthesis,2
PWY-5030:_L-histidine_degradation_III,PWY-5667:_CDP-diacylglycerol_biosynthesis_I,9
PWY-5030:_L-histidine_degradation_III,PWY-5686:_UMP_biosynthesis_I,10
PWY-5030:_L-histidine_degradation_III,PWY-5695:_inosine_5'-phosphate_degradation,11
PWY-5030:_L-histidine_degradation_III,PWY-5941:_glycogen_degradation_II,3
PWY-5030:_L-histidine_degradation_III,PWY-5973:_cis-vaccenate_biosynthesis,7
PWY-5030:_L-histidine_degradation_III,PWY-5989:_stearate_biosynthesis_II_(bacteria_and_plants),2
PWY-5030:_L-histidine_degradation_III,PWY-6121:_5-aminoimidazole_ribonucleotide_biosynthesis_I,11
PWY-5030:_L-histidine_degradation_III,PWY-6122:_5-aminoimidazole_ribonucleotide_biosynthesis_II,11
PWY-5030:_L-histidine_degradation_III,PWY-6123:_inosine-5'-phosphate_biosynthesis_I,10
PWY-5030:_L-histidine_degradation_III,PWY-6124:_inosine-5'-phosphate_biosynthesis_II,10
PWY-5030:_L-histidine_degradation_III,PWY-6125:_superpathway_of_guanosine_nucleotides_de_novo_biosynthesis_II,5
PWY-5030:_L-histidine_degradation_III,PWY-6126:_superpathway_of_adenosine_nucleotides_de_novo_biosynthesis_II,5
PWY-5030:_L-histidine_degradation_III,PWY-6143:_CMP-pseudaminate_biosynthesis,1
PWY-5030:_L-histidine_degradation_III,PWY-6147:_6-hydroxymethyl-dihydropterin_diphosphate_biosynthesis_I,8
PWY-5030:_L-histidine_degradation_III,PWY-6151:_S-adenosyl-L-methionine_salvage_I,3
PWY-5030:_L-histidine_degradation_III,PWY-6163:_chorismate_biosynthesis_from_3-dehydroquinate,10
PWY-5030:_L-histidine_degradation_III,PWY-621:_sucrose_degradation_III_(sucrose_invertase),3
PWY-5030:_L-histidine_degradation_III,PWY-6270:_isoprene_biosynthesis_I,4
PWY-5030:_L-histidine_degradation_III,PWY-6277:_superpathway_of_5-aminoimidazole_ribonucleotide_biosynthesis,11
PWY-5030:_L-histidine_degradation_III,PWY-6282:_palmitoleate_biosynthesis_I_(from_(5Z)-dodec-5-enoate),2
PWY-5030:_L-histidine_degradation_III,PWY-6385:_peptidoglycan_biosynthesis_III_(mycobacteria),9
PWY-5030:_L-histidine_degradation_III,PWY-6386:_UDP-N-acetylmuramoyl-pentapeptide_biosynthesis_II_(lysine-containing),9
PWY-5030:_L-histidine_degradation_III,PWY-6387:_UDP-N-acetylmuramoyl-pentapeptide_biosynthesis_I_(meso-diaminopimelate_containing),10
PWY-5030:_L-histidine_degradation_III,PWY-6572:_chondroitin_sulfate_degradation_I_(bacterial),1
PWY-5030:_L-histidine_degradation_III,PWY-6608:_guanosine_nucleotides_degradation_III,2
PWY-5030:_L-histidine_degradation_III,PWY-6609:_adenine_and_adenosine_salvage_III,12
PWY-5030:_L-histidine_degradation_III,PWY-6700:_queuosine_biosynthesis_I_(de_novo),8
PWY-5030:_L-histidine_degradation_III,PWY-6703:_preQ0_biosynthesis,9
PWY-5030:_L-histidine_degradation_III,PWY-6897:_thiamine_diphosphate_salvage_II,4
PWY-5030:_L-histidine_degradation_III,PWY-6902:_chitin_degradation_II_(Vibrio),3
PWY-5030:_L-histidine_degradation_III,PWY-7111:_pyruvate_fermentation_to_isobutanol_(engineered),2
PWY-5030:_L-histidine_degradation_III,PWY-7199:_pyrimidine_deoxyribonucleosides_salvage,7
PWY-5030:_L-histidine_degradation_III,PWY-7220:_adenosine_deoxyribonucleotides_de_novo_biosynthesis_II,5
PWY-5030:_L-histidine_degradation_III,PWY-7221:_guanosine_ribonucleotides_de_novo_biosynthesis,12
PWY-5030:_L-histidine_degradation_III,PWY-7222:_guanosine_deoxyribonucleotides_de_novo_biosynthesis_II,5
PWY-5030:_L-histidine_degradation_III,PWY-7228:_superpathway_of_guanosine_nucleotides_de_novo_biosynthesis_I,5
PWY-5030:_L-histidine_degradation_III,PWY-7229:_superpathway_of_adenosine_nucleotides_de_novo_biosynthesis_I,5
PWY-5030:_L-histidine_degradation_III,PWY-7234:_inosine-5'-phosphate_biosynthesis_III,3
PWY-5030:_L-histidine_degradation_III,PWY-7237:_myo-,_chiro-_and_scyllo-inositol_degradation,3
PWY-5030:_L-histidine_degradation_III,PWY-7238:_sucrose_biosynthesis_II,4
PWY-5030:_L-histidine_degradation_III,PWY-724:_superpathway_of_L-lysine,_L-threonine_and_L-methionine_biosynthesis_II,1
PWY-5030:_L-histidine_degradation_III,PWY-7282:_4-amino-2-methyl-5-diphosphomethylpyrimidine_biosynthesis_II,3
PWY-5030:_L-histidine_degradation_III,PWY-7312:_dTDP-&beta;-D-fucofuranose_biosynthesis,1
PWY-5030:_L-histidine_degradation_III,PWY-7315:_dTDP-N-acetylthomosamine_biosynthesis,1
PWY-5030:_L-histidine_degradation_III,PWY-7357:_thiamine_phosphate_formation_from_pyrithiamine_and_oxythiamine_(yeast),4
PWY-5030:_L-histidine_degradation_III,PWY-7560:_methylerythritol_phosphate_pathway_II,4
PWY-5030:_L-histidine_degradation_III,PWY-7663:_gondoate_biosynthesis_(anaerobic),7
PWY-5030:_L-histidine_degradation_III,PWY-7664:_oleate_biosynthesis_IV_(anaerobic),2
PWY-5030:_L-histidine_degradation_III,PWY-7790:_UMP_biosynthesis_II,10
PWY-5030:_L-histidine_degradation_III,PWY-7791:_UMP_biosynthesis_III,10
PWY-5030:_L-histidine_degradation_III,PWY-7851:_coenzyme_A_biosynthesis_II_(eukaryotic),10
PWY-5030:_L-histidine_degradation_III,PWY-7953:_UDP-N-acetylmuramoyl-pentapeptide_biosynthesis_III_(meso-diaminopimelate_containing),10
PWY-5030:_L-histidine_degradation_III,PWY-7977:_L-methionine_biosynthesis_IV,12
PWY-5030:_L-histidine_degradation_III,PWY-8073:_lipid_IVA_biosynthesis_(P._putida),2
PWY-5030:_L-histidine_degradation_III,PWY-8178:_pentose_phosphate_pathway_(non-oxidative_branch)_II,1
PWY-5030:_L-histidine_degradation_III,PWY0-1319:_CDP-diacylglycerol_biosynthesis_II,9
PWY-5030:_L-histidine_degradation_III,PWY0-1586:_peptidoglycan_maturation_(meso-diaminopimelate_containing),8
PWY-5030:_L-histidine_degradation_III,PWY0-162:_superpathway_of_pyrimidine_ribonucleotides_de_novo_biosynthesis,2
PWY-5030:_L-histidine_degradation_III,PWY0-845:_superpathway_of_pyridoxal_5'-phosphate_biosynthesis_and_salvage,4
PWY-5030:_L-histidine_degradation_III,PWY0-862:_(5Z)-dodecenoate_biosynthesis_I,2
PWY-5030:_L-histidine_degradation_III,PWY66-429:_fatty_acid_biosynthesis_initiation_(mitochondria),6
PWY-5030:_L-histidine_degradation_III,PYRIDNUCSYN-PWY:_NAD_de_novo_biosynthesis_I_(from_aspartate),9
PWY-5030:_L-histidine_degradation_III,PYRIDOXSYN-PWY:_pyridoxal_5'-phosphate_biosynthesis_I,5
PWY-5030:_L-histidine_degradation_III,RHAMCAT-PWY:_L-rhamnose_degradation_I,7
PWY-5030:_L-histidine_degradation_III,RIBOSYN2-PWY:_flavin_biosynthesis_I_(bacteria_and_plants),3
PWY-5030:_L-histidine_degradation_III,SER-GLYSYN-PWY:_superpathway_of_L-serine_and_glycine_biosynthesis_I,11
PWY-5030:_L-histidine_degradation_III,THISYNARA-PWY:_superpathway_of_thiamine_diphosphate_biosynthesis_III_(eukaryotes),4
PWY-5030:_L-histidine_degradation_III,THRESYN-PWY:_superpathway_of_L-threonine_biosynthesis,4
PWY-5030:_L-histidine_degradation_III,TRNA-CHARGING-PWY:_tRNA_charging,10
PWY-5030:_L-histidine_degradation_III,VALSYN-PWY:_L-valine_biosynthesis,10
PWY-5097:_L-lysine_biosynthesis_VI,PWY-5100:_pyruvate_fermentation_to_acetate_and_lactate_II,2
PWY-5097:_L-lysine_biosynthesis_VI,PWY-5103:_L-isoleucine_biosynthesis_III,11
PWY-5097:_L-lysine_biosynthesis_VI,PWY-5121:_superpathway_of_geranylgeranyl_diphosphate_biosynthesis_II_(via_MEP),1
PWY-5097:_L-lysine_biosynthesis_VI,PWY-5154:_L-arginine_biosynthesis_III_(via_N-acetyl-L-citrulline),1
PWY-5097:_L-lysine_biosynthesis_VI,PWY-5188:_tetrapyrrole_biosynthesis_I_(from_glutamate),1
PWY-5097:_L-lysine_biosynthesis_VI,PWY-5384:_sucrose_degradation_IV_(sucrose_phosphorylase),3
PWY-5097:_L-lysine_biosynthesis_VI,PWY-5659:_GDP-mannose_biosynthesis,4
PWY-5097:_L-lysine_biosynthesis_VI,PWY-5667:_CDP-diacylglycerol_biosynthesis_I,15
PWY-5097:_L-lysine_biosynthesis_VI,PWY-5686:_UMP_biosynthesis_I,15
PWY-5097:_L-lysine_biosynthesis_VI,PWY-5695:_inosine_5'-phosphate_degradation,13
PWY-5097:_L-lysine_biosynthesis_VI,PWY-5941:_glycogen_degradation_II,8
PWY-5097:_L-lysine_biosynthesis_VI,PWY-5973:_cis-vaccenate_biosynthesis,10
PWY-5097:_L-lysine_biosynthesis_VI,PWY-5989:_stearate_biosynthesis_II_(bacteria_and_plants),3
PWY-5097:_L-lysine_biosynthesis_VI,PWY-6121:_5-aminoimidazole_ribonucleotide_biosynthesis_I,17
PWY-5097:_L-lysine_biosynthesis_VI,PWY-6122:_5-aminoimidazole_ribonucleotide_biosynthesis_II,17
PWY-5097:_L-lysine_biosynthesis_VI,PWY-6123:_inosine-5'-phosphate_biosynthesis_I,14
PWY-5097:_L-lysine_biosynthesis_VI,PWY-6124:_inosine-5'-phosphate_biosynthesis_II,14
PWY-5097:_L-lysine_biosynthesis_VI,PWY-6125:_superpathway_of_guanosine_nucleotides_de_novo_biosynthesis_II,8
PWY-5097:_L-lysine_biosynthesis_VI,PWY-6126:_superpathway_of_adenosine_nucleotides_de_novo_biosynthesis_II,7
PWY-5097:_L-lysine_biosynthesis_VI,PWY-6143:_CMP-pseudaminate_biosynthesis,1
PWY-5097:_L-lysine_biosynthesis_VI,PWY-6147:_6-hydroxymethyl-dihydropterin_diphosphate_biosynthesis_I,8
PWY-5097:_L-lysine_biosynthesis_VI,PWY-6151:_S-adenosyl-L-methionine_salvage_I,6
PWY-5097:_L-lysine_biosynthesis_VI,PWY-6163:_chorismate_biosynthesis_from_3-dehydroquinate,16
PWY-5097:_L-lysine_biosynthesis_VI,PWY-621:_sucrose_degradation_III_(sucrose_invertase),2
PWY-5097:_L-lysine_biosynthesis_VI,PWY-6270:_isoprene_biosynthesis_I,4
PWY-5097:_L-lysine_biosynthesis_VI,PWY-6277:_superpathway_of_5-aminoimidazole_ribonucleotide_biosynthesis,17
PWY-5097:_L-lysine_biosynthesis_VI,PWY-6282:_palmitoleate_biosynthesis_I_(from_(5Z)-dodec-5-enoate),3
PWY-5097:_L-lysine_biosynthesis_VI,PWY-6317:_D-galactose_degradation_I_(Leloir_pathway),5
PWY-5097:_L-lysine_biosynthesis_VI,PWY-6385:_peptidoglycan_biosynthesis_III_(mycobacteria),12
PWY-5097:_L-lysine_biosynthesis_VI,PWY-6386:_UDP-N-acetylmuramoyl-pentapeptide_biosynthesis_II_(lysine-containing),14
PWY-5097:_L-lysine_biosynthesis_VI,PWY-6387:_UDP-N-acetylmuramoyl-pentapeptide_biosynthesis_I_(meso-diaminopimelate_containing),15
PWY-5097:_L-lysine_biosynthesis_VI,PWY-6507:_4-deoxy-L-threo-hex-4-enopyranuronate_degradation,1
PWY-5097:_L-lysine_biosynthesis_VI,PWY-6519:_8-amino-7-oxononanoate_biosynthesis_I,1
PWY-5097:_L-lysine_biosynthesis_VI,PWY-6527:_stachyose_degradation,3
PWY-5097:_L-lysine_biosynthesis_VI,PWY-6572:_chondroitin_sulfate_degradation_I_(bacterial),1
PWY-5097:_L-lysine_biosynthesis_VI,PWY-6606:_guanosine_nucleotides_degradation_II,1
PWY-5097:_L-lysine_biosynthesis_VI,PWY-6608:_guanosine_nucleotides_degradation_III,5
PWY-5097:_L-lysine_biosynthesis_VI,PWY-6609:_adenine_and_adenosine_salvage_III,15
PWY-5097:_L-lysine_biosynthesis_VI,PWY-6630:_superpathway_of_L-tyrosine_biosynthesis,1
PWY-5097:_L-lysine_biosynthesis_VI,PWY-6700:_queuosine_biosynthesis_I_(de_novo),14
PWY-5097:_L-lysine_biosynthesis_VI,PWY-6703:_preQ0_biosynthesis,10
PWY-5097:_L-lysine_biosynthesis_VI,PWY-6731:_starch_degradation_III,1
PWY-5097:_L-lysine_biosynthesis_VI,PWY-6823:_molybdopterin_biosynthesis,2
PWY-5097:_L-lysine_biosynthesis_VI,PWY-6897:_thiamine_diphosphate_salvage_II,4
PWY-5097:_L-lysine_biosynthesis_VI,PWY-6902:_chitin_degradation_II_(Vibrio),4
PWY-5097:_L-lysine_biosynthesis_VI,PWY-6936:_seleno-amino_acid_biosynthesis_(plants),1
PWY-5097:_L-lysine_biosynthesis_VI,PWY-7111:_pyruvate_fermentation_to_isobutanol_(engineered),6
PWY-5097:_L-lysine_biosynthesis_VI,PWY-7199:_pyrimidine_deoxyribonucleosides_salvage,8
PWY-5097:_L-lysine_biosynthesis_VI,PWY-7208:_superpathway_of_pyrimidine_nucleobases_salvage,2
PWY-5097:_L-lysine_biosynthesis_VI,PWY-7220:_adenosine_deoxyribonucleotides_de_novo_biosynthesis_II,8
PWY-5097:_L-lysine_biosynthesis_VI,PWY-7221:_guanosine_ribonucleotides_de_novo_biosynthesis,17
PWY-5097:_L-lysine_biosynthesis_VI,PWY-7222:_guanosine_deoxyribonucleotides_de_novo_biosynthesis_II,8
PWY-5097:_L-lysine_biosynthesis_VI,PWY-7228:_superpathway_of_guanosine_nucleotides_de_novo_biosynthesis_I,8
PWY-5097:_L-lysine_biosynthesis_VI,PWY-7229:_superpathway_of_adenosine_nucleotides_de_novo_biosynthesis_I,7
PWY-5097:_L-lysine_biosynthesis_VI,PWY-7234:_inosine-5'-phosphate_biosynthesis_III,2
PWY-5097:_L-lysine_biosynthesis_VI,PWY-7237:_myo-,_chiro-_and_scyllo-inositol_degradation,7
PWY-5097:_L-lysine_biosynthesis_VI,PWY-7238:_sucrose_biosynthesis_II,10
PWY-5097:_L-lysine_biosynthesis_VI,PWY-7242:_D-fructuronate_degradation,1
PWY-5097:_L-lysine_biosynthesis_VI,PWY-724:_superpathway_of_L-lysine,_L-threonine_and_L-methionine_biosynthesis_II,4
PWY-5097:_L-lysine_biosynthesis_VI,PWY-7282:_4-amino-2-methyl-5-diphosphomethylpyrimidine_biosynthesis_II,3
PWY-5097:_L-lysine_biosynthesis_VI,PWY-7315:_dTDP-N-acetylthomosamine_biosynthesis,1
PWY-5097:_L-lysine_biosynthesis_VI,PWY-7316:_dTDP-N-acetylviosamine_biosynthesis,1
PWY-5097:_L-lysine_biosynthesis_VI,PWY-7357:_thiamine_phosphate_formation_from_pyrithiamine_and_oxythiamine_(yeast),8
PWY-5097:_L-lysine_biosynthesis_VI,PWY-7456:_&beta;-(1,4)-mannan_degradation,1
PWY-5097:_L-lysine_biosynthesis_VI,PWY-7560:_methylerythritol_phosphate_pathway_II,4
PWY-5097:_L-lysine_biosynthesis_VI,PWY-7663:_gondoate_biosynthesis_(anaerobic),10
PWY-5097:_L-lysine_biosynthesis_VI,PWY-7664:_oleate_biosynthesis_IV_(anaerobic),3
PWY-5097:_L-lysine_biosynthesis_VI,PWY-7688:_dTDP-&alpha;-D-ravidosamine_and_dTDP-4-acetyl-&alpha;-D-ravidosamine_biosynthesis,2
PWY-5097:_L-lysine_biosynthesis_VI,PWY-7790:_UMP_biosynthesis_II,15
PWY-5097:_L-lysine_biosynthesis_VI,PWY-7791:_UMP_biosynthesis_III,15
PWY-5097:_L-lysine_biosynthesis_VI,PWY-7851:_coenzyme_A_biosynthesis_II_(eukaryotic),13
PWY-5097:_L-lysine_biosynthesis_VI,PWY-7953:_UDP-N-acetylmuramoyl-pentapeptide_biosynthesis_III_(meso-diaminopimelate_containing),14
PWY-5097:_L-lysine_biosynthesis_VI,PWY-7977:_L-methionine_biosynthesis_IV,16
PWY-5097:_L-lysine_biosynthesis_VI,PWY-8004:_Entner-Doudoroff_pathway_I,1
PWY-5097:_L-lysine_biosynthesis_VI,PWY-8073:_lipid_IVA_biosynthesis_(P._putida),3
PWY-5097:_L-lysine_biosynthesis_VI,PWY-8178:_pentose_phosphate_pathway_(non-oxidative_branch)_II,6
PWY-5097:_L-lysine_biosynthesis_VI,PWY0-1061:_superpathway_of_L-alanine_biosynthesis,1
PWY-5097:_L-lysine_biosynthesis_VI,PWY0-1296:_purine_ribonucleosides_degradation,2
PWY-5097:_L-lysine_biosynthesis_VI,PWY0-1319:_CDP-diacylglycerol_biosynthesis_II,15
PWY-5097:_L-lysine_biosynthesis_VI,PWY0-1586:_peptidoglycan_maturation_(meso-diaminopimelate_containing),6
PWY-5097:_L-lysine_biosynthesis_VI,PWY0-162:_superpathway_of_pyrimidine_ribonucleotides_de_novo_biosynthesis,2
PWY-5097:_L-lysine_biosynthesis_VI,PWY0-845:_superpathway_of_pyridoxal_5'-phosphate_biosynthesis_and_salvage,6
PWY-5097:_L-lysine_biosynthesis_VI,PWY0-862:_(5Z)-dodecenoate_biosynthesis_I,3
PWY-5097:_L-lysine_biosynthesis_VI,PWY4FS-7:_phosphatidylglycerol_biosynthesis_I_(plastidic),1
PWY-5097:_L-lysine_biosynthesis_VI,PWY4FS-8:_phosphatidylglycerol_biosynthesis_II_(non-plastidic),1
PWY-5097:_L-lysine_biosynthesis_VI,PWY66-429:_fatty_acid_biosynthesis_initiation_(mitochondria),12
PWY-5097:_L-lysine_biosynthesis_VI,PYRIDNUCSYN-PWY:_NAD_de_novo_biosynthesis_I_(from_aspartate),8
PWY-5097:_L-lysine_biosynthesis_VI,PYRIDOXSYN-PWY:_pyridoxal_5'-phosphate_biosynthesis_I,6
PWY-5097:_L-lysine_biosynthesis_VI,RHAMCAT-PWY:_L-rhamnose_degradation_I,7
PWY-5097:_L-lysine_biosynthesis_VI,RIBOSYN2-PWY:_flavin_biosynthesis_I_(bacteria_and_plants),8
PWY-5097:_L-lysine_biosynthesis_VI,SALVADEHYPOX-PWY:_adenosine_nucleotides_degradation_II,1
PWY-5097:_L-lysine_biosynthesis_VI,SER-GLYSYN-PWY:_superpathway_of_L-serine_and_glycine_biosynthesis_I,14
PWY-5097:_L-lysine_biosynthesis_VI,THISYNARA-PWY:_superpathway_of_thiamine_diphosphate_biosynthesis_III_(eukaryotes),6
PWY-5097:_L-lysine_biosynthesis_VI,THRESYN-PWY:_superpathway_of_L-threonine_biosynthesis,5
PWY-5097:_L-lysine_biosynthesis_VI,TRNA-CHARGING-PWY:_tRNA_charging,12
PWY-5097:_L-lysine_biosynthesis_VI,UDPNAGSYN-PWY:_UDP-N-acetyl-D-glucosamine_biosynthesis_I,1
PWY-5097:_L-lysine_biosynthesis_VI,VALSYN-PWY:_L-valine_biosynthesis,17
PWY-5100:_pyruvate_fermentation_to_acetate_and_lactate_II,PWY-5103:_L-isoleucine_biosynthesis_III,4
PWY-5100:_pyruvate_fermentation_to_acetate_and_lactate_II,PWY-5188:_tetrapyrrole_biosynthesis_I_(from_glutamate),2
PWY-5100:_pyruvate_fermentation_to_acetate_and_lactate_II,PWY-5384:_sucrose_degradation_IV_(sucrose_phosphorylase),2
PWY-5100:_pyruvate_fermentation_to_acetate_and_lactate_II,PWY-5659:_GDP-mannose_biosynthesis,2
PWY-5100:_pyruvate_fermentation_to_acetate_and_lactate_II,PWY-5667:_CDP-diacylglycerol_biosynthesis_I,4
PWY-5100:_pyruvate_fermentation_to_acetate_and_lactate_II,PWY-5686:_UMP_biosynthesis_I,4
PWY-5100:_pyruvate_fermentation_to_acetate_and_lactate_II,PWY-5695:_inosine_5'-phosphate_degradation,3
PWY-5100:_pyruvate_fermentation_to_acetate_and_lactate_II,PWY-5941:_glycogen_degradation_II,4
PWY-5100:_pyruvate_fermentation_to_acetate_and_lactate_II,PWY-6121:_5-aminoimidazole_ribonucleotide_biosynthesis_I,5
PWY-5100:_pyruvate_fermentation_to_acetate_and_lactate_II,PWY-6122:_5-aminoimidazole_ribonucleotide_biosynthesis_II,5
PWY-5100:_pyruvate_fermentation_to_acetate_and_lactate_II,PWY-6123:_inosine-5'-phosphate_biosynthesis_I,1
PWY-5100:_pyruvate_fermentation_to_acetate_and_lactate_II,PWY-6124:_inosine-5'-phosphate_biosynthesis_II,2
PWY-5100:_pyruvate_fermentation_to_acetate_and_lactate_II,PWY-6151:_S-adenosyl-L-methionine_salvage_I,4
PWY-5100:_pyruvate_fermentation_to_acetate_and_lactate_II,PWY-6163:_chorismate_biosynthesis_from_3-dehydroquinate,6
PWY-5100:_pyruvate_fermentation_to_acetate_and_lactate_II,PWY-621:_sucrose_degradation_III_(sucrose_invertase),2
PWY-5100:_pyruvate_fermentation_to_acetate_and_lactate_II,PWY-6270:_isoprene_biosynthesis_I,1
PWY-5100:_pyruvate_fermentation_to_acetate_and_lactate_II,PWY-6277:_superpathway_of_5-aminoimidazole_ribonucleotide_biosynthesis,5
PWY-5100:_pyruvate_fermentation_to_acetate_and_lactate_II,PWY-6317:_D-galactose_degradation_I_(Leloir_pathway),5
PWY-5100:_pyruvate_fermentation_to_acetate_and_lactate_II,PWY-6385:_peptidoglycan_biosynthesis_III_(mycobacteria),3
PWY-5100:_pyruvate_fermentation_to_acetate_and_lactate_II,PWY-6386:_UDP-N-acetylmuramoyl-pentapeptide_biosynthesis_II_(lysine-containing),4
PWY-5100:_pyruvate_fermentation_to_acetate_and_lactate_II,PWY-6387:_UDP-N-acetylmuramoyl-pentapeptide_biosynthesis_I_(meso-diaminopimelate_containing),4
PWY-5100:_pyruvate_fermentation_to_acetate_and_lactate_II,PWY-6527:_stachyose_degradation,4
PWY-5100:_pyruvate_fermentation_to_acetate_and_lactate_II,PWY-6606:_guanosine_nucleotides_degradation_II,1
PWY-5100:_pyruvate_fermentation_to_acetate_and_lactate_II,PWY-6608:_guanosine_nucleotides_degradation_III,1
PWY-5100:_pyruvate_fermentation_to_acetate_and_lactate_II,PWY-6609:_adenine_and_adenosine_salvage_III,4
PWY-5100:_pyruvate_fermentation_to_acetate_and_lactate_II,PWY-6700:_queuosine_biosynthesis_I_(de_novo),4
PWY-5100:_pyruvate_fermentation_to_acetate_and_lactate_II,PWY-6703:_preQ0_biosynthesis,1
PWY-5100:_pyruvate_fermentation_to_acetate_and_lactate_II,PWY-6731:_starch_degradation_III,1
PWY-5100:_pyruvate_fermentation_to_acetate_and_lactate_II,PWY-6823:_molybdopterin_biosynthesis,3
PWY-5100:_pyruvate_fermentation_to_acetate_and_lactate_II,PWY-6897:_thiamine_diphosphate_salvage_II,1
PWY-5100:_pyruvate_fermentation_to_acetate_and_lactate_II,PWY-6902:_chitin_degradation_II_(Vibrio),1
PWY-5100:_pyruvate_fermentation_to_acetate_and_lactate_II,PWY-6936:_seleno-amino_acid_biosynthesis_(plants),2
PWY-5100:_pyruvate_fermentation_to_acetate_and_lactate_II,PWY-7111:_pyruvate_fermentation_to_isobutanol_(engineered),5
PWY-5100:_pyruvate_fermentation_to_acetate_and_lactate_II,PWY-7208:_superpathway_of_pyrimidine_nucleobases_salvage,1
PWY-5100:_pyruvate_fermentation_to_acetate_and_lactate_II,PWY-7221:_guanosine_ribonucleotides_de_novo_biosynthesis,4
PWY-5100:_pyruvate_fermentation_to_acetate_and_lactate_II,PWY-7237:_myo-,_chiro-_and_scyllo-inositol_degradation,3
PWY-5100:_pyruvate_fermentation_to_acetate_and_lactate_II,PWY-7238:_sucrose_biosynthesis_II,5
PWY-5100:_pyruvate_fermentation_to_acetate_and_lactate_II,PWY-724:_superpathway_of_L-lysine,_L-threonine_and_L-methionine_biosynthesis_II,1
PWY-5100:_pyruvate_fermentation_to_acetate_and_lactate_II,PWY-7315:_dTDP-N-acetylthomosamine_biosynthesis,1
PWY-5100:_pyruvate_fermentation_to_acetate_and_lactate_II,PWY-7357:_thiamine_phosphate_formation_from_pyrithiamine_and_oxythiamine_(yeast),4
PWY-5100:_pyruvate_fermentation_to_acetate_and_lactate_II,PWY-7456:_&beta;-(1,4)-mannan_degradation,1
PWY-5100:_pyruvate_fermentation_to_acetate_and_lactate_II,PWY-7560:_methylerythritol_phosphate_pathway_II,1
PWY-5100:_pyruvate_fermentation_to_acetate_and_lactate_II,PWY-7790:_UMP_biosynthesis_II,4
PWY-5100:_pyruvate_fermentation_to_acetate_and_lactate_II,PWY-7791:_UMP_biosynthesis_III,4
PWY-5100:_pyruvate_fermentation_to_acetate_and_lactate_II,PWY-7851:_coenzyme_A_biosynthesis_II_(eukaryotic),4
PWY-5100:_pyruvate_fermentation_to_acetate_and_lactate_II,PWY-7953:_UDP-N-acetylmuramoyl-pentapeptide_biosynthesis_III_(meso-diaminopimelate_containing),4
PWY-5100:_pyruvate_fermentation_to_acetate_and_lactate_II,PWY-7977:_L-methionine_biosynthesis_IV,1
PWY-5100:_pyruvate_fermentation_to_acetate_and_lactate_II,PWY-8178:_pentose_phosphate_pathway_(non-oxidative_branch)_II,4
PWY-5100:_pyruvate_fermentation_to_acetate_and_lactate_II,PWY0-1061:_superpathway_of_L-alanine_biosynthesis,2
PWY-5100:_pyruvate_fermentation_to_acetate_and_lactate_II,PWY0-1296:_purine_ribonucleosides_degradation,4
PWY-5100:_pyruvate_fermentation_to_acetate_and_lactate_II,PWY0-1319:_CDP-diacylglycerol_biosynthesis_II,4
PWY-5100:_pyruvate_fermentation_to_acetate_and_lactate_II,PWY0-1586:_peptidoglycan_maturation_(meso-diaminopimelate_containing),1
PWY-5100:_pyruvate_fermentation_to_acetate_and_lactate_II,PWY4FS-7:_phosphatidylglycerol_biosynthesis_I_(plastidic),1
PWY-5100:_pyruvate_fermentation_to_acetate_and_lactate_II,PWY4FS-8:_phosphatidylglycerol_biosynthesis_II_(non-plastidic),1
PWY-5100:_pyruvate_fermentation_to_acetate_and_lactate_II,PYRIDNUCSYN-PWY:_NAD_de_novo_biosynthesis_I_(from_aspartate),2
PWY-5100:_pyruvate_fermentation_to_acetate_and_lactate_II,RIBOSYN2-PWY:_flavin_biosynthesis_I_(bacteria_and_plants),2
PWY-5100:_pyruvate_fermentation_to_acetate_and_lactate_II,SER-GLYSYN-PWY:_superpathway_of_L-serine_and_glycine_biosynthesis_I,3
PWY-5100:_pyruvate_fermentation_to_acetate_and_lactate_II,THISYNARA-PWY:_superpathway_of_thiamine_diphosphate_biosynthesis_III_(eukaryotes),4
PWY-5100:_pyruvate_fermentation_to_acetate_and_lactate_II,THRESYN-PWY:_superpathway_of_L-threonine_biosynthesis,1
PWY-5100:_pyruvate_fermentation_to_acetate_and_lactate_II,TRNA-CHARGING-PWY:_tRNA_charging,2
PWY-5100:_pyruvate_fermentation_to_acetate_and_lactate_II,UDPNAGSYN-PWY:_UDP-N-acetyl-D-glucosamine_biosynthesis_I,1
PWY-5100:_pyruvate_fermentation_to_acetate_and_lactate_II,VALSYN-PWY:_L-valine_biosynthesis,5
PWY-5103:_L-isoleucine_biosynthesis_III,PWY-5188:_tetrapyrrole_biosynthesis_I_(from_glutamate),1
PWY-5103:_L-isoleucine_biosynthesis_III,PWY-5384:_sucrose_degradation_IV_(sucrose_phosphorylase),3
PWY-5103:_L-isoleucine_biosynthesis_III,PWY-5484:_glycolysis_II_(from_fructose_6-phosphate),1
PWY-5103:_L-isoleucine_biosynthesis_III,PWY-5659:_GDP-mannose_biosynthesis,4
PWY-5103:_L-isoleucine_biosynthesis_III,PWY-5667:_CDP-diacylglycerol_biosynthesis_I,13
PWY-5103:_L-isoleucine_biosynthesis_III,PWY-5686:_UMP_biosynthesis_I,13
PWY-5103:_L-isoleucine_biosynthesis_III,PWY-5695:_inosine_5'-phosphate_degradation,10
PWY-5103:_L-isoleucine_biosynthesis_III,PWY-5941:_glycogen_degradation_II,7
PWY-5103:_L-isoleucine_biosynthesis_III,PWY-5973:_cis-vaccenate_biosynthesis,9
PWY-5103:_L-isoleucine_biosynthesis_III,PWY-5989:_stearate_biosynthesis_II_(bacteria_and_plants),1
PWY-5103:_L-isoleucine_biosynthesis_III,PWY-6121:_5-aminoimidazole_ribonucleotide_biosynthesis_I,14
PWY-5103:_L-isoleucine_biosynthesis_III,PWY-6122:_5-aminoimidazole_ribonucleotide_biosynthesis_II,14
PWY-5103:_L-isoleucine_biosynthesis_III,PWY-6123:_inosine-5'-phosphate_biosynthesis_I,11
PWY-5103:_L-isoleucine_biosynthesis_III,PWY-6124:_inosine-5'-phosphate_biosynthesis_II,12
PWY-5103:_L-isoleucine_biosynthesis_III,PWY-6125:_superpathway_of_guanosine_nucleotides_de_novo_biosynthesis_II,6
PWY-5103:_L-isoleucine_biosynthesis_III,PWY-6126:_superpathway_of_adenosine_nucleotides_de_novo_biosynthesis_II,6
PWY-5103:_L-isoleucine_biosynthesis_III,PWY-6143:_CMP-pseudaminate_biosynthesis,1
PWY-5103:_L-isoleucine_biosynthesis_III,PWY-6147:_6-hydroxymethyl-dihydropterin_diphosphate_biosynthesis_I,8
PWY-5103:_L-isoleucine_biosynthesis_III,PWY-6151:_S-adenosyl-L-methionine_salvage_I,5
PWY-5103:_L-isoleucine_biosynthesis_III,PWY-6163:_chorismate_biosynthesis_from_3-dehydroquinate,15
PWY-5103:_L-isoleucine_biosynthesis_III,PWY-621:_sucrose_degradation_III_(sucrose_invertase),4
PWY-5103:_L-isoleucine_biosynthesis_III,PWY-6270:_isoprene_biosynthesis_I,5
PWY-5103:_L-isoleucine_biosynthesis_III,PWY-6277:_superpathway_of_5-aminoimidazole_ribonucleotide_biosynthesis,14
PWY-5103:_L-isoleucine_biosynthesis_III,PWY-6282:_palmitoleate_biosynthesis_I_(from_(5Z)-dodec-5-enoate),1
PWY-5103:_L-isoleucine_biosynthesis_III,PWY-6317:_D-galactose_degradation_I_(Leloir_pathway),4
PWY-5103:_L-isoleucine_biosynthesis_III,PWY-6385:_peptidoglycan_biosynthesis_III_(mycobacteria),12
PWY-5103:_L-isoleucine_biosynthesis_III,PWY-6386:_UDP-N-acetylmuramoyl-pentapeptide_biosynthesis_II_(lysine-containing),13
PWY-5103:_L-isoleucine_biosynthesis_III,PWY-6387:_UDP-N-acetylmuramoyl-pentapeptide_biosynthesis_I_(meso-diaminopimelate_containing),13
PWY-5103:_L-isoleucine_biosynthesis_III,PWY-6519:_8-amino-7-oxononanoate_biosynthesis_I,1
PWY-5103:_L-isoleucine_biosynthesis_III,PWY-6527:_stachyose_degradation,3
PWY-5103:_L-isoleucine_biosynthesis_III,PWY-6572:_chondroitin_sulfate_degradation_I_(bacterial),1
PWY-5103:_L-isoleucine_biosynthesis_III,PWY-6606:_guanosine_nucleotides_degradation_II,1
PWY-5103:_L-isoleucine_biosynthesis_III,PWY-6608:_guanosine_nucleotides_degradation_III,4
PWY-5103:_L-isoleucine_biosynthesis_III,PWY-6609:_adenine_and_adenosine_salvage_III,13
PWY-5103:_L-isoleucine_biosynthesis_III,PWY-6630:_superpathway_of_L-tyrosine_biosynthesis,1
PWY-5103:_L-isoleucine_biosynthesis_III,PWY-6700:_queuosine_biosynthesis_I_(de_novo),15
PWY-5103:_L-isoleucine_biosynthesis_III,PWY-6703:_preQ0_biosynthesis,11
PWY-5103:_L-isoleucine_biosynthesis_III,PWY-6823:_molybdopterin_biosynthesis,2
PWY-5103:_L-isoleucine_biosynthesis_III,PWY-6897:_thiamine_diphosphate_salvage_II,5
PWY-5103:_L-isoleucine_biosynthesis_III,PWY-6902:_chitin_degradation_II_(Vibrio),4
PWY-5103:_L-isoleucine_biosynthesis_III,PWY-6936:_seleno-amino_acid_biosynthesis_(plants),1
PWY-5103:_L-isoleucine_biosynthesis_III,PWY-7111:_pyruvate_fermentation_to_isobutanol_(engineered),8
PWY-5103:_L-isoleucine_biosynthesis_III,PWY-7199:_pyrimidine_deoxyribonucleosides_salvage,8
PWY-5103:_L-isoleucine_biosynthesis_III,PWY-7208:_superpathway_of_pyrimidine_nucleobases_salvage,2
PWY-5103:_L-isoleucine_biosynthesis_III,PWY-7220:_adenosine_deoxyribonucleotides_de_novo_biosynthesis_II,6
PWY-5103:_L-isoleucine_biosynthesis_III,PWY-7221:_guanosine_ribonucleotides_de_novo_biosynthesis,14
PWY-5103:_L-isoleucine_biosynthesis_III,PWY-7222:_guanosine_deoxyribonucleotides_de_novo_biosynthesis_II,6
PWY-5103:_L-isoleucine_biosynthesis_III,PWY-7228:_superpathway_of_guanosine_nucleotides_de_novo_biosynthesis_I,6
PWY-5103:_L-isoleucine_biosynthesis_III,PWY-7229:_superpathway_of_adenosine_nucleotides_de_novo_biosynthesis_I,6
PWY-5103:_L-isoleucine_biosynthesis_III,PWY-7237:_myo-,_chiro-_and_scyllo-inositol_degradation,8
PWY-5103:_L-isoleucine_biosynthesis_III,PWY-7238:_sucrose_biosynthesis_II,10
PWY-5103:_L-isoleucine_biosynthesis_III,PWY-724:_superpathway_of_L-lysine,_L-threonine_and_L-methionine_biosynthesis_II,2
PWY-5103:_L-isoleucine_biosynthesis_III,PWY-7282:_4-amino-2-methyl-5-diphosphomethylpyrimidine_biosynthesis_II,3
PWY-5103:_L-isoleucine_biosynthesis_III,PWY-7312:_dTDP-&beta;-D-fucofuranose_biosynthesis,1
PWY-5103:_L-isoleucine_biosynthesis_III,PWY-7315:_dTDP-N-acetylthomosamine_biosynthesis,2
PWY-5103:_L-isoleucine_biosynthesis_III,PWY-7316:_dTDP-N-acetylviosamine_biosynthesis,1
PWY-5103:_L-isoleucine_biosynthesis_III,PWY-7357:_thiamine_phosphate_formation_from_pyrithiamine_and_oxythiamine_(yeast),8
PWY-5103:_L-isoleucine_biosynthesis_III,PWY-7456:_&beta;-(1,4)-mannan_degradation,2
PWY-5103:_L-isoleucine_biosynthesis_III,PWY-7560:_methylerythritol_phosphate_pathway_II,5
PWY-5103:_L-isoleucine_biosynthesis_III,PWY-7663:_gondoate_biosynthesis_(anaerobic),9
PWY-5103:_L-isoleucine_biosynthesis_III,PWY-7664:_oleate_biosynthesis_IV_(anaerobic),1
PWY-5103:_L-isoleucine_biosynthesis_III,PWY-7688:_dTDP-&alpha;-D-ravidosamine_and_dTDP-4-acetyl-&alpha;-D-ravidosamine_biosynthesis,1
PWY-5103:_L-isoleucine_biosynthesis_III,PWY-7790:_UMP_biosynthesis_II,13
PWY-5103:_L-isoleucine_biosynthesis_III,PWY-7791:_UMP_biosynthesis_III,13
PWY-5103:_L-isoleucine_biosynthesis_III,PWY-7851:_coenzyme_A_biosynthesis_II_(eukaryotic),13
PWY-5103:_L-isoleucine_biosynthesis_III,PWY-7953:_UDP-N-acetylmuramoyl-pentapeptide_biosynthesis_III_(meso-diaminopimelate_containing),13
PWY-5103:_L-isoleucine_biosynthesis_III,PWY-7977:_L-methionine_biosynthesis_IV,12
PWY-5103:_L-isoleucine_biosynthesis_III,PWY-8004:_Entner-Doudoroff_pathway_I,1
PWY-5103:_L-isoleucine_biosynthesis_III,PWY-8073:_lipid_IVA_biosynthesis_(P._putida),3
PWY-5103:_L-isoleucine_biosynthesis_III,PWY-8178:_pentose_phosphate_pathway_(non-oxidative_branch)_II,6
PWY-5103:_L-isoleucine_biosynthesis_III,PWY0-1061:_superpathway_of_L-alanine_biosynthesis,2
PWY-5103:_L-isoleucine_biosynthesis_III,PWY0-1296:_purine_ribonucleosides_degradation,2
PWY-5103:_L-isoleucine_biosynthesis_III,PWY0-1319:_CDP-diacylglycerol_biosynthesis_II,13
PWY-5103:_L-isoleucine_biosynthesis_III,PWY0-1586:_peptidoglycan_maturation_(meso-diaminopimelate_containing),8
PWY-5103:_L-isoleucine_biosynthesis_III,PWY0-162:_superpathway_of_pyrimidine_ribonucleotides_de_novo_biosynthesis,2
PWY-5103:_L-isoleucine_biosynthesis_III,PWY0-845:_superpathway_of_pyridoxal_5'-phosphate_biosynthesis_and_salvage,6
PWY-5103:_L-isoleucine_biosynthesis_III,PWY0-862:_(5Z)-dodecenoate_biosynthesis_I,1
PWY-5103:_L-isoleucine_biosynthesis_III,PWY4FS-7:_phosphatidylglycerol_biosynthesis_I_(plastidic),1
PWY-5103:_L-isoleucine_biosynthesis_III,PWY4FS-8:_phosphatidylglycerol_biosynthesis_II_(non-plastidic),1
PWY-5103:_L-isoleucine_biosynthesis_III,PWY66-429:_fatty_acid_biosynthesis_initiation_(mitochondria),9
PWY-5103:_L-isoleucine_biosynthesis_III,PYRIDNUCSYN-PWY:_NAD_de_novo_biosynthesis_I_(from_aspartate),8
PWY-5103:_L-isoleucine_biosynthesis_III,PYRIDOXSYN-PWY:_pyridoxal_5'-phosphate_biosynthesis_I,7
PWY-5103:_L-isoleucine_biosynthesis_III,RHAMCAT-PWY:_L-rhamnose_degradation_I,7
PWY-5103:_L-isoleucine_biosynthesis_III,RIBOSYN2-PWY:_flavin_biosynthesis_I_(bacteria_and_plants),7
PWY-5103:_L-isoleucine_biosynthesis_III,SER-GLYSYN-PWY:_superpathway_of_L-serine_and_glycine_biosynthesis_I,11
PWY-5103:_L-isoleucine_biosynthesis_III,THISYNARA-PWY:_superpathway_of_thiamine_diphosphate_biosynthesis_III_(eukaryotes),7
PWY-5103:_L-isoleucine_biosynthesis_III,THRESYN-PWY:_superpathway_of_L-threonine_biosynthesis,3
PWY-5103:_L-isoleucine_biosynthesis_III,TRNA-CHARGING-PWY:_tRNA_charging,11
PWY-5103:_L-isoleucine_biosynthesis_III,UDPNAGSYN-PWY:_UDP-N-acetyl-D-glucosamine_biosynthesis_I,3
PWY-5103:_L-isoleucine_biosynthesis_III,VALSYN-PWY:_L-valine_biosynthesis,18
PWY-5121:_superpathway_of_geranylgeranyl_diphosphate_biosynthesis_II_(via_MEP),PWY-5667:_CDP-diacylglycerol_biosynthesis_I,1
PWY-5121:_superpathway_of_geranylgeranyl_diphosphate_biosynthesis_II_(via_MEP),PWY-5686:_UMP_biosynthesis_I,2
PWY-5121:_superpathway_of_geranylgeranyl_diphosphate_biosynthesis_II_(via_MEP),PWY-5695:_inosine_5'-phosphate_degradation,2
PWY-5121:_superpathway_of_geranylgeranyl_diphosphate_biosynthesis_II_(via_MEP),PWY-6121:_5-aminoimidazole_ribonucleotide_biosynthesis_I,2
PWY-5121:_superpathway_of_geranylgeranyl_diphosphate_biosynthesis_II_(via_MEP),PWY-6122:_5-aminoimidazole_ribonucleotide_biosynthesis_II,2
PWY-5121:_superpathway_of_geranylgeranyl_diphosphate_biosynthesis_II_(via_MEP),PWY-6123:_inosine-5'-phosphate_biosynthesis_I,2
PWY-5121:_superpathway_of_geranylgeranyl_diphosphate_biosynthesis_II_(via_MEP),PWY-6124:_inosine-5'-phosphate_biosynthesis_II,2
PWY-5121:_superpathway_of_geranylgeranyl_diphosphate_biosynthesis_II_(via_MEP),PWY-6125:_superpathway_of_guanosine_nucleotides_de_novo_biosynthesis_II,2
PWY-5121:_superpathway_of_geranylgeranyl_diphosphate_biosynthesis_II_(via_MEP),PWY-6126:_superpathway_of_adenosine_nucleotides_de_novo_biosynthesis_II,2
PWY-5121:_superpathway_of_geranylgeranyl_diphosphate_biosynthesis_II_(via_MEP),PWY-6147:_6-hydroxymethyl-dihydropterin_diphosphate_biosynthesis_I,1
PWY-5121:_superpathway_of_geranylgeranyl_diphosphate_biosynthesis_II_(via_MEP),PWY-6151:_S-adenosyl-L-methionine_salvage_I,1
PWY-5121:_superpathway_of_geranylgeranyl_diphosphate_biosynthesis_II_(via_MEP),PWY-6163:_chorismate_biosynthesis_from_3-dehydroquinate,2
PWY-5121:_superpathway_of_geranylgeranyl_diphosphate_biosynthesis_II_(via_MEP),PWY-6277:_superpathway_of_5-aminoimidazole_ribonucleotide_biosynthesis,2
PWY-5121:_superpathway_of_geranylgeranyl_diphosphate_biosynthesis_II_(via_MEP),PWY-6385:_peptidoglycan_biosynthesis_III_(mycobacteria),2
PWY-5121:_superpathway_of_geranylgeranyl_diphosphate_biosynthesis_II_(via_MEP),PWY-6386:_UDP-N-acetylmuramoyl-pentapeptide_biosynthesis_II_(lysine-containing),2
PWY-5121:_superpathway_of_geranylgeranyl_diphosphate_biosynthesis_II_(via_MEP),PWY-6387:_UDP-N-acetylmuramoyl-pentapeptide_biosynthesis_I_(meso-diaminopimelate_containing),2
PWY-5121:_superpathway_of_geranylgeranyl_diphosphate_biosynthesis_II_(via_MEP),PWY-6609:_adenine_and_adenosine_salvage_III,2
PWY-5121:_superpathway_of_geranylgeranyl_diphosphate_biosynthesis_II_(via_MEP),PWY-6700:_queuosine_biosynthesis_I_(de_novo),2
PWY-5121:_superpathway_of_geranylgeranyl_diphosphate_biosynthesis_II_(via_MEP),PWY-6703:_preQ0_biosynthesis,2
PWY-5121:_superpathway_of_geranylgeranyl_diphosphate_biosynthesis_II_(via_MEP),PWY-7111:_pyruvate_fermentation_to_isobutanol_(engineered),1
PWY-5121:_superpathway_of_geranylgeranyl_diphosphate_biosynthesis_II_(via_MEP),PWY-7199:_pyrimidine_deoxyribonucleosides_salvage,2
PWY-5121:_superpathway_of_geranylgeranyl_diphosphate_biosynthesis_II_(via_MEP),PWY-7220:_adenosine_deoxyribonucleotides_de_novo_biosynthesis_II,2
PWY-5121:_superpathway_of_geranylgeranyl_diphosphate_biosynthesis_II_(via_MEP),PWY-7221:_guanosine_ribonucleotides_de_novo_biosynthesis,2
PWY-5121:_superpathway_of_geranylgeranyl_diphosphate_biosynthesis_II_(via_MEP),PWY-7222:_guanosine_deoxyribonucleotides_de_novo_biosynthesis_II,2
PWY-5121:_superpathway_of_geranylgeranyl_diphosphate_biosynthesis_II_(via_MEP),PWY-7228:_superpathway_of_guanosine_nucleotides_de_novo_biosynthesis_I,2
PWY-5121:_superpathway_of_geranylgeranyl_diphosphate_biosynthesis_II_(via_MEP),PWY-7229:_superpathway_of_adenosine_nucleotides_de_novo_biosynthesis_I,2
PWY-5121:_superpathway_of_geranylgeranyl_diphosphate_biosynthesis_II_(via_MEP),PWY-7790:_UMP_biosynthesis_II,2
PWY-5121:_superpathway_of_geranylgeranyl_diphosphate_biosynthesis_II_(via_MEP),PWY-7791:_UMP_biosynthesis_III,2
PWY-5121:_superpathway_of_geranylgeranyl_diphosphate_biosynthesis_II_(via_MEP),PWY-7851:_coenzyme_A_biosynthesis_II_(eukaryotic),2
PWY-5121:_superpathway_of_geranylgeranyl_diphosphate_biosynthesis_II_(via_MEP),PWY-7953:_UDP-N-acetylmuramoyl-pentapeptide_biosynthesis_III_(meso-diaminopimelate_containing),2
PWY-5121:_superpathway_of_geranylgeranyl_diphosphate_biosynthesis_II_(via_MEP),PWY-7977:_L-methionine_biosynthesis_IV,2
PWY-5121:_superpathway_of_geranylgeranyl_diphosphate_biosynthesis_II_(via_MEP),PWY0-1319:_CDP-diacylglycerol_biosynthesis_II,1
PWY-5121:_superpathway_of_geranylgeranyl_diphosphate_biosynthesis_II_(via_MEP),PWY0-1586:_peptidoglycan_maturation_(meso-diaminopimelate_containing),2
PWY-5121:_superpathway_of_geranylgeranyl_diphosphate_biosynthesis_II_(via_MEP),PWY66-429:_fatty_acid_biosynthesis_initiation_(mitochondria),2
PWY-5121:_superpathway_of_geranylgeranyl_diphosphate_biosynthesis_II_(via_MEP),PYRIDNUCSYN-PWY:_NAD_de_novo_biosynthesis_I_(from_aspartate),2
PWY-5121:_superpathway_of_geranylgeranyl_diphosphate_biosynthesis_II_(via_MEP),RHAMCAT-PWY:_L-rhamnose_degradation_I,2
PWY-5121:_superpathway_of_geranylgeranyl_diphosphate_biosynthesis_II_(via_MEP),RIBOSYN2-PWY:_flavin_biosynthesis_I_(bacteria_and_plants),1
PWY-5121:_superpathway_of_geranylgeranyl_diphosphate_biosynthesis_II_(via_MEP),SER-GLYSYN-PWY:_superpathway_of_L-serine_and_glycine_biosynthesis_I,2
PWY-5121:_superpathway_of_geranylgeranyl_diphosphate_biosynthesis_II_(via_MEP),THRESYN-PWY:_superpathway_of_L-threonine_biosynthesis,2
PWY-5121:_superpathway_of_geranylgeranyl_diphosphate_biosynthesis_II_(via_MEP),TRNA-CHARGING-PWY:_tRNA_charging,2
PWY-5121:_superpathway_of_geranylgeranyl_diphosphate_biosynthesis_II_(via_MEP),VALSYN-PWY:_L-valine_biosynthesis,2
PWY-5130:_2-oxobutanoate_degradation_I,PWY-5686:_UMP_biosynthesis_I,1
PWY-5130:_2-oxobutanoate_degradation_I,PWY-5695:_inosine_5'-phosphate_degradation,1
PWY-5130:_2-oxobutanoate_degradation_I,PWY-6121:_5-aminoimidazole_ribonucleotide_biosynthesis_I,1
PWY-5130:_2-oxobutanoate_degradation_I,PWY-6122:_5-aminoimidazole_ribonucleotide_biosynthesis_II,1
PWY-5130:_2-oxobutanoate_degradation_I,PWY-6123:_inosine-5'-phosphate_biosynthesis_I,1
PWY-5130:_2-oxobutanoate_degradation_I,PWY-6124:_inosine-5'-phosphate_biosynthesis_II,1
PWY-5130:_2-oxobutanoate_degradation_I,PWY-6147:_6-hydroxymethyl-dihydropterin_diphosphate_biosynthesis_I,1
PWY-5130:_2-oxobutanoate_degradation_I,PWY-6277:_superpathway_of_5-aminoimidazole_ribonucleotide_biosynthesis,1
PWY-5130:_2-oxobutanoate_degradation_I,PWY-6385:_peptidoglycan_biosynthesis_III_(mycobacteria),1
PWY-5130:_2-oxobutanoate_degradation_I,PWY-6386:_UDP-N-acetylmuramoyl-pentapeptide_biosynthesis_II_(lysine-containing),1
PWY-5130:_2-oxobutanoate_degradation_I,PWY-6387:_UDP-N-acetylmuramoyl-pentapeptide_biosynthesis_I_(meso-diaminopimelate_containing),1
PWY-5130:_2-oxobutanoate_degradation_I,PWY-6609:_adenine_and_adenosine_salvage_III,1
PWY-5130:_2-oxobutanoate_degradation_I,PWY-6703:_preQ0_biosynthesis,1
PWY-5130:_2-oxobutanoate_degradation_I,PWY-7221:_guanosine_ribonucleotides_de_novo_biosynthesis,1
PWY-5130:_2-oxobutanoate_degradation_I,PWY-7234:_inosine-5'-phosphate_biosynthesis_III,1
PWY-5130:_2-oxobutanoate_degradation_I,PWY-7790:_UMP_biosynthesis_II,1
PWY-5130:_2-oxobutanoate_degradation_I,PWY-7791:_UMP_biosynthesis_III,1
PWY-5130:_2-oxobutanoate_degradation_I,PWY-7851:_coenzyme_A_biosynthesis_II_(eukaryotic),1
PWY-5130:_2-oxobutanoate_degradation_I,PWY-7953:_UDP-N-acetylmuramoyl-pentapeptide_biosynthesis_III_(meso-diaminopimelate_containing),1
PWY-5130:_2-oxobutanoate_degradation_I,PWY-7977:_L-methionine_biosynthesis_IV,1
PWY-5130:_2-oxobutanoate_degradation_I,PYRIDNUCSYN-PWY:_NAD_de_novo_biosynthesis_I_(from_aspartate),1
PWY-5130:_2-oxobutanoate_degradation_I,SER-GLYSYN-PWY:_superpathway_of_L-serine_and_glycine_biosynthesis_I,1
PWY-5130:_2-oxobutanoate_degradation_I,TRNA-CHARGING-PWY:_tRNA_charging,1
PWY-5154:_L-arginine_biosynthesis_III_(via_N-acetyl-L-citrulline),PWY-5667:_CDP-diacylglycerol_biosynthesis_I,1
PWY-5154:_L-arginine_biosynthesis_III_(via_N-acetyl-L-citrulline),PWY-5686:_UMP_biosynthesis_I,1
PWY-5154:_L-arginine_biosynthesis_III_(via_N-acetyl-L-citrulline),PWY-5695:_inosine_5'-phosphate_degradation,1
PWY-5154:_L-arginine_biosynthesis_III_(via_N-acetyl-L-citrulline),PWY-5973:_cis-vaccenate_biosynthesis,1
PWY-5154:_L-arginine_biosynthesis_III_(via_N-acetyl-L-citrulline),PWY-5989:_stearate_biosynthesis_II_(bacteria_and_plants),1
PWY-5154:_L-arginine_biosynthesis_III_(via_N-acetyl-L-citrulline),PWY-6121:_5-aminoimidazole_ribonucleotide_biosynthesis_I,1
PWY-5154:_L-arginine_biosynthesis_III_(via_N-acetyl-L-citrulline),PWY-6122:_5-aminoimidazole_ribonucleotide_biosynthesis_II,1
PWY-5154:_L-arginine_biosynthesis_III_(via_N-acetyl-L-citrulline),PWY-6123:_inosine-5'-phosphate_biosynthesis_I,1
PWY-5154:_L-arginine_biosynthesis_III_(via_N-acetyl-L-citrulline),PWY-6124:_inosine-5'-phosphate_biosynthesis_II,1
PWY-5154:_L-arginine_biosynthesis_III_(via_N-acetyl-L-citrulline),PWY-6163:_chorismate_biosynthesis_from_3-dehydroquinate,1
PWY-5154:_L-arginine_biosynthesis_III_(via_N-acetyl-L-citrulline),PWY-6277:_superpathway_of_5-aminoimidazole_ribonucleotide_biosynthesis,1
PWY-5154:_L-arginine_biosynthesis_III_(via_N-acetyl-L-citrulline),PWY-6282:_palmitoleate_biosynthesis_I_(from_(5Z)-dodec-5-enoate),1
PWY-5154:_L-arginine_biosynthesis_III_(via_N-acetyl-L-citrulline),PWY-6385:_peptidoglycan_biosynthesis_III_(mycobacteria),1
PWY-5154:_L-arginine_biosynthesis_III_(via_N-acetyl-L-citrulline),PWY-6386:_UDP-N-acetylmuramoyl-pentapeptide_biosynthesis_II_(lysine-containing),1
PWY-5154:_L-arginine_biosynthesis_III_(via_N-acetyl-L-citrulline),PWY-6387:_UDP-N-acetylmuramoyl-pentapeptide_biosynthesis_I_(meso-diaminopimelate_containing),1
PWY-5154:_L-arginine_biosynthesis_III_(via_N-acetyl-L-citrulline),PWY-6609:_adenine_and_adenosine_salvage_III,1
PWY-5154:_L-arginine_biosynthesis_III_(via_N-acetyl-L-citrulline),PWY-7221:_guanosine_ribonucleotides_de_novo_biosynthesis,1
PWY-5154:_L-arginine_biosynthesis_III_(via_N-acetyl-L-citrulline),PWY-7234:_inosine-5'-phosphate_biosynthesis_III,1
PWY-5154:_L-arginine_biosynthesis_III_(via_N-acetyl-L-citrulline),PWY-7663:_gondoate_biosynthesis_(anaerobic),1
PWY-5154:_L-arginine_biosynthesis_III_(via_N-acetyl-L-citrulline),PWY-7664:_oleate_biosynthesis_IV_(anaerobic),1
PWY-5154:_L-arginine_biosynthesis_III_(via_N-acetyl-L-citrulline),PWY-7790:_UMP_biosynthesis_II,1
PWY-5154:_L-arginine_biosynthesis_III_(via_N-acetyl-L-citrulline),PWY-7791:_UMP_biosynthesis_III,1
PWY-5154:_L-arginine_biosynthesis_III_(via_N-acetyl-L-citrulline),PWY-7851:_coenzyme_A_biosynthesis_II_(eukaryotic),1
PWY-5154:_L-arginine_biosynthesis_III_(via_N-acetyl-L-citrulline),PWY-7953:_UDP-N-acetylmuramoyl-pentapeptide_biosynthesis_III_(meso-diaminopimelate_containing),1
PWY-5154:_L-arginine_biosynthesis_III_(via_N-acetyl-L-citrulline),PWY-7977:_L-methionine_biosynthesis_IV,1
PWY-5154:_L-arginine_biosynthesis_III_(via_N-acetyl-L-citrulline),PWY0-1319:_CDP-diacylglycerol_biosynthesis_II,1
PWY-5154:_L-arginine_biosynthesis_III_(via_N-acetyl-L-citrulline),PWY0-862:_(5Z)-dodecenoate_biosynthesis_I,1
PWY-5154:_L-arginine_biosynthesis_III_(via_N-acetyl-L-citrulline),SER-GLYSYN-PWY:_superpathway_of_L-serine_and_glycine_biosynthesis_I,1
PWY-5154:_L-arginine_biosynthesis_III_(via_N-acetyl-L-citrulline),TRNA-CHARGING-PWY:_tRNA_charging,1
PWY-5154:_L-arginine_biosynthesis_III_(via_N-acetyl-L-citrulline),VALSYN-PWY:_L-valine_biosynthesis,1
PWY-5188:_tetrapyrrole_biosynthesis_I_(from_glutamate),PWY-5384:_sucrose_degradation_IV_(sucrose_phosphorylase),2
PWY-5188:_tetrapyrrole_biosynthesis_I_(from_glutamate),PWY-5659:_GDP-mannose_biosynthesis,1
PWY-5188:_tetrapyrrole_biosynthesis_I_(from_glutamate),PWY-5667:_CDP-diacylglycerol_biosynthesis_I,1
PWY-5188:_tetrapyrrole_biosynthesis_I_(from_glutamate),PWY-5686:_UMP_biosynthesis_I,1
PWY-5188:_tetrapyrrole_biosynthesis_I_(from_glutamate),PWY-5695:_inosine_5'-phosphate_degradation,2
PWY-5188:_tetrapyrrole_biosynthesis_I_(from_glutamate),PWY-5941:_glycogen_degradation_II,2
PWY-5188:_tetrapyrrole_biosynthesis_I_(from_glutamate),PWY-6121:_5-aminoimidazole_ribonucleotide_biosynthesis_I,3
PWY-5188:_tetrapyrrole_biosynthesis_I_(from_glutamate),PWY-6122:_5-aminoimidazole_ribonucleotide_biosynthesis_II,3
PWY-5188:_tetrapyrrole_biosynthesis_I_(from_glutamate),PWY-6124:_inosine-5'-phosphate_biosynthesis_II,1
PWY-5188:_tetrapyrrole_biosynthesis_I_(from_glutamate),PWY-6151:_S-adenosyl-L-methionine_salvage_I,3
PWY-5188:_tetrapyrrole_biosynthesis_I_(from_glutamate),PWY-6163:_chorismate_biosynthesis_from_3-dehydroquinate,3
PWY-5188:_tetrapyrrole_biosynthesis_I_(from_glutamate),PWY-621:_sucrose_degradation_III_(sucrose_invertase),2
PWY-5188:_tetrapyrrole_biosynthesis_I_(from_glutamate),PWY-6277:_superpathway_of_5-aminoimidazole_ribonucleotide_biosynthesis,3
PWY-5188:_tetrapyrrole_biosynthesis_I_(from_glutamate),PWY-6317:_D-galactose_degradation_I_(Leloir_pathway),2
PWY-5188:_tetrapyrrole_biosynthesis_I_(from_glutamate),PWY-6385:_peptidoglycan_biosynthesis_III_(mycobacteria),1
PWY-5188:_tetrapyrrole_biosynthesis_I_(from_glutamate),PWY-6386:_UDP-N-acetylmuramoyl-pentapeptide_biosynthesis_II_(lysine-containing),1
PWY-5188:_tetrapyrrole_biosynthesis_I_(from_glutamate),PWY-6387:_UDP-N-acetylmuramoyl-pentapeptide_biosynthesis_I_(meso-diaminopimelate_containing),1
PWY-5188:_tetrapyrrole_biosynthesis_I_(from_glutamate),PWY-6527:_stachyose_degradation,2
PWY-5188:_tetrapyrrole_biosynthesis_I_(from_glutamate),PWY-6609:_adenine_and_adenosine_salvage_III,1
PWY-5188:_tetrapyrrole_biosynthesis_I_(from_glutamate),PWY-6700:_queuosine_biosynthesis_I_(de_novo),1
PWY-5188:_tetrapyrrole_biosynthesis_I_(from_glutamate),PWY-6703:_preQ0_biosynthesis,1
PWY-5188:_tetrapyrrole_biosynthesis_I_(from_glutamate),PWY-6823:_molybdopterin_biosynthesis,1
PWY-5188:_tetrapyrrole_biosynthesis_I_(from_glutamate),PWY-6936:_seleno-amino_acid_biosynthesis_(plants),2
PWY-5188:_tetrapyrrole_biosynthesis_I_(from_glutamate),PWY-7111:_pyruvate_fermentation_to_isobutanol_(engineered),2
PWY-5188:_tetrapyrrole_biosynthesis_I_(from_glutamate),PWY-7221:_guanosine_ribonucleotides_de_novo_biosynthesis,2
PWY-5188:_tetrapyrrole_biosynthesis_I_(from_glutamate),PWY-7238:_sucrose_biosynthesis_II,3
PWY-5188:_tetrapyrrole_biosynthesis_I_(from_glutamate),PWY-7357:_thiamine_phosphate_formation_from_pyrithiamine_and_oxythiamine_(yeast),1
PWY-5188:_tetrapyrrole_biosynthesis_I_(from_glutamate),PWY-7456:_&beta;-(1,4)-mannan_degradation,1
PWY-5188:_tetrapyrrole_biosynthesis_I_(from_glutamate),PWY-7790:_UMP_biosynthesis_II,1
PWY-5188:_tetrapyrrole_biosynthesis_I_(from_glutamate),PWY-7791:_UMP_biosynthesis_III,1
PWY-5188:_tetrapyrrole_biosynthesis_I_(from_glutamate),PWY-7851:_coenzyme_A_biosynthesis_II_(eukaryotic),1
PWY-5188:_tetrapyrrole_biosynthesis_I_(from_glutamate),PWY-7953:_UDP-N-acetylmuramoyl-pentapeptide_biosynthesis_III_(meso-diaminopimelate_containing),1
PWY-5188:_tetrapyrrole_biosynthesis_I_(from_glutamate),PWY-8178:_pentose_phosphate_pathway_(non-oxidative_branch)_II,1
PWY-5188:_tetrapyrrole_biosynthesis_I_(from_glutamate),PWY0-1296:_purine_ribonucleosides_degradation,1
PWY-5188:_tetrapyrrole_biosynthesis_I_(from_glutamate),PWY0-1319:_CDP-diacylglycerol_biosynthesis_II,1
PWY-5188:_tetrapyrrole_biosynthesis_I_(from_glutamate),PYRIDNUCSYN-PWY:_NAD_de_novo_biosynthesis_I_(from_aspartate),1
PWY-5188:_tetrapyrrole_biosynthesis_I_(from_glutamate),SER-GLYSYN-PWY:_superpathway_of_L-serine_and_glycine_biosynthesis_I,1
PWY-5188:_tetrapyrrole_biosynthesis_I_(from_glutamate),THISYNARA-PWY:_superpathway_of_thiamine_diphosphate_biosynthesis_III_(eukaryotes),1
PWY-5188:_tetrapyrrole_biosynthesis_I_(from_glutamate),UDPNAGSYN-PWY:_UDP-N-acetyl-D-glucosamine_biosynthesis_I,1
PWY-5188:_tetrapyrrole_biosynthesis_I_(from_glutamate),VALSYN-PWY:_L-valine_biosynthesis,3
PWY-5384:_sucrose_degradation_IV_(sucrose_phosphorylase),PWY-5659:_GDP-mannose_biosynthesis,3
PWY-5384:_sucrose_degradation_IV_(sucrose_phosphorylase),PWY-5667:_CDP-diacylglycerol_biosynthesis_I,4
PWY-5384:_sucrose_degradation_IV_(sucrose_phosphorylase),PWY-5686:_UMP_biosynthesis_I,4
PWY-5384:_sucrose_degradation_IV_(sucrose_phosphorylase),PWY-5695:_inosine_5'-phosphate_degradation,5
PWY-5384:_sucrose_degradation_IV_(sucrose_phosphorylase),PWY-5941:_glycogen_degradation_II,5
PWY-5384:_sucrose_degradation_IV_(sucrose_phosphorylase),PWY-5973:_cis-vaccenate_biosynthesis,2
PWY-5384:_sucrose_degradation_IV_(sucrose_phosphorylase),PWY-6121:_5-aminoimidazole_ribonucleotide_biosynthesis_I,5
PWY-5384:_sucrose_degradation_IV_(sucrose_phosphorylase),PWY-6122:_5-aminoimidazole_ribonucleotide_biosynthesis_II,5
PWY-5384:_sucrose_degradation_IV_(sucrose_phosphorylase),PWY-6123:_inosine-5'-phosphate_biosynthesis_I,3
PWY-5384:_sucrose_degradation_IV_(sucrose_phosphorylase),PWY-6124:_inosine-5'-phosphate_biosynthesis_II,4
PWY-5384:_sucrose_degradation_IV_(sucrose_phosphorylase),PWY-6125:_superpathway_of_guanosine_nucleotides_de_novo_biosynthesis_II,2
PWY-5384:_sucrose_degradation_IV_(sucrose_phosphorylase),PWY-6126:_superpathway_of_adenosine_nucleotides_de_novo_biosynthesis_II,2
PWY-5384:_sucrose_degradation_IV_(sucrose_phosphorylase),PWY-6147:_6-hydroxymethyl-dihydropterin_diphosphate_biosynthesis_I,2
PWY-5384:_sucrose_degradation_IV_(sucrose_phosphorylase),PWY-6151:_S-adenosyl-L-methionine_salvage_I,3
PWY-5384:_sucrose_degradation_IV_(sucrose_phosphorylase),PWY-6163:_chorismate_biosynthesis_from_3-dehydroquinate,5
PWY-5384:_sucrose_degradation_IV_(sucrose_phosphorylase),PWY-621:_sucrose_degradation_III_(sucrose_invertase),4
PWY-5384:_sucrose_degradation_IV_(sucrose_phosphorylase),PWY-6270:_isoprene_biosynthesis_I,2
PWY-5384:_sucrose_degradation_IV_(sucrose_phosphorylase),PWY-6277:_superpathway_of_5-aminoimidazole_ribonucleotide_biosynthesis,5
PWY-5384:_sucrose_degradation_IV_(sucrose_phosphorylase),PWY-6317:_D-galactose_degradation_I_(Leloir_pathway),3
PWY-5384:_sucrose_degradation_IV_(sucrose_phosphorylase),PWY-6385:_peptidoglycan_biosynthesis_III_(mycobacteria),3
PWY-5384:_sucrose_degradation_IV_(sucrose_phosphorylase),PWY-6386:_UDP-N-acetylmuramoyl-pentapeptide_biosynthesis_II_(lysine-containing),4
PWY-5384:_sucrose_degradation_IV_(sucrose_phosphorylase),PWY-6387:_UDP-N-acetylmuramoyl-pentapeptide_biosynthesis_I_(meso-diaminopimelate_containing),4
PWY-5384:_sucrose_degradation_IV_(sucrose_phosphorylase),PWY-6507:_4-deoxy-L-threo-hex-4-enopyranuronate_degradation,1
PWY-5384:_sucrose_degradation_IV_(sucrose_phosphorylase),PWY-6527:_stachyose_degradation,3
PWY-5384:_sucrose_degradation_IV_(sucrose_phosphorylase),PWY-6608:_guanosine_nucleotides_degradation_III,3
PWY-5384:_sucrose_degradation_IV_(sucrose_phosphorylase),PWY-6609:_adenine_and_adenosine_salvage_III,4
PWY-5384:_sucrose_degradation_IV_(sucrose_phosphorylase),PWY-6700:_queuosine_biosynthesis_I_(de_novo),4
PWY-5384:_sucrose_degradation_IV_(sucrose_phosphorylase),PWY-6703:_preQ0_biosynthesis,3
PWY-5384:_sucrose_degradation_IV_(sucrose_phosphorylase),PWY-6823:_molybdopterin_biosynthesis,2
PWY-5384:_sucrose_degradation_IV_(sucrose_phosphorylase),PWY-6897:_thiamine_diphosphate_salvage_II,3
PWY-5384:_sucrose_degradation_IV_(sucrose_phosphorylase),PWY-6936:_seleno-amino_acid_biosynthesis_(plants),2
PWY-5384:_sucrose_degradation_IV_(sucrose_phosphorylase),PWY-7111:_pyruvate_fermentation_to_isobutanol_(engineered),3
PWY-5384:_sucrose_degradation_IV_(sucrose_phosphorylase),PWY-7199:_pyrimidine_deoxyribonucleosides_salvage,2
PWY-5384:_sucrose_degradation_IV_(sucrose_phosphorylase),PWY-7220:_adenosine_deoxyribonucleotides_de_novo_biosynthesis_II,2
PWY-5384:_sucrose_degradation_IV_(sucrose_phosphorylase),PWY-7221:_guanosine_ribonucleotides_de_novo_biosynthesis,4
PWY-5384:_sucrose_degradation_IV_(sucrose_phosphorylase),PWY-7222:_guanosine_deoxyribonucleotides_de_novo_biosynthesis_II,2
PWY-5384:_sucrose_degradation_IV_(sucrose_phosphorylase),PWY-7228:_superpathway_of_guanosine_nucleotides_de_novo_biosynthesis_I,2
PWY-5384:_sucrose_degradation_IV_(sucrose_phosphorylase),PWY-7229:_superpathway_of_adenosine_nucleotides_de_novo_biosynthesis_I,2
PWY-5384:_sucrose_degradation_IV_(sucrose_phosphorylase),PWY-7237:_myo-,_chiro-_and_scyllo-inositol_degradation,3
PWY-5384:_sucrose_degradation_IV_(sucrose_phosphorylase),PWY-7238:_sucrose_biosynthesis_II,3
PWY-5384:_sucrose_degradation_IV_(sucrose_phosphorylase),PWY-7242:_D-fructuronate_degradation,1
PWY-5384:_sucrose_degradation_IV_(sucrose_phosphorylase),PWY-724:_superpathway_of_L-lysine,_L-threonine_and_L-methionine_biosynthesis_II,1
PWY-5384:_sucrose_degradation_IV_(sucrose_phosphorylase),PWY-7282:_4-amino-2-methyl-5-diphosphomethylpyrimidine_biosynthesis_II,2
PWY-5384:_sucrose_degradation_IV_(sucrose_phosphorylase),PWY-7357:_thiamine_phosphate_formation_from_pyrithiamine_and_oxythiamine_(yeast),4
PWY-5384:_sucrose_degradation_IV_(sucrose_phosphorylase),PWY-7456:_&beta;-(1,4)-mannan_degradation,1
PWY-5384:_sucrose_degradation_IV_(sucrose_phosphorylase),PWY-7560:_methylerythritol_phosphate_pathway_II,2
PWY-5384:_sucrose_degradation_IV_(sucrose_phosphorylase),PWY-7663:_gondoate_biosynthesis_(anaerobic),2
PWY-5384:_sucrose_degradation_IV_(sucrose_phosphorylase),PWY-7790:_UMP_biosynthesis_II,4
PWY-5384:_sucrose_degradation_IV_(sucrose_phosphorylase),PWY-7791:_UMP_biosynthesis_III,4
PWY-5384:_sucrose_degradation_IV_(sucrose_phosphorylase),PWY-7851:_coenzyme_A_biosynthesis_II_(eukaryotic),4
PWY-5384:_sucrose_degradation_IV_(sucrose_phosphorylase),PWY-7953:_UDP-N-acetylmuramoyl-pentapeptide_biosynthesis_III_(meso-diaminopimelate_containing),3
PWY-5384:_sucrose_degradation_IV_(sucrose_phosphorylase),PWY-7977:_L-methionine_biosynthesis_IV,3
PWY-5384:_sucrose_degradation_IV_(sucrose_phosphorylase),PWY-8178:_pentose_phosphate_pathway_(non-oxidative_branch)_II,2
PWY-5384:_sucrose_degradation_IV_(sucrose_phosphorylase),PWY0-1296:_purine_ribonucleosides_degradation,2
PWY-5384:_sucrose_degradation_IV_(sucrose_phosphorylase),PWY0-1319:_CDP-diacylglycerol_biosynthesis_II,4
PWY-5384:_sucrose_degradation_IV_(sucrose_phosphorylase),PWY0-1586:_peptidoglycan_maturation_(meso-diaminopimelate_containing),2
PWY-5384:_sucrose_degradation_IV_(sucrose_phosphorylase),PWY0-162:_superpathway_of_pyrimidine_ribonucleotides_de_novo_biosynthesis,1
PWY-5384:_sucrose_degradation_IV_(sucrose_phosphorylase),PWY0-845:_superpathway_of_pyridoxal_5'-phosphate_biosynthesis_and_salvage,2
PWY-5384:_sucrose_degradation_IV_(sucrose_phosphorylase),PWY66-429:_fatty_acid_biosynthesis_initiation_(mitochondria),2
PWY-5384:_sucrose_degradation_IV_(sucrose_phosphorylase),PYRIDNUCSYN-PWY:_NAD_de_novo_biosynthesis_I_(from_aspartate),3
PWY-5384:_sucrose_degradation_IV_(sucrose_phosphorylase),PYRIDOXSYN-PWY:_pyridoxal_5'-phosphate_biosynthesis_I,2
PWY-5384:_sucrose_degradation_IV_(sucrose_phosphorylase),RHAMCAT-PWY:_L-rhamnose_degradation_I,2
PWY-5384:_sucrose_degradation_IV_(sucrose_phosphorylase),RIBOSYN2-PWY:_flavin_biosynthesis_I_(bacteria_and_plants),2
PWY-5384:_sucrose_degradation_IV_(sucrose_phosphorylase),SALVADEHYPOX-PWY:_adenosine_nucleotides_degradation_II,1
PWY-5384:_sucrose_degradation_IV_(sucrose_phosphorylase),SER-GLYSYN-PWY:_superpathway_of_L-serine_and_glycine_biosynthesis_I,4
PWY-5384:_sucrose_degradation_IV_(sucrose_phosphorylase),THISYNARA-PWY:_superpathway_of_thiamine_diphosphate_biosynthesis_III_(eukaryotes),4
PWY-5384:_sucrose_degradation_IV_(sucrose_phosphorylase),THRESYN-PWY:_superpathway_of_L-threonine_biosynthesis,1
PWY-5384:_sucrose_degradation_IV_(sucrose_phosphorylase),TRNA-CHARGING-PWY:_tRNA_charging,3
PWY-5384:_sucrose_degradation_IV_(sucrose_phosphorylase),UDPNAGSYN-PWY:_UDP-N-acetyl-D-glucosamine_biosynthesis_I,1
PWY-5384:_sucrose_degradation_IV_(sucrose_phosphorylase),VALSYN-PWY:_L-valine_biosynthesis,5
PWY-5484:_glycolysis_II_(from_fructose_6-phosphate),PWY-5667:_CDP-diacylglycerol_biosynthesis_I,1
PWY-5484:_glycolysis_II_(from_fructose_6-phosphate),PWY-6147:_6-hydroxymethyl-dihydropterin_diphosphate_biosynthesis_I,1
PWY-5484:_glycolysis_II_(from_fructose_6-phosphate),PWY-6163:_chorismate_biosynthesis_from_3-dehydroquinate,1
PWY-5484:_glycolysis_II_(from_fructose_6-phosphate),PWY-621:_sucrose_degradation_III_(sucrose_invertase),1
PWY-5484:_glycolysis_II_(from_fructose_6-phosphate),PWY-6270:_isoprene_biosynthesis_I,1
PWY-5484:_glycolysis_II_(from_fructose_6-phosphate),PWY-6609:_adenine_and_adenosine_salvage_III,1
PWY-5484:_glycolysis_II_(from_fructose_6-phosphate),PWY-6700:_queuosine_biosynthesis_I_(de_novo),1
PWY-5484:_glycolysis_II_(from_fructose_6-phosphate),PWY-6703:_preQ0_biosynthesis,1
PWY-5484:_glycolysis_II_(from_fructose_6-phosphate),PWY-6897:_thiamine_diphosphate_salvage_II,1
PWY-5484:_glycolysis_II_(from_fructose_6-phosphate),PWY-7221:_guanosine_ribonucleotides_de_novo_biosynthesis,1
PWY-5484:_glycolysis_II_(from_fructose_6-phosphate),PWY-7237:_myo-,_chiro-_and_scyllo-inositol_degradation,1
PWY-5484:_glycolysis_II_(from_fructose_6-phosphate),PWY-7357:_thiamine_phosphate_formation_from_pyrithiamine_and_oxythiamine_(yeast),1
PWY-5484:_glycolysis_II_(from_fructose_6-phosphate),PWY-7560:_methylerythritol_phosphate_pathway_II,1
PWY-5484:_glycolysis_II_(from_fructose_6-phosphate),PWY-7851:_coenzyme_A_biosynthesis_II_(eukaryotic),1
PWY-5484:_glycolysis_II_(from_fructose_6-phosphate),PWY-7977:_L-methionine_biosynthesis_IV,1
PWY-5484:_glycolysis_II_(from_fructose_6-phosphate),PWY0-1319:_CDP-diacylglycerol_biosynthesis_II,1
PWY-5484:_glycolysis_II_(from_fructose_6-phosphate),PWY0-1586:_peptidoglycan_maturation_(meso-diaminopimelate_containing),1
PWY-5484:_glycolysis_II_(from_fructose_6-phosphate),PYRIDNUCSYN-PWY:_NAD_de_novo_biosynthesis_I_(from_aspartate),1
PWY-5484:_glycolysis_II_(from_fructose_6-phosphate),RHAMCAT-PWY:_L-rhamnose_degradation_I,1
PWY-5484:_glycolysis_II_(from_fructose_6-phosphate),THISYNARA-PWY:_superpathway_of_thiamine_diphosphate_biosynthesis_III_(eukaryotes),1
PWY-5484:_glycolysis_II_(from_fructose_6-phosphate),TRNA-CHARGING-PWY:_tRNA_charging,1
PWY-5484:_glycolysis_II_(from_fructose_6-phosphate),VALSYN-PWY:_L-valine_biosynthesis,1
PWY-5659:_GDP-mannose_biosynthesis,PWY-5667:_CDP-diacylglycerol_biosynthesis_I,4
PWY-5659:_GDP-mannose_biosynthesis,PWY-5686:_UMP_biosynthesis_I,4
PWY-5659:_GDP-mannose_biosynthesis,PWY-5695:_inosine_5'-phosphate_degradation,5
PWY-5659:_GDP-mannose_biosynthesis,PWY-5941:_glycogen_degradation_II,5
PWY-5659:_GDP-mannose_biosynthesis,PWY-5973:_cis-vaccenate_biosynthesis,1
PWY-5659:_GDP-mannose_biosynthesis,PWY-6121:_5-aminoimidazole_ribonucleotide_biosynthesis_I,6
PWY-5659:_GDP-mannose_biosynthesis,PWY-6122:_5-aminoimidazole_ribonucleotide_biosynthesis_II,6
PWY-5659:_GDP-mannose_biosynthesis,PWY-6123:_inosine-5'-phosphate_biosynthesis_I,3
PWY-5659:_GDP-mannose_biosynthesis,PWY-6124:_inosine-5'-phosphate_biosynthesis_II,4
PWY-5659:_GDP-mannose_biosynthesis,PWY-6125:_superpathway_of_guanosine_nucleotides_de_novo_biosynthesis_II,1
PWY-5659:_GDP-mannose_biosynthesis,PWY-6126:_superpathway_of_adenosine_nucleotides_de_novo_biosynthesis_II,1
PWY-5659:_GDP-mannose_biosynthesis,PWY-6147:_6-hydroxymethyl-dihydropterin_diphosphate_biosynthesis_I,1
PWY-5659:_GDP-mannose_biosynthesis,PWY-6151:_S-adenosyl-L-methionine_salvage_I,2
PWY-5659:_GDP-mannose_biosynthesis,PWY-6163:_chorismate_biosynthesis_from_3-dehydroquinate,6
PWY-5659:_GDP-mannose_biosynthesis,PWY-621:_sucrose_degradation_III_(sucrose_invertase),2
PWY-5659:_GDP-mannose_biosynthesis,PWY-6270:_isoprene_biosynthesis_I,1
PWY-5659:_GDP-mannose_biosynthesis,PWY-6277:_superpathway_of_5-aminoimidazole_ribonucleotide_biosynthesis,6
PWY-5659:_GDP-mannose_biosynthesis,PWY-6317:_D-galactose_degradation_I_(Leloir_pathway),4
PWY-5659:_GDP-mannose_biosynthesis,PWY-6385:_peptidoglycan_biosynthesis_III_(mycobacteria),1
PWY-5659:_GDP-mannose_biosynthesis,PWY-6386:_UDP-N-acetylmuramoyl-pentapeptide_biosynthesis_II_(lysine-containing),3
PWY-5659:_GDP-mannose_biosynthesis,PWY-6387:_UDP-N-acetylmuramoyl-pentapeptide_biosynthesis_I_(meso-diaminopimelate_containing),3
PWY-5659:_GDP-mannose_biosynthesis,PWY-6507:_4-deoxy-L-threo-hex-4-enopyranuronate_degradation,1
PWY-5659:_GDP-mannose_biosynthesis,PWY-6527:_stachyose_degradation,4
PWY-5659:_GDP-mannose_biosynthesis,PWY-6606:_guanosine_nucleotides_degradation_II,1
PWY-5659:_GDP-mannose_biosynthesis,PWY-6608:_guanosine_nucleotides_degradation_III,3
PWY-5659:_GDP-mannose_biosynthesis,PWY-6609:_adenine_and_adenosine_salvage_III,4
PWY-5659:_GDP-mannose_biosynthesis,PWY-6630:_superpathway_of_L-tyrosine_biosynthesis,1
PWY-5659:_GDP-mannose_biosynthesis,PWY-6700:_queuosine_biosynthesis_I_(de_novo),5
PWY-5659:_GDP-mannose_biosynthesis,PWY-6703:_preQ0_biosynthesis,2
PWY-5659:_GDP-mannose_biosynthesis,PWY-6823:_molybdopterin_biosynthesis,1
PWY-5659:_GDP-mannose_biosynthesis,PWY-6897:_thiamine_diphosphate_salvage_II,2
PWY-5659:_GDP-mannose_biosynthesis,PWY-6936:_seleno-amino_acid_biosynthesis_(plants),1
PWY-5659:_GDP-mannose_biosynthesis,PWY-7111:_pyruvate_fermentation_to_isobutanol_(engineered),4
PWY-5659:_GDP-mannose_biosynthesis,PWY-7199:_pyrimidine_deoxyribonucleosides_salvage,1
PWY-5659:_GDP-mannose_biosynthesis,PWY-7208:_superpathway_of_pyrimidine_nucleobases_salvage,2
PWY-5659:_GDP-mannose_biosynthesis,PWY-7220:_adenosine_deoxyribonucleotides_de_novo_biosynthesis_II,1
PWY-5659:_GDP-mannose_biosynthesis,PWY-7221:_guanosine_ribonucleotides_de_novo_biosynthesis,5
PWY-5659:_GDP-mannose_biosynthesis,PWY-7222:_guanosine_deoxyribonucleotides_de_novo_biosynthesis_II,1
PWY-5659:_GDP-mannose_biosynthesis,PWY-7228:_superpathway_of_guanosine_nucleotides_de_novo_biosynthesis_I,1
PWY-5659:_GDP-mannose_biosynthesis,PWY-7229:_superpathway_of_adenosine_nucleotides_de_novo_biosynthesis_I,1
PWY-5659:_GDP-mannose_biosynthesis,PWY-7237:_myo-,_chiro-_and_scyllo-inositol_degradation,3
PWY-5659:_GDP-mannose_biosynthesis,PWY-7238:_sucrose_biosynthesis_II,5
PWY-5659:_GDP-mannose_biosynthesis,PWY-7242:_D-fructuronate_degradation,1
PWY-5659:_GDP-mannose_biosynthesis,PWY-724:_superpathway_of_L-lysine,_L-threonine_and_L-methionine_biosynthesis_II,2
PWY-5659:_GDP-mannose_biosynthesis,PWY-7282:_4-amino-2-methyl-5-diphosphomethylpyrimidine_biosynthesis_II,1
PWY-5659:_GDP-mannose_biosynthesis,PWY-7357:_thiamine_phosphate_formation_from_pyrithiamine_and_oxythiamine_(yeast),4
PWY-5659:_GDP-mannose_biosynthesis,PWY-7456:_&beta;-(1,4)-mannan_degradation,2
PWY-5659:_GDP-mannose_biosynthesis,PWY-7560:_methylerythritol_phosphate_pathway_II,1
PWY-5659:_GDP-mannose_biosynthesis,PWY-7663:_gondoate_biosynthesis_(anaerobic),1
PWY-5659:_GDP-mannose_biosynthesis,PWY-7790:_UMP_biosynthesis_II,4
PWY-5659:_GDP-mannose_biosynthesis,PWY-7791:_UMP_biosynthesis_III,4
PWY-5659:_GDP-mannose_biosynthesis,PWY-7851:_coenzyme_A_biosynthesis_II_(eukaryotic),3
PWY-5659:_GDP-mannose_biosynthesis,PWY-7953:_UDP-N-acetylmuramoyl-pentapeptide_biosynthesis_III_(meso-diaminopimelate_containing),2
PWY-5659:_GDP-mannose_biosynthesis,PWY-7977:_L-methionine_biosynthesis_IV,4
PWY-5659:_GDP-mannose_biosynthesis,PWY-8178:_pentose_phosphate_pathway_(non-oxidative_branch)_II,3
PWY-5659:_GDP-mannose_biosynthesis,PWY0-1296:_purine_ribonucleosides_degradation,1
PWY-5659:_GDP-mannose_biosynthesis,PWY0-1319:_CDP-diacylglycerol_biosynthesis_II,4
PWY-5659:_GDP-mannose_biosynthesis,PWY0-1586:_peptidoglycan_maturation_(meso-diaminopimelate_containing),1
PWY-5659:_GDP-mannose_biosynthesis,PWY0-845:_superpathway_of_pyridoxal_5'-phosphate_biosynthesis_and_salvage,1
PWY-5659:_GDP-mannose_biosynthesis,PWY4FS-7:_phosphatidylglycerol_biosynthesis_I_(plastidic),1
PWY-5659:_GDP-mannose_biosynthesis,PWY4FS-8:_phosphatidylglycerol_biosynthesis_II_(non-plastidic),1
PWY-5659:_GDP-mannose_biosynthesis,PWY66-429:_fatty_acid_biosynthesis_initiation_(mitochondria),2
PWY-5659:_GDP-mannose_biosynthesis,PYRIDNUCSYN-PWY:_NAD_de_novo_biosynthesis_I_(from_aspartate),4
PWY-5659:_GDP-mannose_biosynthesis,PYRIDOXSYN-PWY:_pyridoxal_5'-phosphate_biosynthesis_I,1
PWY-5659:_GDP-mannose_biosynthesis,RHAMCAT-PWY:_L-rhamnose_degradation_I,1
PWY-5659:_GDP-mannose_biosynthesis,RIBOSYN2-PWY:_flavin_biosynthesis_I_(bacteria_and_plants),2
PWY-5659:_GDP-mannose_biosynthesis,SALVADEHYPOX-PWY:_adenosine_nucleotides_degradation_II,1
PWY-5659:_GDP-mannose_biosynthesis,SER-GLYSYN-PWY:_superpathway_of_L-serine_and_glycine_biosynthesis_I,5
PWY-5659:_GDP-mannose_biosynthesis,THISYNARA-PWY:_superpathway_of_thiamine_diphosphate_biosynthesis_III_(eukaryotes),3
PWY-5659:_GDP-mannose_biosynthesis,THRESYN-PWY:_superpathway_of_L-threonine_biosynthesis,1
PWY-5659:_GDP-mannose_biosynthesis,TRNA-CHARGING-PWY:_tRNA_charging,3
PWY-5659:_GDP-mannose_biosynthesis,UDPNAGSYN-PWY:_UDP-N-acetyl-D-glucosamine_biosynthesis_I,2
PWY-5659:_GDP-mannose_biosynthesis,VALSYN-PWY:_L-valine_biosynthesis,5
PWY-5667:_CDP-diacylglycerol_biosynthesis_I,PWY-5686:_UMP_biosynthesis_I,17
PWY-5667:_CDP-diacylglycerol_biosynthesis_I,PWY-5695:_inosine_5'-phosphate_degradation,14
PWY-5667:_CDP-diacylglycerol_biosynthesis_I,PWY-5941:_glycogen_degradation_II,9
PWY-5667:_CDP-diacylglycerol_biosynthesis_I,PWY-5973:_cis-vaccenate_biosynthesis,10
PWY-5667:_CDP-diacylglycerol_biosynthesis_I,PWY-5989:_stearate_biosynthesis_II_(bacteria_and_plants),3
PWY-5667:_CDP-diacylglycerol_biosynthesis_I,PWY-6121:_5-aminoimidazole_ribonucleotide_biosynthesis_I,18
PWY-5667:_CDP-diacylglycerol_biosynthesis_I,PWY-6122:_5-aminoimidazole_ribonucleotide_biosynthesis_II,18
PWY-5667:_CDP-diacylglycerol_biosynthesis_I,PWY-6123:_inosine-5'-phosphate_biosynthesis_I,14
PWY-5667:_CDP-diacylglycerol_biosynthesis_I,PWY-6124:_inosine-5'-phosphate_biosynthesis_II,14
PWY-5667:_CDP-diacylglycerol_biosynthesis_I,PWY-6125:_superpathway_of_guanosine_nucleotides_de_novo_biosynthesis_II,6
PWY-5667:_CDP-diacylglycerol_biosynthesis_I,PWY-6126:_superpathway_of_adenosine_nucleotides_de_novo_biosynthesis_II,6
PWY-5667:_CDP-diacylglycerol_biosynthesis_I,PWY-6143:_CMP-pseudaminate_biosynthesis,1
PWY-5667:_CDP-diacylglycerol_biosynthesis_I,PWY-6147:_6-hydroxymethyl-dihydropterin_diphosphate_biosynthesis_I,8
PWY-5667:_CDP-diacylglycerol_biosynthesis_I,PWY-6151:_S-adenosyl-L-methionine_salvage_I,8
PWY-5667:_CDP-diacylglycerol_biosynthesis_I,PWY-6163:_chorismate_biosynthesis_from_3-dehydroquinate,18
PWY-5667:_CDP-diacylglycerol_biosynthesis_I,PWY-621:_sucrose_degradation_III_(sucrose_invertase),4
PWY-5667:_CDP-diacylglycerol_biosynthesis_I,PWY-6270:_isoprene_biosynthesis_I,4
PWY-5667:_CDP-diacylglycerol_biosynthesis_I,PWY-6277:_superpathway_of_5-aminoimidazole_ribonucleotide_biosynthesis,18
PWY-5667:_CDP-diacylglycerol_biosynthesis_I,PWY-6282:_palmitoleate_biosynthesis_I_(from_(5Z)-dodec-5-enoate),3
PWY-5667:_CDP-diacylglycerol_biosynthesis_I,PWY-6317:_D-galactose_degradation_I_(Leloir_pathway),6
PWY-5667:_CDP-diacylglycerol_biosynthesis_I,PWY-6385:_peptidoglycan_biosynthesis_III_(mycobacteria),14
PWY-5667:_CDP-diacylglycerol_biosynthesis_I,PWY-6386:_UDP-N-acetylmuramoyl-pentapeptide_biosynthesis_II_(lysine-containing),16
PWY-5667:_CDP-diacylglycerol_biosynthesis_I,PWY-6387:_UDP-N-acetylmuramoyl-pentapeptide_biosynthesis_I_(meso-diaminopimelate_containing),17
PWY-5667:_CDP-diacylglycerol_biosynthesis_I,PWY-6507:_4-deoxy-L-threo-hex-4-enopyranuronate_degradation,1
PWY-5667:_CDP-diacylglycerol_biosynthesis_I,PWY-6519:_8-amino-7-oxononanoate_biosynthesis_I,1
PWY-5667:_CDP-diacylglycerol_biosynthesis_I,PWY-6527:_stachyose_degradation,4
PWY-5667:_CDP-diacylglycerol_biosynthesis_I,PWY-6572:_chondroitin_sulfate_degradation_I_(bacterial),1
PWY-5667:_CDP-diacylglycerol_biosynthesis_I,PWY-6606:_guanosine_nucleotides_degradation_II,1
PWY-5667:_CDP-diacylglycerol_biosynthesis_I,PWY-6608:_guanosine_nucleotides_degradation_III,5
PWY-5667:_CDP-diacylglycerol_biosynthesis_I,PWY-6609:_adenine_and_adenosine_salvage_III,18
PWY-5667:_CDP-diacylglycerol_biosynthesis_I,PWY-6630:_superpathway_of_L-tyrosine_biosynthesis,1
PWY-5667:_CDP-diacylglycerol_biosynthesis_I,PWY-6700:_queuosine_biosynthesis_I_(de_novo),16
PWY-5667:_CDP-diacylglycerol_biosynthesis_I,PWY-6703:_preQ0_biosynthesis,11
PWY-5667:_CDP-diacylglycerol_biosynthesis_I,PWY-6731:_starch_degradation_III,1
PWY-5667:_CDP-diacylglycerol_biosynthesis_I,PWY-6823:_molybdopterin_biosynthesis,4
PWY-5667:_CDP-diacylglycerol_biosynthesis_I,PWY-6897:_thiamine_diphosphate_salvage_II,6
PWY-5667:_CDP-diacylglycerol_biosynthesis_I,PWY-6902:_chitin_degradation_II_(Vibrio),4
PWY-5667:_CDP-diacylglycerol_biosynthesis_I,PWY-6936:_seleno-amino_acid_biosynthesis_(plants),2
PWY-5667:_CDP-diacylglycerol_biosynthesis_I,PWY-7111:_pyruvate_fermentation_to_isobutanol_(engineered),7
PWY-5667:_CDP-diacylglycerol_biosynthesis_I,PWY-7199:_pyrimidine_deoxyribonucleosides_salvage,8
PWY-5667:_CDP-diacylglycerol_biosynthesis_I,PWY-7208:_superpathway_of_pyrimidine_nucleobases_salvage,2
PWY-5667:_CDP-diacylglycerol_biosynthesis_I,PWY-7220:_adenosine_deoxyribonucleotides_de_novo_biosynthesis_II,6
PWY-5667:_CDP-diacylglycerol_biosynthesis_I,PWY-7221:_guanosine_ribonucleotides_de_novo_biosynthesis,18
PWY-5667:_CDP-diacylglycerol_biosynthesis_I,PWY-7222:_guanosine_deoxyribonucleotides_de_novo_biosynthesis_II,6
PWY-5667:_CDP-diacylglycerol_biosynthesis_I,PWY-7228:_superpathway_of_guanosine_nucleotides_de_novo_biosynthesis_I,6
PWY-5667:_CDP-diacylglycerol_biosynthesis_I,PWY-7229:_superpathway_of_adenosine_nucleotides_de_novo_biosynthesis_I,6
PWY-5667:_CDP-diacylglycerol_biosynthesis_I,PWY-7234:_inosine-5'-phosphate_biosynthesis_III,2
PWY-5667:_CDP-diacylglycerol_biosynthesis_I,PWY-7237:_myo-,_chiro-_and_scyllo-inositol_degradation,8
PWY-5667:_CDP-diacylglycerol_biosynthesis_I,PWY-7238:_sucrose_biosynthesis_II,11
PWY-5667:_CDP-diacylglycerol_biosynthesis_I,PWY-7242:_D-fructuronate_degradation,1
PWY-5667:_CDP-diacylglycerol_biosynthesis_I,PWY-724:_superpathway_of_L-lysine,_L-threonine_and_L-methionine_biosynthesis_II,4
PWY-5667:_CDP-diacylglycerol_biosynthesis_I,PWY-7282:_4-amino-2-methyl-5-diphosphomethylpyrimidine_biosynthesis_II,3
PWY-5667:_CDP-diacylglycerol_biosynthesis_I,PWY-7312:_dTDP-&beta;-D-fucofuranose_biosynthesis,1
PWY-5667:_CDP-diacylglycerol_biosynthesis_I,PWY-7315:_dTDP-N-acetylthomosamine_biosynthesis,2
PWY-5667:_CDP-diacylglycerol_biosynthesis_I,PWY-7316:_dTDP-N-acetylviosamine_biosynthesis,1
PWY-5667:_CDP-diacylglycerol_biosynthesis_I,PWY-7357:_thiamine_phosphate_formation_from_pyrithiamine_and_oxythiamine_(yeast),11
PWY-5667:_CDP-diacylglycerol_biosynthesis_I,PWY-7456:_&beta;-(1,4)-mannan_degradation,1
PWY-5667:_CDP-diacylglycerol_biosynthesis_I,PWY-7560:_methylerythritol_phosphate_pathway_II,4
PWY-5667:_CDP-diacylglycerol_biosynthesis_I,PWY-7663:_gondoate_biosynthesis_(anaerobic),10
PWY-5667:_CDP-diacylglycerol_biosynthesis_I,PWY-7664:_oleate_biosynthesis_IV_(anaerobic),3
PWY-5667:_CDP-diacylglycerol_biosynthesis_I,PWY-7688:_dTDP-&alpha;-D-ravidosamine_and_dTDP-4-acetyl-&alpha;-D-ravidosamine_biosynthesis,1
PWY-5667:_CDP-diacylglycerol_biosynthesis_I,PWY-7790:_UMP_biosynthesis_II,17
PWY-5667:_CDP-diacylglycerol_biosynthesis_I,PWY-7791:_UMP_biosynthesis_III,17
PWY-5667:_CDP-diacylglycerol_biosynthesis_I,PWY-7851:_coenzyme_A_biosynthesis_II_(eukaryotic),16
PWY-5667:_CDP-diacylglycerol_biosynthesis_I,PWY-7953:_UDP-N-acetylmuramoyl-pentapeptide_biosynthesis_III_(meso-diaminopimelate_containing),16
PWY-5667:_CDP-diacylglycerol_biosynthesis_I,PWY-7977:_L-methionine_biosynthesis_IV,16
PWY-5667:_CDP-diacylglycerol_biosynthesis_I,PWY-8073:_lipid_IVA_biosynthesis_(P._putida),3
PWY-5667:_CDP-diacylglycerol_biosynthesis_I,PWY-8178:_pentose_phosphate_pathway_(non-oxidative_branch)_II,7
PWY-5667:_CDP-diacylglycerol_biosynthesis_I,PWY0-1061:_superpathway_of_L-alanine_biosynthesis,2
PWY-5667:_CDP-diacylglycerol_biosynthesis_I,PWY0-1296:_purine_ribonucleosides_degradation,4
PWY-5667:_CDP-diacylglycerol_biosynthesis_I,PWY0-1319:_CDP-diacylglycerol_biosynthesis_II,19
PWY-5667:_CDP-diacylglycerol_biosynthesis_I,PWY0-1586:_peptidoglycan_maturation_(meso-diaminopimelate_containing),9
PWY-5667:_CDP-diacylglycerol_biosynthesis_I,PWY0-162:_superpathway_of_pyrimidine_ribonucleotides_de_novo_biosynthesis,2
PWY-5667:_CDP-diacylglycerol_biosynthesis_I,PWY0-845:_superpathway_of_pyridoxal_5'-phosphate_biosynthesis_and_salvage,5
PWY-5667:_CDP-diacylglycerol_biosynthesis_I,PWY0-862:_(5Z)-dodecenoate_biosynthesis_I,3
PWY-5667:_CDP-diacylglycerol_biosynthesis_I,PWY4FS-7:_phosphatidylglycerol_biosynthesis_I_(plastidic),1
PWY-5667:_CDP-diacylglycerol_biosynthesis_I,PWY4FS-8:_phosphatidylglycerol_biosynthesis_II_(non-plastidic),1
PWY-5667:_CDP-diacylglycerol_biosynthesis_I,PWY66-429:_fatty_acid_biosynthesis_initiation_(mitochondria),10
PWY-5667:_CDP-diacylglycerol_biosynthesis_I,PYRIDNUCSYN-PWY:_NAD_de_novo_biosynthesis_I_(from_aspartate),8
PWY-5667:_CDP-diacylglycerol_biosynthesis_I,PYRIDOXSYN-PWY:_pyridoxal_5'-phosphate_biosynthesis_I,6
PWY-5667:_CDP-diacylglycerol_biosynthesis_I,RHAMCAT-PWY:_L-rhamnose_degradation_I,8
PWY-5667:_CDP-diacylglycerol_biosynthesis_I,RIBOSYN2-PWY:_flavin_biosynthesis_I_(bacteria_and_plants),8
PWY-5667:_CDP-diacylglycerol_biosynthesis_I,SALVADEHYPOX-PWY:_adenosine_nucleotides_degradation_II,1
PWY-5667:_CDP-diacylglycerol_biosynthesis_I,SER-GLYSYN-PWY:_superpathway_of_L-serine_and_glycine_biosynthesis_I,15
PWY-5667:_CDP-diacylglycerol_biosynthesis_I,THISYNARA-PWY:_superpathway_of_thiamine_diphosphate_biosynthesis_III_(eukaryotes),9
PWY-5667:_CDP-diacylglycerol_biosynthesis_I,THRESYN-PWY:_superpathway_of_L-threonine_biosynthesis,5
PWY-5667:_CDP-diacylglycerol_biosynthesis_I,TRNA-CHARGING-PWY:_tRNA_charging,13
PWY-5667:_CDP-diacylglycerol_biosynthesis_I,UDPNAGSYN-PWY:_UDP-N-acetyl-D-glucosamine_biosynthesis_I,1
PWY-5667:_CDP-diacylglycerol_biosynthesis_I,VALSYN-PWY:_L-valine_biosynthesis,18
PWY-5686:_UMP_biosynthesis_I,PWY-5695:_inosine_5'-phosphate_degradation,17
PWY-5686:_UMP_biosynthesis_I,PWY-5941:_glycogen_degradation_II,8
PWY-5686:_UMP_biosynthesis_I,PWY-5973:_cis-vaccenate_biosynthesis,12
PWY-5686:_UMP_biosynthesis_I,PWY-5989:_stearate_biosynthesis_II_(bacteria_and_plants),3
PWY-5686:_UMP_biosynthesis_I,PWY-6121:_5-aminoimidazole_ribonucleotide_biosynthesis_I,22
PWY-5686:_UMP_biosynthesis_I,PWY-6122:_5-aminoimidazole_ribonucleotide_biosynthesis_II,22
PWY-5686:_UMP_biosynthesis_I,PWY-6123:_inosine-5'-phosphate_biosynthesis_I,18
PWY-5686:_UMP_biosynthesis_I,PWY-6124:_inosine-5'-phosphate_biosynthesis_II,18
PWY-5686:_UMP_biosynthesis_I,PWY-6125:_superpathway_of_guanosine_nucleotides_de_novo_biosynthesis_II,9
PWY-5686:_UMP_biosynthesis_I,PWY-6126:_superpathway_of_adenosine_nucleotides_de_novo_biosynthesis_II,9
PWY-5686:_UMP_biosynthesis_I,PWY-6143:_CMP-pseudaminate_biosynthesis,1
PWY-5686:_UMP_biosynthesis_I,PWY-6147:_6-hydroxymethyl-dihydropterin_diphosphate_biosynthesis_I,9
PWY-5686:_UMP_biosynthesis_I,PWY-6151:_S-adenosyl-L-methionine_salvage_I,11
PWY-5686:_UMP_biosynthesis_I,PWY-6163:_chorismate_biosynthesis_from_3-dehydroquinate,20
PWY-5686:_UMP_biosynthesis_I,PWY-621:_sucrose_degradation_III_(sucrose_invertase),3
PWY-5686:_UMP_biosynthesis_I,PWY-6270:_isoprene_biosynthesis_I,5
PWY-5686:_UMP_biosynthesis_I,PWY-6277:_superpathway_of_5-aminoimidazole_ribonucleotide_biosynthesis,22
PWY-5686:_UMP_biosynthesis_I,PWY-6282:_palmitoleate_biosynthesis_I_(from_(5Z)-dodec-5-enoate),3
PWY-5686:_UMP_biosynthesis_I,PWY-6317:_D-galactose_degradation_I_(Leloir_pathway),5
PWY-5686:_UMP_biosynthesis_I,PWY-6385:_peptidoglycan_biosynthesis_III_(mycobacteria),18
PWY-5686:_UMP_biosynthesis_I,PWY-6386:_UDP-N-acetylmuramoyl-pentapeptide_biosynthesis_II_(lysine-containing),20
PWY-5686:_UMP_biosynthesis_I,PWY-6387:_UDP-N-acetylmuramoyl-pentapeptide_biosynthesis_I_(meso-diaminopimelate_containing),22
PWY-5686:_UMP_biosynthesis_I,PWY-6507:_4-deoxy-L-threo-hex-4-enopyranuronate_degradation,1
PWY-5686:_UMP_biosynthesis_I,PWY-6519:_8-amino-7-oxononanoate_biosynthesis_I,1
PWY-5686:_UMP_biosynthesis_I,PWY-6527:_stachyose_degradation,4
PWY-5686:_UMP_biosynthesis_I,PWY-6572:_chondroitin_sulfate_degradation_I_(bacterial),1
PWY-5686:_UMP_biosynthesis_I,PWY-6606:_guanosine_nucleotides_degradation_II,1
PWY-5686:_UMP_biosynthesis_I,PWY-6608:_guanosine_nucleotides_degradation_III,5
PWY-5686:_UMP_biosynthesis_I,PWY-6609:_adenine_and_adenosine_salvage_III,21
PWY-5686:_UMP_biosynthesis_I,PWY-6628:_superpathway_of_L-phenylalanine_biosynthesis,1
PWY-5686:_UMP_biosynthesis_I,PWY-6630:_superpathway_of_L-tyrosine_biosynthesis,1
PWY-5686:_UMP_biosynthesis_I,PWY-6700:_queuosine_biosynthesis_I_(de_novo),19
PWY-5686:_UMP_biosynthesis_I,PWY-6703:_preQ0_biosynthesis,14
PWY-5686:_UMP_biosynthesis_I,PWY-6823:_molybdopterin_biosynthesis,4
PWY-5686:_UMP_biosynthesis_I,PWY-6897:_thiamine_diphosphate_salvage_II,5
PWY-5686:_UMP_biosynthesis_I,PWY-6902:_chitin_degradation_II_(Vibrio),4
PWY-5686:_UMP_biosynthesis_I,PWY-6936:_seleno-amino_acid_biosynthesis_(plants),1
PWY-5686:_UMP_biosynthesis_I,PWY-7111:_pyruvate_fermentation_to_isobutanol_(engineered),10
PWY-5686:_UMP_biosynthesis_I,PWY-7199:_pyrimidine_deoxyribonucleosides_salvage,10
PWY-5686:_UMP_biosynthesis_I,PWY-7208:_superpathway_of_pyrimidine_nucleobases_salvage,2
PWY-5686:_UMP_biosynthesis_I,PWY-7220:_adenosine_deoxyribonucleotides_de_novo_biosynthesis_II,9
PWY-5686:_UMP_biosynthesis_I,PWY-7221:_guanosine_ribonucleotides_de_novo_biosynthesis,22
PWY-5686:_UMP_biosynthesis_I,PWY-7222:_guanosine_deoxyribonucleotides_de_novo_biosynthesis_II,9
PWY-5686:_UMP_biosynthesis_I,PWY-7228:_superpathway_of_guanosine_nucleotides_de_novo_biosynthesis_I,9
PWY-5686:_UMP_biosynthesis_I,PWY-7229:_superpathway_of_adenosine_nucleotides_de_novo_biosynthesis_I,9
PWY-5686:_UMP_biosynthesis_I,PWY-7234:_inosine-5'-phosphate_biosynthesis_III,3
PWY-5686:_UMP_biosynthesis_I,PWY-7237:_myo-,_chiro-_and_scyllo-inositol_degradation,8
PWY-5686:_UMP_biosynthesis_I,PWY-7238:_sucrose_biosynthesis_II,11
PWY-5686:_UMP_biosynthesis_I,PWY-7242:_D-fructuronate_degradation,1
PWY-5686:_UMP_biosynthesis_I,PWY-724:_superpathway_of_L-lysine,_L-threonine_and_L-methionine_biosynthesis_II,3
PWY-5686:_UMP_biosynthesis_I,PWY-7282:_4-amino-2-methyl-5-diphosphomethylpyrimidine_biosynthesis_II,3
PWY-5686:_UMP_biosynthesis_I,PWY-7312:_dTDP-&beta;-D-fucofuranose_biosynthesis,1
PWY-5686:_UMP_biosynthesis_I,PWY-7315:_dTDP-N-acetylthomosamine_biosynthesis,2
PWY-5686:_UMP_biosynthesis_I,PWY-7316:_dTDP-N-acetylviosamine_biosynthesis,1
PWY-5686:_UMP_biosynthesis_I,PWY-7357:_thiamine_phosphate_formation_from_pyrithiamine_and_oxythiamine_(yeast),9
PWY-5686:_UMP_biosynthesis_I,PWY-7456:_&beta;-(1,4)-mannan_degradation,1
PWY-5686:_UMP_biosynthesis_I,PWY-7560:_methylerythritol_phosphate_pathway_II,5
PWY-5686:_UMP_biosynthesis_I,PWY-7663:_gondoate_biosynthesis_(anaerobic),12
PWY-5686:_UMP_biosynthesis_I,PWY-7664:_oleate_biosynthesis_IV_(anaerobic),3
PWY-5686:_UMP_biosynthesis_I,PWY-7688:_dTDP-&alpha;-D-ravidosamine_and_dTDP-4-acetyl-&alpha;-D-ravidosamine_biosynthesis,1
PWY-5686:_UMP_biosynthesis_I,PWY-7790:_UMP_biosynthesis_II,24
PWY-5686:_UMP_biosynthesis_I,PWY-7791:_UMP_biosynthesis_III,24
PWY-5686:_UMP_biosynthesis_I,PWY-7851:_coenzyme_A_biosynthesis_II_(eukaryotic),20
PWY-5686:_UMP_biosynthesis_I,PWY-7953:_UDP-N-acetylmuramoyl-pentapeptide_biosynthesis_III_(meso-diaminopimelate_containing),20
PWY-5686:_UMP_biosynthesis_I,PWY-7977:_L-methionine_biosynthesis_IV,18
PWY-5686:_UMP_biosynthesis_I,PWY-8004:_Entner-Doudoroff_pathway_I,1
PWY-5686:_UMP_biosynthesis_I,PWY-8073:_lipid_IVA_biosynthesis_(P._putida),3
PWY-5686:_UMP_biosynthesis_I,PWY-8178:_pentose_phosphate_pathway_(non-oxidative_branch)_II,7
PWY-5686:_UMP_biosynthesis_I,PWY-8187:_L-arginine_degradation_XIII_(reductive_Stickland_reaction),1
PWY-5686:_UMP_biosynthesis_I,PWY0-1061:_superpathway_of_L-alanine_biosynthesis,2
PWY-5686:_UMP_biosynthesis_I,PWY0-1241:_ADP-L-glycero-&beta;-D-manno-heptose_biosynthesis,1
PWY-5686:_UMP_biosynthesis_I,PWY0-1296:_purine_ribonucleosides_degradation,5
PWY-5686:_UMP_biosynthesis_I,PWY0-1319:_CDP-diacylglycerol_biosynthesis_II,17
PWY-5686:_UMP_biosynthesis_I,PWY0-1586:_peptidoglycan_maturation_(meso-diaminopimelate_containing),9
PWY-5686:_UMP_biosynthesis_I,PWY0-162:_superpathway_of_pyrimidine_ribonucleotides_de_novo_biosynthesis,2
PWY-5686:_UMP_biosynthesis_I,PWY0-845:_superpathway_of_pyridoxal_5'-phosphate_biosynthesis_and_salvage,6
PWY-5686:_UMP_biosynthesis_I,PWY0-862:_(5Z)-dodecenoate_biosynthesis_I,3
PWY-5686:_UMP_biosynthesis_I,PWY4FS-7:_phosphatidylglycerol_biosynthesis_I_(plastidic),1
PWY-5686:_UMP_biosynthesis_I,PWY4FS-8:_phosphatidylglycerol_biosynthesis_II_(non-plastidic),1
PWY-5686:_UMP_biosynthesis_I,PWY66-429:_fatty_acid_biosynthesis_initiation_(mitochondria),11
PWY-5686:_UMP_biosynthesis_I,PYRIDNUCSYN-PWY:_NAD_de_novo_biosynthesis_I_(from_aspartate),10
PWY-5686:_UMP_biosynthesis_I,PYRIDOXSYN-PWY:_pyridoxal_5'-phosphate_biosynthesis_I,7
PWY-5686:_UMP_biosynthesis_I,RHAMCAT-PWY:_L-rhamnose_degradation_I,8
PWY-5686:_UMP_biosynthesis_I,RIBOSYN2-PWY:_flavin_biosynthesis_I_(bacteria_and_plants),11
PWY-5686:_UMP_biosynthesis_I,SALVADEHYPOX-PWY:_adenosine_nucleotides_degradation_II,1
PWY-5686:_UMP_biosynthesis_I,SER-GLYSYN-PWY:_superpathway_of_L-serine_and_glycine_biosynthesis_I,18
PWY-5686:_UMP_biosynthesis_I,THISYNARA-PWY:_superpathway_of_thiamine_diphosphate_biosynthesis_III_(eukaryotes),8
PWY-5686:_UMP_biosynthesis_I,THRESYN-PWY:_superpathway_of_L-threonine_biosynthesis,7
PWY-5686:_UMP_biosynthesis_I,TRNA-CHARGING-PWY:_tRNA_charging,16
PWY-5686:_UMP_biosynthesis_I,UDPNAGSYN-PWY:_UDP-N-acetyl-D-glucosamine_biosynthesis_I,3
PWY-5686:_UMP_biosynthesis_I,VALSYN-PWY:_L-valine_biosynthesis,22
PWY-5695:_inosine_5'-phosphate_degradation,PWY-5941:_glycogen_degradation_II,8
PWY-5695:_inosine_5'-phosphate_degradation,PWY-5973:_cis-vaccenate_biosynthesis,11
PWY-5695:_inosine_5'-phosphate_degradation,PWY-5989:_stearate_biosynthesis_II_(bacteria_and_plants),3
PWY-5695:_inosine_5'-phosphate_degradation,PWY-6121:_5-aminoimidazole_ribonucleotide_biosynthesis_I,20
PWY-5695:_inosine_5'-phosphate_degradation,PWY-6122:_5-aminoimidazole_ribonucleotide_biosynthesis_II,20
PWY-5695:_inosine_5'-phosphate_degradation,PWY-6123:_inosine-5'-phosphate_biosynthesis_I,15
PWY-5695:_inosine_5'-phosphate_degradation,PWY-6124:_inosine-5'-phosphate_biosynthesis_II,16
PWY-5695:_inosine_5'-phosphate_degradation,PWY-6125:_superpathway_of_guanosine_nucleotides_de_novo_biosynthesis_II,9
PWY-5695:_inosine_5'-phosphate_degradation,PWY-6126:_superpathway_of_adenosine_nucleotides_de_novo_biosynthesis_II,9
PWY-5695:_inosine_5'-phosphate_degradation,PWY-6143:_CMP-pseudaminate_biosynthesis,1
PWY-5695:_inosine_5'-phosphate_degradation,PWY-6147:_6-hydroxymethyl-dihydropterin_diphosphate_biosynthesis_I,9
PWY-5695:_inosine_5'-phosphate_degradation,PWY-6151:_S-adenosyl-L-methionine_salvage_I,8
PWY-5695:_inosine_5'-phosphate_degradation,PWY-6163:_chorismate_biosynthesis_from_3-dehydroquinate,17
PWY-5695:_inosine_5'-phosphate_degradation,PWY-621:_sucrose_degradation_III_(sucrose_invertase),4
PWY-5695:_inosine_5'-phosphate_degradation,PWY-6270:_isoprene_biosynthesis_I,4
PWY-5695:_inosine_5'-phosphate_degradation,PWY-6277:_superpathway_of_5-aminoimidazole_ribonucleotide_biosynthesis,20
PWY-5695:_inosine_5'-phosphate_degradation,PWY-6282:_palmitoleate_biosynthesis_I_(from_(5Z)-dodec-5-enoate),3
PWY-5695:_inosine_5'-phosphate_degradation,PWY-6317:_D-galactose_degradation_I_(Leloir_pathway),5
PWY-5695:_inosine_5'-phosphate_degradation,PWY-6385:_peptidoglycan_biosynthesis_III_(mycobacteria),15
PWY-5695:_inosine_5'-phosphate_degradation,PWY-6386:_UDP-N-acetylmuramoyl-pentapeptide_biosynthesis_II_(lysine-containing),16
PWY-5695:_inosine_5'-phosphate_degradation,PWY-6387:_UDP-N-acetylmuramoyl-pentapeptide_biosynthesis_I_(meso-diaminopimelate_containing),18
PWY-5695:_inosine_5'-phosphate_degradation,PWY-6507:_4-deoxy-L-threo-hex-4-enopyranuronate_degradation,1
PWY-5695:_inosine_5'-phosphate_degradation,PWY-6519:_8-amino-7-oxononanoate_biosynthesis_I,1
PWY-5695:_inosine_5'-phosphate_degradation,PWY-6527:_stachyose_degradation,4
PWY-5695:_inosine_5'-phosphate_degradation,PWY-6572:_chondroitin_sulfate_degradation_I_(bacterial),1
PWY-5695:_inosine_5'-phosphate_degradation,PWY-6606:_guanosine_nucleotides_degradation_II,1
PWY-5695:_inosine_5'-phosphate_degradation,PWY-6608:_guanosine_nucleotides_degradation_III,5
PWY-5695:_inosine_5'-phosphate_degradation,PWY-6609:_adenine_and_adenosine_salvage_III,17
PWY-5695:_inosine_5'-phosphate_degradation,PWY-6700:_queuosine_biosynthesis_I_(de_novo),15
PWY-5695:_inosine_5'-phosphate_degradation,PWY-6703:_preQ0_biosynthesis,14
PWY-5695:_inosine_5'-phosphate_degradation,PWY-6731:_starch_degradation_III,1
PWY-5695:_inosine_5'-phosphate_degradation,PWY-6823:_molybdopterin_biosynthesis,2
PWY-5695:_inosine_5'-phosphate_degradation,PWY-6897:_thiamine_diphosphate_salvage_II,4
PWY-5695:_inosine_5'-phosphate_degradation,PWY-6902:_chitin_degradation_II_(Vibrio),4
PWY-5695:_inosine_5'-phosphate_degradation,PWY-6936:_seleno-amino_acid_biosynthesis_(plants),3
PWY-5695:_inosine_5'-phosphate_degradation,PWY-7111:_pyruvate_fermentation_to_isobutanol_(engineered),7
PWY-5695:_inosine_5'-phosphate_degradation,PWY-7199:_pyrimidine_deoxyribonucleosides_salvage,10
PWY-5695:_inosine_5'-phosphate_degradation,PWY-7208:_superpathway_of_pyrimidine_nucleobases_salvage,1
PWY-5695:_inosine_5'-phosphate_degradation,PWY-7220:_adenosine_deoxyribonucleotides_de_novo_biosynthesis_II,9
PWY-5695:_inosine_5'-phosphate_degradation,PWY-7221:_guanosine_ribonucleotides_de_novo_biosynthesis,19
PWY-5695:_inosine_5'-phosphate_degradation,PWY-7222:_guanosine_deoxyribonucleotides_de_novo_biosynthesis_II,9
PWY-5695:_inosine_5'-phosphate_degradation,PWY-7228:_superpathway_of_guanosine_nucleotides_de_novo_biosynthesis_I,9
PWY-5695:_inosine_5'-phosphate_degradation,PWY-7229:_superpathway_of_adenosine_nucleotides_de_novo_biosynthesis_I,9
PWY-5695:_inosine_5'-phosphate_degradation,PWY-7234:_inosine-5'-phosphate_biosynthesis_III,3
PWY-5695:_inosine_5'-phosphate_degradation,PWY-7237:_myo-,_chiro-_and_scyllo-inositol_degradation,6
PWY-5695:_inosine_5'-phosphate_degradation,PWY-7238:_sucrose_biosynthesis_II,10
PWY-5695:_inosine_5'-phosphate_degradation,PWY-7242:_D-fructuronate_degradation,1
PWY-5695:_inosine_5'-phosphate_degradation,PWY-724:_superpathway_of_L-lysine,_L-threonine_and_L-methionine_biosynthesis_II,4
PWY-5695:_inosine_5'-phosphate_degradation,PWY-7282:_4-amino-2-methyl-5-diphosphomethylpyrimidine_biosynthesis_II,3
PWY-5695:_inosine_5'-phosphate_degradation,PWY-7312:_dTDP-&beta;-D-fucofuranose_biosynthesis,1
PWY-5695:_inosine_5'-phosphate_degradation,PWY-7315:_dTDP-N-acetylthomosamine_biosynthesis,1
PWY-5695:_inosine_5'-phosphate_degradation,PWY-7316:_dTDP-N-acetylviosamine_biosynthesis,1
PWY-5695:_inosine_5'-phosphate_degradation,PWY-7357:_thiamine_phosphate_formation_from_pyrithiamine_and_oxythiamine_(yeast),7
PWY-5695:_inosine_5'-phosphate_degradation,PWY-7456:_&beta;-(1,4)-mannan_degradation,1
PWY-5695:_inosine_5'-phosphate_degradation,PWY-7560:_methylerythritol_phosphate_pathway_II,4
PWY-5695:_inosine_5'-phosphate_degradation,PWY-7663:_gondoate_biosynthesis_(anaerobic),11
PWY-5695:_inosine_5'-phosphate_degradation,PWY-7664:_oleate_biosynthesis_IV_(anaerobic),3
PWY-5695:_inosine_5'-phosphate_degradation,PWY-7688:_dTDP-&alpha;-D-ravidosamine_and_dTDP-4-acetyl-&alpha;-D-ravidosamine_biosynthesis,1
PWY-5695:_inosine_5'-phosphate_degradation,PWY-7790:_UMP_biosynthesis_II,17
PWY-5695:_inosine_5'-phosphate_degradation,PWY-7791:_UMP_biosynthesis_III,17
PWY-5695:_inosine_5'-phosphate_degradation,PWY-7851:_coenzyme_A_biosynthesis_II_(eukaryotic),16
PWY-5695:_inosine_5'-phosphate_degradation,PWY-7953:_UDP-N-acetylmuramoyl-pentapeptide_biosynthesis_III_(meso-diaminopimelate_containing),17
PWY-5695:_inosine_5'-phosphate_degradation,PWY-7977:_L-methionine_biosynthesis_IV,17
PWY-5695:_inosine_5'-phosphate_degradation,PWY-8004:_Entner-Doudoroff_pathway_I,1
PWY-5695:_inosine_5'-phosphate_degradation,PWY-8073:_lipid_IVA_biosynthesis_(P._putida),3
PWY-5695:_inosine_5'-phosphate_degradation,PWY-8178:_pentose_phosphate_pathway_(non-oxidative_branch)_II,5
PWY-5695:_inosine_5'-phosphate_degradation,PWY-8187:_L-arginine_degradation_XIII_(reductive_Stickland_reaction),1
PWY-5695:_inosine_5'-phosphate_degradation,PWY0-1296:_purine_ribonucleosides_degradation,2
PWY-5695:_inosine_5'-phosphate_degradation,PWY0-1319:_CDP-diacylglycerol_biosynthesis_II,14
PWY-5695:_inosine_5'-phosphate_degradation,PWY0-1586:_peptidoglycan_maturation_(meso-diaminopimelate_containing),9
PWY-5695:_inosine_5'-phosphate_degradation,PWY0-162:_superpathway_of_pyrimidine_ribonucleotides_de_novo_biosynthesis,2
PWY-5695:_inosine_5'-phosphate_degradation,PWY0-845:_superpathway_of_pyridoxal_5'-phosphate_biosynthesis_and_salvage,6
PWY-5695:_inosine_5'-phosphate_degradation,PWY0-862:_(5Z)-dodecenoate_biosynthesis_I,3
PWY-5695:_inosine_5'-phosphate_degradation,PWY4FS-7:_phosphatidylglycerol_biosynthesis_I_(plastidic),1
PWY-5695:_inosine_5'-phosphate_degradation,PWY4FS-8:_phosphatidylglycerol_biosynthesis_II_(non-plastidic),1
PWY-5695:_inosine_5'-phosphate_degradation,PWY66-429:_fatty_acid_biosynthesis_initiation_(mitochondria),10
PWY-5695:_inosine_5'-phosphate_degradation,PYRIDNUCSYN-PWY:_NAD_de_novo_biosynthesis_I_(from_aspartate),12
PWY-5695:_inosine_5'-phosphate_degradation,PYRIDOXSYN-PWY:_pyridoxal_5'-phosphate_biosynthesis_I,7
PWY-5695:_inosine_5'-phosphate_degradation,RHAMCAT-PWY:_L-rhamnose_degradation_I,8
PWY-5695:_inosine_5'-phosphate_degradation,RIBOSYN2-PWY:_flavin_biosynthesis_I_(bacteria_and_plants),8
PWY-5695:_inosine_5'-phosphate_degradation,SALVADEHYPOX-PWY:_adenosine_nucleotides_degradation_II,1
PWY-5695:_inosine_5'-phosphate_degradation,SER-GLYSYN-PWY:_superpathway_of_L-serine_and_glycine_biosynthesis_I,17
PWY-5695:_inosine_5'-phosphate_degradation,THISYNARA-PWY:_superpathway_of_thiamine_diphosphate_biosynthesis_III_(eukaryotes),6
PWY-5695:_inosine_5'-phosphate_degradation,THRESYN-PWY:_superpathway_of_L-threonine_biosynthesis,5
PWY-5695:_inosine_5'-phosphate_degradation,TRNA-CHARGING-PWY:_tRNA_charging,14
PWY-5695:_inosine_5'-phosphate_degradation,UDPNAGSYN-PWY:_UDP-N-acetyl-D-glucosamine_biosynthesis_I,1
PWY-5695:_inosine_5'-phosphate_degradation,VALSYN-PWY:_L-valine_biosynthesis,17
PWY-5941:_glycogen_degradation_II,PWY-5973:_cis-vaccenate_biosynthesis,3
PWY-5941:_glycogen_degradation_II,PWY-6121:_5-aminoimidazole_ribonucleotide_biosynthesis_I,10
PWY-5941:_glycogen_degradation_II,PWY-6122:_5-aminoimidazole_ribonucleotide_biosynthesis_II,10
PWY-5941:_glycogen_degradation_II,PWY-6123:_inosine-5'-phosphate_biosynthesis_I,6
PWY-5941:_glycogen_degradation_II,PWY-6124:_inosine-5'-phosphate_biosynthesis_II,7
PWY-5941:_glycogen_degradation_II,PWY-6125:_superpathway_of_guanosine_nucleotides_de_novo_biosynthesis_II,3
PWY-5941:_glycogen_degradation_II,PWY-6126:_superpathway_of_adenosine_nucleotides_de_novo_biosynthesis_II,3
PWY-5941:_glycogen_degradation_II,PWY-6147:_6-hydroxymethyl-dihydropterin_diphosphate_biosynthesis_I,3
PWY-5941:_glycogen_degradation_II,PWY-6151:_S-adenosyl-L-methionine_salvage_I,5
PWY-5941:_glycogen_degradation_II,PWY-6163:_chorismate_biosynthesis_from_3-dehydroquinate,10
PWY-5941:_glycogen_degradation_II,PWY-621:_sucrose_degradation_III_(sucrose_invertase),4
PWY-5941:_glycogen_degradation_II,PWY-6270:_isoprene_biosynthesis_I,3
PWY-5941:_glycogen_degradation_II,PWY-6277:_superpathway_of_5-aminoimidazole_ribonucleotide_biosynthesis,10
PWY-5941:_glycogen_degradation_II,PWY-6317:_D-galactose_degradation_I_(Leloir_pathway),7
PWY-5941:_glycogen_degradation_II,PWY-6385:_peptidoglycan_biosynthesis_III_(mycobacteria),6
PWY-5941:_glycogen_degradation_II,PWY-6386:_UDP-N-acetylmuramoyl-pentapeptide_biosynthesis_II_(lysine-containing),8
PWY-5941:_glycogen_degradation_II,PWY-6387:_UDP-N-acetylmuramoyl-pentapeptide_biosynthesis_I_(meso-diaminopimelate_containing),8
PWY-5941:_glycogen_degradation_II,PWY-6507:_4-deoxy-L-threo-hex-4-enopyranuronate_degradation,1
PWY-5941:_glycogen_degradation_II,PWY-6527:_stachyose_degradation,5
PWY-5941:_glycogen_degradation_II,PWY-6572:_chondroitin_sulfate_degradation_I_(bacterial),1
PWY-5941:_glycogen_degradation_II,PWY-6606:_guanosine_nucleotides_degradation_II,1
PWY-5941:_glycogen_degradation_II,PWY-6608:_guanosine_nucleotides_degradation_III,4
PWY-5941:_glycogen_degradation_II,PWY-6609:_adenine_and_adenosine_salvage_III,8
PWY-5941:_glycogen_degradation_II,PWY-6630:_superpathway_of_L-tyrosine_biosynthesis,1
PWY-5941:_glycogen_degradation_II,PWY-6700:_queuosine_biosynthesis_I_(de_novo),9
PWY-5941:_glycogen_degradation_II,PWY-6703:_preQ0_biosynthesis,5
PWY-5941:_glycogen_degradation_II,PWY-6731:_starch_degradation_III,1
PWY-5941:_glycogen_degradation_II,PWY-6823:_molybdopterin_biosynthesis,3
PWY-5941:_glycogen_degradation_II,PWY-6897:_thiamine_diphosphate_salvage_II,3
PWY-5941:_glycogen_degradation_II,PWY-6902:_chitin_degradation_II_(Vibrio),1
PWY-5941:_glycogen_degradation_II,PWY-6936:_seleno-amino_acid_biosynthesis_(plants),3
PWY-5941:_glycogen_degradation_II,PWY-7111:_pyruvate_fermentation_to_isobutanol_(engineered),6
PWY-5941:_glycogen_degradation_II,PWY-7199:_pyrimidine_deoxyribonucleosides_salvage,3
PWY-5941:_glycogen_degradation_II,PWY-7208:_superpathway_of_pyrimidine_nucleobases_salvage,2
PWY-5941:_glycogen_degradation_II,PWY-7220:_adenosine_deoxyribonucleotides_de_novo_biosynthesis_II,3
PWY-5941:_glycogen_degradation_II,PWY-7221:_guanosine_ribonucleotides_de_novo_biosynthesis,9
PWY-5941:_glycogen_degradation_II,PWY-7222:_guanosine_deoxyribonucleotides_de_novo_biosynthesis_II,3
PWY-5941:_glycogen_degradation_II,PWY-7228:_superpathway_of_guanosine_nucleotides_de_novo_biosynthesis_I,3
PWY-5941:_glycogen_degradation_II,PWY-7229:_superpathway_of_adenosine_nucleotides_de_novo_biosynthesis_I,3
PWY-5941:_glycogen_degradation_II,PWY-7237:_myo-,_chiro-_and_scyllo-inositol_degradation,6
PWY-5941:_glycogen_degradation_II,PWY-7238:_sucrose_biosynthesis_II,8
PWY-5941:_glycogen_degradation_II,PWY-7242:_D-fructuronate_degradation,1
PWY-5941:_glycogen_degradation_II,PWY-724:_superpathway_of_L-lysine,_L-threonine_and_L-methionine_biosynthesis_II,3
PWY-5941:_glycogen_degradation_II,PWY-7282:_4-amino-2-methyl-5-diphosphomethylpyrimidine_biosynthesis_II,2
PWY-5941:_glycogen_degradation_II,PWY-7357:_thiamine_phosphate_formation_from_pyrithiamine_and_oxythiamine_(yeast),8
PWY-5941:_glycogen_degradation_II,PWY-7456:_&beta;-(1,4)-mannan_degradation,2
PWY-5941:_glycogen_degradation_II,PWY-7560:_methylerythritol_phosphate_pathway_II,3
PWY-5941:_glycogen_degradation_II,PWY-7663:_gondoate_biosynthesis_(anaerobic),3
PWY-5941:_glycogen_degradation_II,PWY-7790:_UMP_biosynthesis_II,8
PWY-5941:_glycogen_degradation_II,PWY-7791:_UMP_biosynthesis_III,8
PWY-5941:_glycogen_degradation_II,PWY-7851:_coenzyme_A_biosynthesis_II_(eukaryotic),7
PWY-5941:_glycogen_degradation_II,PWY-7953:_UDP-N-acetylmuramoyl-pentapeptide_biosynthesis_III_(meso-diaminopimelate_containing),7
PWY-5941:_glycogen_degradation_II,PWY-7977:_L-methionine_biosynthesis_IV,7
PWY-5941:_glycogen_degradation_II,PWY-8178:_pentose_phosphate_pathway_(non-oxidative_branch)_II,6
PWY-5941:_glycogen_degradation_II,PWY0-1061:_superpathway_of_L-alanine_biosynthesis,1
PWY-5941:_glycogen_degradation_II,PWY0-1296:_purine_ribonucleosides_degradation,3
PWY-5941:_glycogen_degradation_II,PWY0-1319:_CDP-diacylglycerol_biosynthesis_II,9
PWY-5941:_glycogen_degradation_II,PWY0-1586:_peptidoglycan_maturation_(meso-diaminopimelate_containing),4
PWY-5941:_glycogen_degradation_II,PWY0-162:_superpathway_of_pyrimidine_ribonucleotides_de_novo_biosynthesis,2
PWY-5941:_glycogen_degradation_II,PWY0-845:_superpathway_of_pyridoxal_5'-phosphate_biosynthesis_and_salvage,3
PWY-5941:_glycogen_degradation_II,PWY4FS-7:_phosphatidylglycerol_biosynthesis_I_(plastidic),1
PWY-5941:_glycogen_degradation_II,PWY4FS-8:_phosphatidylglycerol_biosynthesis_II_(non-plastidic),1
PWY-5941:_glycogen_degradation_II,PWY66-429:_fatty_acid_biosynthesis_initiation_(mitochondria),5
PWY-5941:_glycogen_degradation_II,PYRIDNUCSYN-PWY:_NAD_de_novo_biosynthesis_I_(from_aspartate),4
PWY-5941:_glycogen_degradation_II,PYRIDOXSYN-PWY:_pyridoxal_5'-phosphate_biosynthesis_I,3
PWY-5941:_glycogen_degradation_II,RHAMCAT-PWY:_L-rhamnose_degradation_I,3
PWY-5941:_glycogen_degradation_II,RIBOSYN2-PWY:_flavin_biosynthesis_I_(bacteria_and_plants),4
PWY-5941:_glycogen_degradation_II,SALVADEHYPOX-PWY:_adenosine_nucleotides_degradation_II,1
PWY-5941:_glycogen_degradation_II,SER-GLYSYN-PWY:_superpathway_of_L-serine_and_glycine_biosynthesis_I,8
PWY-5941:_glycogen_degradation_II,THISYNARA-PWY:_superpathway_of_thiamine_diphosphate_biosynthesis_III_(eukaryotes),6
PWY-5941:_glycogen_degradation_II,THRESYN-PWY:_superpathway_of_L-threonine_biosynthesis,2
PWY-5941:_glycogen_degradation_II,TRNA-CHARGING-PWY:_tRNA_charging,5
PWY-5941:_glycogen_degradation_II,UDPNAGSYN-PWY:_UDP-N-acetyl-D-glucosamine_biosynthesis_I,2
PWY-5941:_glycogen_degradation_II,VALSYN-PWY:_L-valine_biosynthesis,9
PWY-5973:_cis-vaccenate_biosynthesis,PWY-5989:_stearate_biosynthesis_II_(bacteria_and_plants),3
PWY-5973:_cis-vaccenate_biosynthesis,PWY-6121:_5-aminoimidazole_ribonucleotide_biosynthesis_I,12
PWY-5973:_cis-vaccenate_biosynthesis,PWY-6122:_5-aminoimidazole_ribonucleotide_biosynthesis_II,12
PWY-5973:_cis-vaccenate_biosynthesis,PWY-6123:_inosine-5'-phosphate_biosynthesis_I,12
PWY-5973:_cis-vaccenate_biosynthesis,PWY-6124:_inosine-5'-phosphate_biosynthesis_II,12
PWY-5973:_cis-vaccenate_biosynthesis,PWY-6125:_superpathway_of_guanosine_nucleotides_de_novo_biosynthesis_II,7
PWY-5973:_cis-vaccenate_biosynthesis,PWY-6126:_superpathway_of_adenosine_nucleotides_de_novo_biosynthesis_II,7
PWY-5973:_cis-vaccenate_biosynthesis,PWY-6143:_CMP-pseudaminate_biosynthesis,1
PWY-5973:_cis-vaccenate_biosynthesis,PWY-6147:_6-hydroxymethyl-dihydropterin_diphosphate_biosynthesis_I,7
PWY-5973:_cis-vaccenate_biosynthesis,PWY-6151:_S-adenosyl-L-methionine_salvage_I,3
PWY-5973:_cis-vaccenate_biosynthesis,PWY-6163:_chorismate_biosynthesis_from_3-dehydroquinate,10
PWY-5973:_cis-vaccenate_biosynthesis,PWY-621:_sucrose_degradation_III_(sucrose_invertase),2
PWY-5973:_cis-vaccenate_biosynthesis,PWY-6270:_isoprene_biosynthesis_I,4
PWY-5973:_cis-vaccenate_biosynthesis,PWY-6277:_superpathway_of_5-aminoimidazole_ribonucleotide_biosynthesis,12
PWY-5973:_cis-vaccenate_biosynthesis,PWY-6282:_palmitoleate_biosynthesis_I_(from_(5Z)-dodec-5-enoate),3
PWY-5973:_cis-vaccenate_biosynthesis,PWY-6385:_peptidoglycan_biosynthesis_III_(mycobacteria),11
PWY-5973:_cis-vaccenate_biosynthesis,PWY-6386:_UDP-N-acetylmuramoyl-pentapeptide_biosynthesis_II_(lysine-containing),11
PWY-5973:_cis-vaccenate_biosynthesis,PWY-6387:_UDP-N-acetylmuramoyl-pentapeptide_biosynthesis_I_(meso-diaminopimelate_containing),12
PWY-5973:_cis-vaccenate_biosynthesis,PWY-6519:_8-amino-7-oxononanoate_biosynthesis_I,1
PWY-5973:_cis-vaccenate_biosynthesis,PWY-6572:_chondroitin_sulfate_degradation_I_(bacterial),1
PWY-5973:_cis-vaccenate_biosynthesis,PWY-6608:_guanosine_nucleotides_degradation_III,3
PWY-5973:_cis-vaccenate_biosynthesis,PWY-6609:_adenine_and_adenosine_salvage_III,11
PWY-5973:_cis-vaccenate_biosynthesis,PWY-6700:_queuosine_biosynthesis_I_(de_novo),10
PWY-5973:_cis-vaccenate_biosynthesis,PWY-6703:_preQ0_biosynthesis,10
PWY-5973:_cis-vaccenate_biosynthesis,PWY-6897:_thiamine_diphosphate_salvage_II,3
PWY-5973:_cis-vaccenate_biosynthesis,PWY-6902:_chitin_degradation_II_(Vibrio),4
PWY-5973:_cis-vaccenate_biosynthesis,PWY-7111:_pyruvate_fermentation_to_isobutanol_(engineered),2
PWY-5973:_cis-vaccenate_biosynthesis,PWY-7199:_pyrimidine_deoxyribonucleosides_salvage,8
PWY-5973:_cis-vaccenate_biosynthesis,PWY-7220:_adenosine_deoxyribonucleotides_de_novo_biosynthesis_II,7
PWY-5973:_cis-vaccenate_biosynthesis,PWY-7221:_guanosine_ribonucleotides_de_novo_biosynthesis,11
PWY-5973:_cis-vaccenate_biosynthesis,PWY-7222:_guanosine_deoxyribonucleotides_de_novo_biosynthesis_II,7
PWY-5973:_cis-vaccenate_biosynthesis,PWY-7228:_superpathway_of_guanosine_nucleotides_de_novo_biosynthesis_I,7
PWY-5973:_cis-vaccenate_biosynthesis,PWY-7229:_superpathway_of_adenosine_nucleotides_de_novo_biosynthesis_I,7
PWY-5973:_cis-vaccenate_biosynthesis,PWY-7234:_inosine-5'-phosphate_biosynthesis_III,2
PWY-5973:_cis-vaccenate_biosynthesis,PWY-7237:_myo-,_chiro-_and_scyllo-inositol_degradation,3
PWY-5973:_cis-vaccenate_biosynthesis,PWY-7238:_sucrose_biosynthesis_II,4
PWY-5973:_cis-vaccenate_biosynthesis,PWY-724:_superpathway_of_L-lysine,_L-threonine_and_L-methionine_biosynthesis_II,1
PWY-5973:_cis-vaccenate_biosynthesis,PWY-7282:_4-amino-2-methyl-5-diphosphomethylpyrimidine_biosynthesis_II,3
PWY-5973:_cis-vaccenate_biosynthesis,PWY-7312:_dTDP-&beta;-D-fucofuranose_biosynthesis,1
PWY-5973:_cis-vaccenate_biosynthesis,PWY-7315:_dTDP-N-acetylthomosamine_biosynthesis,1
PWY-5973:_cis-vaccenate_biosynthesis,PWY-7316:_dTDP-N-acetylviosamine_biosynthesis,1
PWY-5973:_cis-vaccenate_biosynthesis,PWY-7357:_thiamine_phosphate_formation_from_pyrithiamine_and_oxythiamine_(yeast),3
PWY-5973:_cis-vaccenate_biosynthesis,PWY-7560:_methylerythritol_phosphate_pathway_II,4
PWY-5973:_cis-vaccenate_biosynthesis,PWY-7663:_gondoate_biosynthesis_(anaerobic),12
PWY-5973:_cis-vaccenate_biosynthesis,PWY-7664:_oleate_biosynthesis_IV_(anaerobic),3
PWY-5973:_cis-vaccenate_biosynthesis,PWY-7688:_dTDP-&alpha;-D-ravidosamine_and_dTDP-4-acetyl-&alpha;-D-ravidosamine_biosynthesis,1
PWY-5973:_cis-vaccenate_biosynthesis,PWY-7790:_UMP_biosynthesis_II,12
PWY-5973:_cis-vaccenate_biosynthesis,PWY-7791:_UMP_biosynthesis_III,12
PWY-5973:_cis-vaccenate_biosynthesis,PWY-7851:_coenzyme_A_biosynthesis_II_(eukaryotic),11
PWY-5973:_cis-vaccenate_biosynthesis,PWY-7953:_UDP-N-acetylmuramoyl-pentapeptide_biosynthesis_III_(meso-diaminopimelate_containing),12
PWY-5973:_cis-vaccenate_biosynthesis,PWY-7977:_L-methionine_biosynthesis_IV,12
PWY-5973:_cis-vaccenate_biosynthesis,PWY-8004:_Entner-Doudoroff_pathway_I,1
PWY-5973:_cis-vaccenate_biosynthesis,PWY-8073:_lipid_IVA_biosynthesis_(P._putida),3
PWY-5973:_cis-vaccenate_biosynthesis,PWY-8178:_pentose_phosphate_pathway_(non-oxidative_branch)_II,2
PWY-5973:_cis-vaccenate_biosynthesis,PWY-8187:_L-arginine_degradation_XIII_(reductive_Stickland_reaction),1
PWY-5973:_cis-vaccenate_biosynthesis,PWY0-1319:_CDP-diacylglycerol_biosynthesis_II,10
PWY-5973:_cis-vaccenate_biosynthesis,PWY0-1586:_peptidoglycan_maturation_(meso-diaminopimelate_containing),6
PWY-5973:_cis-vaccenate_biosynthesis,PWY0-162:_superpathway_of_pyrimidine_ribonucleotides_de_novo_biosynthesis,2
PWY-5973:_cis-vaccenate_biosynthesis,PWY0-845:_superpathway_of_pyridoxal_5'-phosphate_biosynthesis_and_salvage,6
PWY-5973:_cis-vaccenate_biosynthesis,PWY0-862:_(5Z)-dodecenoate_biosynthesis_I,3
PWY-5973:_cis-vaccenate_biosynthesis,PWY66-429:_fatty_acid_biosynthesis_initiation_(mitochondria),8
PWY-5973:_cis-vaccenate_biosynthesis,PYRIDNUCSYN-PWY:_NAD_de_novo_biosynthesis_I_(from_aspartate),6
PWY-5973:_cis-vaccenate_biosynthesis,PYRIDOXSYN-PWY:_pyridoxal_5'-phosphate_biosynthesis_I,7
PWY-5973:_cis-vaccenate_biosynthesis,RHAMCAT-PWY:_L-rhamnose_degradation_I,6
PWY-5973:_cis-vaccenate_biosynthesis,RIBOSYN2-PWY:_flavin_biosynthesis_I_(bacteria_and_plants),6
PWY-5973:_cis-vaccenate_biosynthesis,SER-GLYSYN-PWY:_superpathway_of_L-serine_and_glycine_biosynthesis_I,10
PWY-5973:_cis-vaccenate_biosynthesis,THISYNARA-PWY:_superpathway_of_thiamine_diphosphate_biosynthesis_III_(eukaryotes),3
PWY-5973:_cis-vaccenate_biosynthesis,THRESYN-PWY:_superpathway_of_L-threonine_biosynthesis,2
PWY-5973:_cis-vaccenate_biosynthesis,TRNA-CHARGING-PWY:_tRNA_charging,10
PWY-5973:_cis-vaccenate_biosynthesis,VALSYN-PWY:_L-valine_biosynthesis,12
PWY-5989:_stearate_biosynthesis_II_(bacteria_and_plants),PWY-6121:_5-aminoimidazole_ribonucleotide_biosynthesis_I,3
PWY-5989:_stearate_biosynthesis_II_(bacteria_and_plants),PWY-6122:_5-aminoimidazole_ribonucleotide_biosynthesis_II,3
PWY-5989:_stearate_biosynthesis_II_(bacteria_and_plants),PWY-6123:_inosine-5'-phosphate_biosynthesis_I,3
PWY-5989:_stearate_biosynthesis_II_(bacteria_and_plants),PWY-6124:_inosine-5'-phosphate_biosynthesis_II,3
PWY-5989:_stearate_biosynthesis_II_(bacteria_and_plants),PWY-6125:_superpathway_of_guanosine_nucleotides_de_novo_biosynthesis_II,1
PWY-5989:_stearate_biosynthesis_II_(bacteria_and_plants),PWY-6126:_superpathway_of_adenosine_nucleotides_de_novo_biosynthesis_II,1
PWY-5989:_stearate_biosynthesis_II_(bacteria_and_plants),PWY-6147:_6-hydroxymethyl-dihydropterin_diphosphate_biosynthesis_I,1
PWY-5989:_stearate_biosynthesis_II_(bacteria_and_plants),PWY-6163:_chorismate_biosynthesis_from_3-dehydroquinate,2
PWY-5989:_stearate_biosynthesis_II_(bacteria_and_plants),PWY-6277:_superpathway_of_5-aminoimidazole_ribonucleotide_biosynthesis,3
PWY-5989:_stearate_biosynthesis_II_(bacteria_and_plants),PWY-6282:_palmitoleate_biosynthesis_I_(from_(5Z)-dodec-5-enoate),3
PWY-5989:_stearate_biosynthesis_II_(bacteria_and_plants),PWY-6385:_peptidoglycan_biosynthesis_III_(mycobacteria),2
PWY-5989:_stearate_biosynthesis_II_(bacteria_and_plants),PWY-6386:_UDP-N-acetylmuramoyl-pentapeptide_biosynthesis_II_(lysine-containing),2
PWY-5989:_stearate_biosynthesis_II_(bacteria_and_plants),PWY-6387:_UDP-N-acetylmuramoyl-pentapeptide_biosynthesis_I_(meso-diaminopimelate_containing),3
PWY-5989:_stearate_biosynthesis_II_(bacteria_and_plants),PWY-6519:_8-amino-7-oxononanoate_biosynthesis_I,1
PWY-5989:_stearate_biosynthesis_II_(bacteria_and_plants),PWY-6609:_adenine_and_adenosine_salvage_III,3
PWY-5989:_stearate_biosynthesis_II_(bacteria_and_plants),PWY-6700:_queuosine_biosynthesis_I_(de_novo),1
PWY-5989:_stearate_biosynthesis_II_(bacteria_and_plants),PWY-6703:_preQ0_biosynthesis,1
PWY-5989:_stearate_biosynthesis_II_(bacteria_and_plants),PWY-6902:_chitin_degradation_II_(Vibrio),1
PWY-5989:_stearate_biosynthesis_II_(bacteria_and_plants),PWY-7199:_pyrimidine_deoxyribonucleosides_salvage,1
PWY-5989:_stearate_biosynthesis_II_(bacteria_and_plants),PWY-7220:_adenosine_deoxyribonucleotides_de_novo_biosynthesis_II,1
PWY-5989:_stearate_biosynthesis_II_(bacteria_and_plants),PWY-7221:_guanosine_ribonucleotides_de_novo_biosynthesis,3
PWY-5989:_stearate_biosynthesis_II_(bacteria_and_plants),PWY-7222:_guanosine_deoxyribonucleotides_de_novo_biosynthesis_II,1
PWY-5989:_stearate_biosynthesis_II_(bacteria_and_plants),PWY-7228:_superpathway_of_guanosine_nucleotides_de_novo_biosynthesis_I,1
PWY-5989:_stearate_biosynthesis_II_(bacteria_and_plants),PWY-7229:_superpathway_of_adenosine_nucleotides_de_novo_biosynthesis_I,1
PWY-5989:_stearate_biosynthesis_II_(bacteria_and_plants),PWY-7234:_inosine-5'-phosphate_biosynthesis_III,2
PWY-5989:_stearate_biosynthesis_II_(bacteria_and_plants),PWY-7238:_sucrose_biosynthesis_II,1
PWY-5989:_stearate_biosynthesis_II_(bacteria_and_plants),PWY-7316:_dTDP-N-acetylviosamine_biosynthesis,1
PWY-5989:_stearate_biosynthesis_II_(bacteria_and_plants),PWY-7663:_gondoate_biosynthesis_(anaerobic),3
PWY-5989:_stearate_biosynthesis_II_(bacteria_and_plants),PWY-7664:_oleate_biosynthesis_IV_(anaerobic),3
PWY-5989:_stearate_biosynthesis_II_(bacteria_and_plants),PWY-7688:_dTDP-&alpha;-D-ravidosamine_and_dTDP-4-acetyl-&alpha;-D-ravidosamine_biosynthesis,1
PWY-5989:_stearate_biosynthesis_II_(bacteria_and_plants),PWY-7790:_UMP_biosynthesis_II,3
PWY-5989:_stearate_biosynthesis_II_(bacteria_and_plants),PWY-7791:_UMP_biosynthesis_III,3
PWY-5989:_stearate_biosynthesis_II_(bacteria_and_plants),PWY-7851:_coenzyme_A_biosynthesis_II_(eukaryotic),2
PWY-5989:_stearate_biosynthesis_II_(bacteria_and_plants),PWY-7953:_UDP-N-acetylmuramoyl-pentapeptide_biosynthesis_III_(meso-diaminopimelate_containing),3
PWY-5989:_stearate_biosynthesis_II_(bacteria_and_plants),PWY-7977:_L-methionine_biosynthesis_IV,3
PWY-5989:_stearate_biosynthesis_II_(bacteria_and_plants),PWY-8073:_lipid_IVA_biosynthesis_(P._putida),1
PWY-5989:_stearate_biosynthesis_II_(bacteria_and_plants),PWY0-1319:_CDP-diacylglycerol_biosynthesis_II,3
PWY-5989:_stearate_biosynthesis_II_(bacteria_and_plants),PWY0-862:_(5Z)-dodecenoate_biosynthesis_I,3
PWY-5989:_stearate_biosynthesis_II_(bacteria_and_plants),PWY66-429:_fatty_acid_biosynthesis_initiation_(mitochondria),1
PWY-5989:_stearate_biosynthesis_II_(bacteria_and_plants),PYRIDNUCSYN-PWY:_NAD_de_novo_biosynthesis_I_(from_aspartate),2
PWY-5989:_stearate_biosynthesis_II_(bacteria_and_plants),RHAMCAT-PWY:_L-rhamnose_degradation_I,1
PWY-5989:_stearate_biosynthesis_II_(bacteria_and_plants),RIBOSYN2-PWY:_flavin_biosynthesis_I_(bacteria_and_plants),1
PWY-5989:_stearate_biosynthesis_II_(bacteria_and_plants),SER-GLYSYN-PWY:_superpathway_of_L-serine_and_glycine_biosynthesis_I,3
PWY-5989:_stearate_biosynthesis_II_(bacteria_and_plants),TRNA-CHARGING-PWY:_tRNA_charging,2
PWY-5989:_stearate_biosynthesis_II_(bacteria_and_plants),VALSYN-PWY:_L-valine_biosynthesis,3
PWY-6121:_5-aminoimidazole_ribonucleotide_biosynthesis_I,PWY-6122:_5-aminoimidazole_ribonucleotide_biosynthesis_II,28
PWY-6121:_5-aminoimidazole_ribonucleotide_biosynthesis_I,PWY-6123:_inosine-5'-phosphate_biosynthesis_I,18
PWY-6121:_5-aminoimidazole_ribonucleotide_biosynthesis_I,PWY-6124:_inosine-5'-phosphate_biosynthesis_II,19
PWY-6121:_5-aminoimidazole_ribonucleotide_biosynthesis_I,PWY-6125:_superpathway_of_guanosine_nucleotides_de_novo_biosynthesis_II,9
PWY-6121:_5-aminoimidazole_ribonucleotide_biosynthesis_I,PWY-6126:_superpathway_of_adenosine_nucleotides_de_novo_biosynthesis_II,10
PWY-6121:_5-aminoimidazole_ribonucleotide_biosynthesis_I,PWY-6143:_CMP-pseudaminate_biosynthesis,1
PWY-6121:_5-aminoimidazole_ribonucleotide_biosynthesis_I,PWY-6147:_6-hydroxymethyl-dihydropterin_diphosphate_biosynthesis_I,9
PWY-6121:_5-aminoimidazole_ribonucleotide_biosynthesis_I,PWY-6151:_S-adenosyl-L-methionine_salvage_I,12
PWY-6121:_5-aminoimidazole_ribonucleotide_biosynthesis_I,PWY-6163:_chorismate_biosynthesis_from_3-dehydroquinate,25
PWY-6121:_5-aminoimidazole_ribonucleotide_biosynthesis_I,PWY-621:_sucrose_degradation_III_(sucrose_invertase),4
PWY-6121:_5-aminoimidazole_ribonucleotide_biosynthesis_I,PWY-6270:_isoprene_biosynthesis_I,5
PWY-6121:_5-aminoimidazole_ribonucleotide_biosynthesis_I,PWY-6277:_superpathway_of_5-aminoimidazole_ribonucleotide_biosynthesis,28
PWY-6121:_5-aminoimidazole_ribonucleotide_biosynthesis_I,PWY-6282:_palmitoleate_biosynthesis_I_(from_(5Z)-dodec-5-enoate),3
PWY-6121:_5-aminoimidazole_ribonucleotide_biosynthesis_I,PWY-6317:_D-galactose_degradation_I_(Leloir_pathway),7
PWY-6121:_5-aminoimidazole_ribonucleotide_biosynthesis_I,PWY-6385:_peptidoglycan_biosynthesis_III_(mycobacteria),19
PWY-6121:_5-aminoimidazole_ribonucleotide_biosynthesis_I,PWY-6386:_UDP-N-acetylmuramoyl-pentapeptide_biosynthesis_II_(lysine-containing),22
PWY-6121:_5-aminoimidazole_ribonucleotide_biosynthesis_I,PWY-6387:_UDP-N-acetylmuramoyl-pentapeptide_biosynthesis_I_(meso-diaminopimelate_containing),23
PWY-6121:_5-aminoimidazole_ribonucleotide_biosynthesis_I,PWY-6507:_4-deoxy-L-threo-hex-4-enopyranuronate_degradation,1
PWY-6121:_5-aminoimidazole_ribonucleotide_biosynthesis_I,PWY-6519:_8-amino-7-oxononanoate_biosynthesis_I,1
PWY-6121:_5-aminoimidazole_ribonucleotide_biosynthesis_I,PWY-6527:_stachyose_degradation,5
PWY-6121:_5-aminoimidazole_ribonucleotide_biosynthesis_I,PWY-6572:_chondroitin_sulfate_degradation_I_(bacterial),1
PWY-6121:_5-aminoimidazole_ribonucleotide_biosynthesis_I,PWY-6606:_guanosine_nucleotides_degradation_II,1
PWY-6121:_5-aminoimidazole_ribonucleotide_biosynthesis_I,PWY-6608:_guanosine_nucleotides_degradation_III,5
PWY-6121:_5-aminoimidazole_ribonucleotide_biosynthesis_I,PWY-6609:_adenine_and_adenosine_salvage_III,23
PWY-6121:_5-aminoimidazole_ribonucleotide_biosynthesis_I,PWY-6628:_superpathway_of_L-phenylalanine_biosynthesis,1
PWY-6121:_5-aminoimidazole_ribonucleotide_biosynthesis_I,PWY-6630:_superpathway_of_L-tyrosine_biosynthesis,1
PWY-6121:_5-aminoimidazole_ribonucleotide_biosynthesis_I,PWY-6700:_queuosine_biosynthesis_I_(de_novo),22
PWY-6121:_5-aminoimidazole_ribonucleotide_biosynthesis_I,PWY-6703:_preQ0_biosynthesis,16
PWY-6121:_5-aminoimidazole_ribonucleotide_biosynthesis_I,PWY-6731:_starch_degradation_III,1
PWY-6121:_5-aminoimidazole_ribonucleotide_biosynthesis_I,PWY-6823:_molybdopterin_biosynthesis,4
PWY-6121:_5-aminoimidazole_ribonucleotide_biosynthesis_I,PWY-6897:_thiamine_diphosphate_salvage_II,6
PWY-6121:_5-aminoimidazole_ribonucleotide_biosynthesis_I,PWY-6902:_chitin_degradation_II_(Vibrio),4
PWY-6121:_5-aminoimidazole_ribonucleotide_biosynthesis_I,PWY-6936:_seleno-amino_acid_biosynthesis_(plants),3
PWY-6121:_5-aminoimidazole_ribonucleotide_biosynthesis_I,PWY-7111:_pyruvate_fermentation_to_isobutanol_(engineered),11
PWY-6121:_5-aminoimidazole_ribonucleotide_biosynthesis_I,PWY-7197:_pyrimidine_deoxyribonucleotide_phosphorylation,1
PWY-6121:_5-aminoimidazole_ribonucleotide_biosynthesis_I,PWY-7199:_pyrimidine_deoxyribonucleosides_salvage,10
PWY-6121:_5-aminoimidazole_ribonucleotide_biosynthesis_I,PWY-7208:_superpathway_of_pyrimidine_nucleobases_salvage,2
PWY-6121:_5-aminoimidazole_ribonucleotide_biosynthesis_I,PWY-7220:_adenosine_deoxyribonucleotides_de_novo_biosynthesis_II,10
PWY-6121:_5-aminoimidazole_ribonucleotide_biosynthesis_I,PWY-7221:_guanosine_ribonucleotides_de_novo_biosynthesis,24
PWY-6121:_5-aminoimidazole_ribonucleotide_biosynthesis_I,PWY-7222:_guanosine_deoxyribonucleotides_de_novo_biosynthesis_II,10
PWY-6121:_5-aminoimidazole_ribonucleotide_biosynthesis_I,PWY-7228:_superpathway_of_guanosine_nucleotides_de_novo_biosynthesis_I,10
PWY-6121:_5-aminoimidazole_ribonucleotide_biosynthesis_I,PWY-7229:_superpathway_of_adenosine_nucleotides_de_novo_biosynthesis_I,10
PWY-6121:_5-aminoimidazole_ribonucleotide_biosynthesis_I,PWY-7234:_inosine-5'-phosphate_biosynthesis_III,3
PWY-6121:_5-aminoimidazole_ribonucleotide_biosynthesis_I,PWY-7237:_myo-,_chiro-_and_scyllo-inositol_degradation,8
PWY-6121:_5-aminoimidazole_ribonucleotide_biosynthesis_I,PWY-7238:_sucrose_biosynthesis_II,15
PWY-6121:_5-aminoimidazole_ribonucleotide_biosynthesis_I,PWY-7242:_D-fructuronate_degradation,1
PWY-6121:_5-aminoimidazole_ribonucleotide_biosynthesis_I,PWY-724:_superpathway_of_L-lysine,_L-threonine_and_L-methionine_biosynthesis_II,4
PWY-6121:_5-aminoimidazole_ribonucleotide_biosynthesis_I,PWY-7282:_4-amino-2-methyl-5-diphosphomethylpyrimidine_biosynthesis_II,3
PWY-6121:_5-aminoimidazole_ribonucleotide_biosynthesis_I,PWY-7312:_dTDP-&beta;-D-fucofuranose_biosynthesis,1
PWY-6121:_5-aminoimidazole_ribonucleotide_biosynthesis_I,PWY-7315:_dTDP-N-acetylthomosamine_biosynthesis,2
PWY-6121:_5-aminoimidazole_ribonucleotide_biosynthesis_I,PWY-7316:_dTDP-N-acetylviosamine_biosynthesis,1
PWY-6121:_5-aminoimidazole_ribonucleotide_biosynthesis_I,PWY-7357:_thiamine_phosphate_formation_from_pyrithiamine_and_oxythiamine_(yeast),11
PWY-6121:_5-aminoimidazole_ribonucleotide_biosynthesis_I,PWY-7456:_&beta;-(1,4)-mannan_degradation,2
PWY-6121:_5-aminoimidazole_ribonucleotide_biosynthesis_I,PWY-7560:_methylerythritol_phosphate_pathway_II,5
PWY-6121:_5-aminoimidazole_ribonucleotide_biosynthesis_I,PWY-7663:_gondoate_biosynthesis_(anaerobic),12
PWY-6121:_5-aminoimidazole_ribonucleotide_biosynthesis_I,PWY-7664:_oleate_biosynthesis_IV_(anaerobic),3
PWY-6121:_5-aminoimidazole_ribonucleotide_biosynthesis_I,PWY-7688:_dTDP-&alpha;-D-ravidosamine_and_dTDP-4-acetyl-&alpha;-D-ravidosamine_biosynthesis,1
PWY-6121:_5-aminoimidazole_ribonucleotide_biosynthesis_I,PWY-7790:_UMP_biosynthesis_II,22
PWY-6121:_5-aminoimidazole_ribonucleotide_biosynthesis_I,PWY-7791:_UMP_biosynthesis_III,22
PWY-6121:_5-aminoimidazole_ribonucleotide_biosynthesis_I,PWY-7851:_coenzyme_A_biosynthesis_II_(eukaryotic),20
PWY-6121:_5-aminoimidazole_ribonucleotide_biosynthesis_I,PWY-7953:_UDP-N-acetylmuramoyl-pentapeptide_biosynthesis_III_(meso-diaminopimelate_containing),21
PWY-6121:_5-aminoimidazole_ribonucleotide_biosynthesis_I,PWY-7977:_L-methionine_biosynthesis_IV,20
PWY-6121:_5-aminoimidazole_ribonucleotide_biosynthesis_I,PWY-8004:_Entner-Doudoroff_pathway_I,1
PWY-6121:_5-aminoimidazole_ribonucleotide_biosynthesis_I,PWY-8073:_lipid_IVA_biosynthesis_(P._putida),3
PWY-6121:_5-aminoimidazole_ribonucleotide_biosynthesis_I,PWY-8178:_pentose_phosphate_pathway_(non-oxidative_branch)_II,8
PWY-6121:_5-aminoimidazole_ribonucleotide_biosynthesis_I,PWY-8187:_L-arginine_degradation_XIII_(reductive_Stickland_reaction),1
PWY-6121:_5-aminoimidazole_ribonucleotide_biosynthesis_I,PWY0-1061:_superpathway_of_L-alanine_biosynthesis,2
PWY-6121:_5-aminoimidazole_ribonucleotide_biosynthesis_I,PWY0-1241:_ADP-L-glycero-&beta;-D-manno-heptose_biosynthesis,1
PWY-6121:_5-aminoimidazole_ribonucleotide_biosynthesis_I,PWY0-1296:_purine_ribonucleosides_degradation,6
PWY-6121:_5-aminoimidazole_ribonucleotide_biosynthesis_I,PWY0-1319:_CDP-diacylglycerol_biosynthesis_II,18
PWY-6121:_5-aminoimidazole_ribonucleotide_biosynthesis_I,PWY0-1479:_tRNA_processing,1
PWY-6121:_5-aminoimidazole_ribonucleotide_biosynthesis_I,PWY0-1586:_peptidoglycan_maturation_(meso-diaminopimelate_containing),11
PWY-6121:_5-aminoimidazole_ribonucleotide_biosynthesis_I,PWY0-162:_superpathway_of_pyrimidine_ribonucleotides_de_novo_biosynthesis,2
PWY-6121:_5-aminoimidazole_ribonucleotide_biosynthesis_I,PWY0-845:_superpathway_of_pyridoxal_5'-phosphate_biosynthesis_and_salvage,6
PWY-6121:_5-aminoimidazole_ribonucleotide_biosynthesis_I,PWY0-862:_(5Z)-dodecenoate_biosynthesis_I,3
PWY-6121:_5-aminoimidazole_ribonucleotide_biosynthesis_I,PWY4FS-7:_phosphatidylglycerol_biosynthesis_I_(plastidic),1
PWY-6121:_5-aminoimidazole_ribonucleotide_biosynthesis_I,PWY4FS-8:_phosphatidylglycerol_biosynthesis_II_(non-plastidic),1
PWY-6121:_5-aminoimidazole_ribonucleotide_biosynthesis_I,PWY66-429:_fatty_acid_biosynthesis_initiation_(mitochondria),12
PWY-6121:_5-aminoimidazole_ribonucleotide_biosynthesis_I,PYRIDNUCSYN-PWY:_NAD_de_novo_biosynthesis_I_(from_aspartate),12
PWY-6121:_5-aminoimidazole_ribonucleotide_biosynthesis_I,PYRIDOXSYN-PWY:_pyridoxal_5'-phosphate_biosynthesis_I,7
PWY-6121:_5-aminoimidazole_ribonucleotide_biosynthesis_I,RHAMCAT-PWY:_L-rhamnose_degradation_I,8
PWY-6121:_5-aminoimidazole_ribonucleotide_biosynthesis_I,RIBOSYN2-PWY:_flavin_biosynthesis_I_(bacteria_and_plants),11
PWY-6121:_5-aminoimidazole_ribonucleotide_biosynthesis_I,SALVADEHYPOX-PWY:_adenosine_nucleotides_degradation_II,1
PWY-6121:_5-aminoimidazole_ribonucleotide_biosynthesis_I,SER-GLYSYN-PWY:_superpathway_of_L-serine_and_glycine_biosynthesis_I,19
PWY-6121:_5-aminoimidazole_ribonucleotide_biosynthesis_I,THISYNARA-PWY:_superpathway_of_thiamine_diphosphate_biosynthesis_III_(eukaryotes),8
PWY-6121:_5-aminoimidazole_ribonucleotide_biosynthesis_I,THRESYN-PWY:_superpathway_of_L-threonine_biosynthesis,7
PWY-6121:_5-aminoimidazole_ribonucleotide_biosynthesis_I,TRNA-CHARGING-PWY:_tRNA_charging,18
PWY-6121:_5-aminoimidazole_ribonucleotide_biosynthesis_I,UDPNAGSYN-PWY:_UDP-N-acetyl-D-glucosamine_biosynthesis_I,4
PWY-6121:_5-aminoimidazole_ribonucleotide_biosynthesis_I,VALSYN-PWY:_L-valine_biosynthesis,24
PWY-6122:_5-aminoimidazole_ribonucleotide_biosynthesis_II,PWY-6123:_inosine-5'-phosphate_biosynthesis_I,18
PWY-6122:_5-aminoimidazole_ribonucleotide_biosynthesis_II,PWY-6124:_inosine-5'-phosphate_biosynthesis_II,19
PWY-6122:_5-aminoimidazole_ribonucleotide_biosynthesis_II,PWY-6125:_superpathway_of_guanosine_nucleotides_de_novo_biosynthesis_II,9
PWY-6122:_5-aminoimidazole_ribonucleotide_biosynthesis_II,PWY-6126:_superpathway_of_adenosine_nucleotides_de_novo_biosynthesis_II,10
PWY-6122:_5-aminoimidazole_ribonucleotide_biosynthesis_II,PWY-6143:_CMP-pseudaminate_biosynthesis,1
PWY-6122:_5-aminoimidazole_ribonucleotide_biosynthesis_II,PWY-6147:_6-hydroxymethyl-dihydropterin_diphosphate_biosynthesis_I,9
PWY-6122:_5-aminoimidazole_ribonucleotide_biosynthesis_II,PWY-6151:_S-adenosyl-L-methionine_salvage_I,12
PWY-6122:_5-aminoimidazole_ribonucleotide_biosynthesis_II,PWY-6163:_chorismate_biosynthesis_from_3-dehydroquinate,25
PWY-6122:_5-aminoimidazole_ribonucleotide_biosynthesis_II,PWY-621:_sucrose_degradation_III_(sucrose_invertase),4
PWY-6122:_5-aminoimidazole_ribonucleotide_biosynthesis_II,PWY-6270:_isoprene_biosynthesis_I,5
PWY-6122:_5-aminoimidazole_ribonucleotide_biosynthesis_II,PWY-6277:_superpathway_of_5-aminoimidazole_ribonucleotide_biosynthesis,29
PWY-6122:_5-aminoimidazole_ribonucleotide_biosynthesis_II,PWY-6282:_palmitoleate_biosynthesis_I_(from_(5Z)-dodec-5-enoate),3
PWY-6122:_5-aminoimidazole_ribonucleotide_biosynthesis_II,PWY-6317:_D-galactose_degradation_I_(Leloir_pathway),7
PWY-6122:_5-aminoimidazole_ribonucleotide_biosynthesis_II,PWY-6385:_peptidoglycan_biosynthesis_III_(mycobacteria),19
PWY-6122:_5-aminoimidazole_ribonucleotide_biosynthesis_II,PWY-6386:_UDP-N-acetylmuramoyl-pentapeptide_biosynthesis_II_(lysine-containing),22
PWY-6122:_5-aminoimidazole_ribonucleotide_biosynthesis_II,PWY-6387:_UDP-N-acetylmuramoyl-pentapeptide_biosynthesis_I_(meso-diaminopimelate_containing),23
PWY-6122:_5-aminoimidazole_ribonucleotide_biosynthesis_II,PWY-6507:_4-deoxy-L-threo-hex-4-enopyranuronate_degradation,1
PWY-6122:_5-aminoimidazole_ribonucleotide_biosynthesis_II,PWY-6519:_8-amino-7-oxononanoate_biosynthesis_I,1
PWY-6122:_5-aminoimidazole_ribonucleotide_biosynthesis_II,PWY-6527:_stachyose_degradation,5
PWY-6122:_5-aminoimidazole_ribonucleotide_biosynthesis_II,PWY-6572:_chondroitin_sulfate_degradation_I_(bacterial),1
PWY-6122:_5-aminoimidazole_ribonucleotide_biosynthesis_II,PWY-6606:_guanosine_nucleotides_degradation_II,1
PWY-6122:_5-aminoimidazole_ribonucleotide_biosynthesis_II,PWY-6608:_guanosine_nucleotides_degradation_III,5
PWY-6122:_5-aminoimidazole_ribonucleotide_biosynthesis_II,PWY-6609:_adenine_and_adenosine_salvage_III,23
PWY-6122:_5-aminoimidazole_ribonucleotide_biosynthesis_II,PWY-6628:_superpathway_of_L-phenylalanine_biosynthesis,1
PWY-6122:_5-aminoimidazole_ribonucleotide_biosynthesis_II,PWY-6630:_superpathway_of_L-tyrosine_biosynthesis,1
PWY-6122:_5-aminoimidazole_ribonucleotide_biosynthesis_II,PWY-6700:_queuosine_biosynthesis_I_(de_novo),22
PWY-6122:_5-aminoimidazole_ribonucleotide_biosynthesis_II,PWY-6703:_preQ0_biosynthesis,16
PWY-6122:_5-aminoimidazole_ribonucleotide_biosynthesis_II,PWY-6731:_starch_degradation_III,1
PWY-6122:_5-aminoimidazole_ribonucleotide_biosynthesis_II,PWY-6823:_molybdopterin_biosynthesis,4
PWY-6122:_5-aminoimidazole_ribonucleotide_biosynthesis_II,PWY-6897:_thiamine_diphosphate_salvage_II,6
PWY-6122:_5-aminoimidazole_ribonucleotide_biosynthesis_II,PWY-6902:_chitin_degradation_II_(Vibrio),4
PWY-6122:_5-aminoimidazole_ribonucleotide_biosynthesis_II,PWY-6936:_seleno-amino_acid_biosynthesis_(plants),3
PWY-6122:_5-aminoimidazole_ribonucleotide_biosynthesis_II,PWY-7111:_pyruvate_fermentation_to_isobutanol_(engineered),11
PWY-6122:_5-aminoimidazole_ribonucleotide_biosynthesis_II,PWY-7197:_pyrimidine_deoxyribonucleotide_phosphorylation,1
PWY-6122:_5-aminoimidazole_ribonucleotide_biosynthesis_II,PWY-7199:_pyrimidine_deoxyribonucleosides_salvage,10
PWY-6122:_5-aminoimidazole_ribonucleotide_biosynthesis_II,PWY-7208:_superpathway_of_pyrimidine_nucleobases_salvage,2
PWY-6122:_5-aminoimidazole_ribonucleotide_biosynthesis_II,PWY-7220:_adenosine_deoxyribonucleotides_de_novo_biosynthesis_II,10
PWY-6122:_5-aminoimidazole_ribonucleotide_biosynthesis_II,PWY-7221:_guanosine_ribonucleotides_de_novo_biosynthesis,25
PWY-6122:_5-aminoimidazole_ribonucleotide_biosynthesis_II,PWY-7222:_guanosine_deoxyribonucleotides_de_novo_biosynthesis_II,10
PWY-6122:_5-aminoimidazole_ribonucleotide_biosynthesis_II,PWY-7228:_superpathway_of_guanosine_nucleotides_de_novo_biosynthesis_I,10
PWY-6122:_5-aminoimidazole_ribonucleotide_biosynthesis_II,PWY-7229:_superpathway_of_adenosine_nucleotides_de_novo_biosynthesis_I,10
PWY-6122:_5-aminoimidazole_ribonucleotide_biosynthesis_II,PWY-7234:_inosine-5'-phosphate_biosynthesis_III,3
PWY-6122:_5-aminoimidazole_ribonucleotide_biosynthesis_II,PWY-7237:_myo-,_chiro-_and_scyllo-inositol_degradation,9
PWY-6122:_5-aminoimidazole_ribonucleotide_biosynthesis_II,PWY-7238:_sucrose_biosynthesis_II,15
PWY-6122:_5-aminoimidazole_ribonucleotide_biosynthesis_II,PWY-7242:_D-fructuronate_degradation,1
PWY-6122:_5-aminoimidazole_ribonucleotide_biosynthesis_II,PWY-724:_superpathway_of_L-lysine,_L-threonine_and_L-methionine_biosynthesis_II,4
PWY-6122:_5-aminoimidazole_ribonucleotide_biosynthesis_II,PWY-7282:_4-amino-2-methyl-5-diphosphomethylpyrimidine_biosynthesis_II,3
PWY-6122:_5-aminoimidazole_ribonucleotide_biosynthesis_II,PWY-7312:_dTDP-&beta;-D-fucofuranose_biosynthesis,1
PWY-6122:_5-aminoimidazole_ribonucleotide_biosynthesis_II,PWY-7315:_dTDP-N-acetylthomosamine_biosynthesis,2
PWY-6122:_5-aminoimidazole_ribonucleotide_biosynthesis_II,PWY-7316:_dTDP-N-acetylviosamine_biosynthesis,1
PWY-6122:_5-aminoimidazole_ribonucleotide_biosynthesis_II,PWY-7357:_thiamine_phosphate_formation_from_pyrithiamine_and_oxythiamine_(yeast),11
PWY-6122:_5-aminoimidazole_ribonucleotide_biosynthesis_II,PWY-7456:_&beta;-(1,4)-mannan_degradation,2
PWY-6122:_5-aminoimidazole_ribonucleotide_biosynthesis_II,PWY-7560:_methylerythritol_phosphate_pathway_II,5
PWY-6122:_5-aminoimidazole_ribonucleotide_biosynthesis_II,PWY-7663:_gondoate_biosynthesis_(anaerobic),12
PWY-6122:_5-aminoimidazole_ribonucleotide_biosynthesis_II,PWY-7664:_oleate_biosynthesis_IV_(anaerobic),3
PWY-6122:_5-aminoimidazole_ribonucleotide_biosynthesis_II,PWY-7688:_dTDP-&alpha;-D-ravidosamine_and_dTDP-4-acetyl-&alpha;-D-ravidosamine_biosynthesis,1
PWY-6122:_5-aminoimidazole_ribonucleotide_biosynthesis_II,PWY-7790:_UMP_biosynthesis_II,22
PWY-6122:_5-aminoimidazole_ribonucleotide_biosynthesis_II,PWY-7791:_UMP_biosynthesis_III,22
PWY-6122:_5-aminoimidazole_ribonucleotide_biosynthesis_II,PWY-7851:_coenzyme_A_biosynthesis_II_(eukaryotic),20
PWY-6122:_5-aminoimidazole_ribonucleotide_biosynthesis_II,PWY-7953:_UDP-N-acetylmuramoyl-pentapeptide_biosynthesis_III_(meso-diaminopimelate_containing),21
PWY-6122:_5-aminoimidazole_ribonucleotide_biosynthesis_II,PWY-7977:_L-methionine_biosynthesis_IV,20
PWY-6122:_5-aminoimidazole_ribonucleotide_biosynthesis_II,PWY-8004:_Entner-Doudoroff_pathway_I,1
PWY-6122:_5-aminoimidazole_ribonucleotide_biosynthesis_II,PWY-8073:_lipid_IVA_biosynthesis_(P._putida),3
PWY-6122:_5-aminoimidazole_ribonucleotide_biosynthesis_II,PWY-8178:_pentose_phosphate_pathway_(non-oxidative_branch)_II,8
PWY-6122:_5-aminoimidazole_ribonucleotide_biosynthesis_II,PWY-8187:_L-arginine_degradation_XIII_(reductive_Stickland_reaction),1
PWY-6122:_5-aminoimidazole_ribonucleotide_biosynthesis_II,PWY0-1061:_superpathway_of_L-alanine_biosynthesis,2
PWY-6122:_5-aminoimidazole_ribonucleotide_biosynthesis_II,PWY0-1241:_ADP-L-glycero-&beta;-D-manno-heptose_biosynthesis,1
PWY-6122:_5-aminoimidazole_ribonucleotide_biosynthesis_II,PWY0-1296:_purine_ribonucleosides_degradation,6
PWY-6122:_5-aminoimidazole_ribonucleotide_biosynthesis_II,PWY0-1319:_CDP-diacylglycerol_biosynthesis_II,18
PWY-6122:_5-aminoimidazole_ribonucleotide_biosynthesis_II,PWY0-1479:_tRNA_processing,1
PWY-6122:_5-aminoimidazole_ribonucleotide_biosynthesis_II,PWY0-1586:_peptidoglycan_maturation_(meso-diaminopimelate_containing),11
PWY-6122:_5-aminoimidazole_ribonucleotide_biosynthesis_II,PWY0-162:_superpathway_of_pyrimidine_ribonucleotides_de_novo_biosynthesis,2
PWY-6122:_5-aminoimidazole_ribonucleotide_biosynthesis_II,PWY0-845:_superpathway_of_pyridoxal_5'-phosphate_biosynthesis_and_salvage,6
PWY-6122:_5-aminoimidazole_ribonucleotide_biosynthesis_II,PWY0-862:_(5Z)-dodecenoate_biosynthesis_I,3
PWY-6122:_5-aminoimidazole_ribonucleotide_biosynthesis_II,PWY4FS-7:_phosphatidylglycerol_biosynthesis_I_(plastidic),1
PWY-6122:_5-aminoimidazole_ribonucleotide_biosynthesis_II,PWY4FS-8:_phosphatidylglycerol_biosynthesis_II_(non-plastidic),1
PWY-6122:_5-aminoimidazole_ribonucleotide_biosynthesis_II,PWY66-429:_fatty_acid_biosynthesis_initiation_(mitochondria),12
PWY-6122:_5-aminoimidazole_ribonucleotide_biosynthesis_II,PYRIDNUCSYN-PWY:_NAD_de_novo_biosynthesis_I_(from_aspartate),12
PWY-6122:_5-aminoimidazole_ribonucleotide_biosynthesis_II,PYRIDOXSYN-PWY:_pyridoxal_5'-phosphate_biosynthesis_I,7
PWY-6122:_5-aminoimidazole_ribonucleotide_biosynthesis_II,RHAMCAT-PWY:_L-rhamnose_degradation_I,8
PWY-6122:_5-aminoimidazole_ribonucleotide_biosynthesis_II,RIBOSYN2-PWY:_flavin_biosynthesis_I_(bacteria_and_plants),11
PWY-6122:_5-aminoimidazole_ribonucleotide_biosynthesis_II,SALVADEHYPOX-PWY:_adenosine_nucleotides_degradation_II,1
PWY-6122:_5-aminoimidazole_ribonucleotide_biosynthesis_II,SER-GLYSYN-PWY:_superpathway_of_L-serine_and_glycine_biosynthesis_I,19
PWY-6122:_5-aminoimidazole_ribonucleotide_biosynthesis_II,THISYNARA-PWY:_superpathway_of_thiamine_diphosphate_biosynthesis_III_(eukaryotes),8
PWY-6122:_5-aminoimidazole_ribonucleotide_biosynthesis_II,THRESYN-PWY:_superpathway_of_L-threonine_biosynthesis,7
PWY-6122:_5-aminoimidazole_ribonucleotide_biosynthesis_II,TRNA-CHARGING-PWY:_tRNA_charging,18
PWY-6122:_5-aminoimidazole_ribonucleotide_biosynthesis_II,UDPNAGSYN-PWY:_UDP-N-acetyl-D-glucosamine_biosynthesis_I,4
PWY-6122:_5-aminoimidazole_ribonucleotide_biosynthesis_II,VALSYN-PWY:_L-valine_biosynthesis,25
PWY-6123:_inosine-5'-phosphate_biosynthesis_I,PWY-6124:_inosine-5'-phosphate_biosynthesis_II,18
PWY-6123:_inosine-5'-phosphate_biosynthesis_I,PWY-6125:_superpathway_of_guanosine_nucleotides_de_novo_biosynthesis_II,9
PWY-6123:_inosine-5'-phosphate_biosynthesis_I,PWY-6126:_superpathway_of_adenosine_nucleotides_de_novo_biosynthesis_II,9
PWY-6123:_inosine-5'-phosphate_biosynthesis_I,PWY-6143:_CMP-pseudaminate_biosynthesis,1
PWY-6123:_inosine-5'-phosphate_biosynthesis_I,PWY-6147:_6-hydroxymethyl-dihydropterin_diphosphate_biosynthesis_I,9
PWY-6123:_inosine-5'-phosphate_biosynthesis_I,PWY-6151:_S-adenosyl-L-methionine_salvage_I,6
PWY-6123:_inosine-5'-phosphate_biosynthesis_I,PWY-6163:_chorismate_biosynthesis_from_3-dehydroquinate,15
PWY-6123:_inosine-5'-phosphate_biosynthesis_I,PWY-621:_sucrose_degradation_III_(sucrose_invertase),2
PWY-6123:_inosine-5'-phosphate_biosynthesis_I,PWY-6270:_isoprene_biosynthesis_I,4
PWY-6123:_inosine-5'-phosphate_biosynthesis_I,PWY-6277:_superpathway_of_5-aminoimidazole_ribonucleotide_biosynthesis,18
PWY-6123:_inosine-5'-phosphate_biosynthesis_I,PWY-6282:_palmitoleate_biosynthesis_I_(from_(5Z)-dodec-5-enoate),3
PWY-6123:_inosine-5'-phosphate_biosynthesis_I,PWY-6317:_D-galactose_degradation_I_(Leloir_pathway),3
PWY-6123:_inosine-5'-phosphate_biosynthesis_I,PWY-6385:_peptidoglycan_biosynthesis_III_(mycobacteria),15
PWY-6123:_inosine-5'-phosphate_biosynthesis_I,PWY-6386:_UDP-N-acetylmuramoyl-pentapeptide_biosynthesis_II_(lysine-containing),17
PWY-6123:_inosine-5'-phosphate_biosynthesis_I,PWY-6387:_UDP-N-acetylmuramoyl-pentapeptide_biosynthesis_I_(meso-diaminopimelate_containing),17
PWY-6123:_inosine-5'-phosphate_biosynthesis_I,PWY-6507:_4-deoxy-L-threo-hex-4-enopyranuronate_degradation,1
PWY-6123:_inosine-5'-phosphate_biosynthesis_I,PWY-6519:_8-amino-7-oxononanoate_biosynthesis_I,1
PWY-6123:_inosine-5'-phosphate_biosynthesis_I,PWY-6527:_stachyose_degradation,2
PWY-6123:_inosine-5'-phosphate_biosynthesis_I,PWY-6572:_chondroitin_sulfate_degradation_I_(bacterial),1
PWY-6123:_inosine-5'-phosphate_biosynthesis_I,PWY-6608:_guanosine_nucleotides_degradation_III,4
PWY-6123:_inosine-5'-phosphate_biosynthesis_I,PWY-6609:_adenine_and_adenosine_salvage_III,17
PWY-6123:_inosine-5'-phosphate_biosynthesis_I,PWY-6630:_superpathway_of_L-tyrosine_biosynthesis,1
PWY-6123:_inosine-5'-phosphate_biosynthesis_I,PWY-6700:_queuosine_biosynthesis_I_(de_novo),15
PWY-6123:_inosine-5'-phosphate_biosynthesis_I,PWY-6703:_preQ0_biosynthesis,13
PWY-6123:_inosine-5'-phosphate_biosynthesis_I,PWY-6823:_molybdopterin_biosynthesis,2
PWY-6123:_inosine-5'-phosphate_biosynthesis_I,PWY-6897:_thiamine_diphosphate_salvage_II,4
PWY-6123:_inosine-5'-phosphate_biosynthesis_I,PWY-6902:_chitin_degradation_II_(Vibrio),4
PWY-6123:_inosine-5'-phosphate_biosynthesis_I,PWY-7111:_pyruvate_fermentation_to_isobutanol_(engineered),6
PWY-6123:_inosine-5'-phosphate_biosynthesis_I,PWY-7199:_pyrimidine_deoxyribonucleosides_salvage,10
PWY-6123:_inosine-5'-phosphate_biosynthesis_I,PWY-7208:_superpathway_of_pyrimidine_nucleobases_salvage,1
PWY-6123:_inosine-5'-phosphate_biosynthesis_I,PWY-7220:_adenosine_deoxyribonucleotides_de_novo_biosynthesis_II,9
PWY-6123:_inosine-5'-phosphate_biosynthesis_I,PWY-7221:_guanosine_ribonucleotides_de_novo_biosynthesis,17
PWY-6123:_inosine-5'-phosphate_biosynthesis_I,PWY-7222:_guanosine_deoxyribonucleotides_de_novo_biosynthesis_II,9
PWY-6123:_inosine-5'-phosphate_biosynthesis_I,PWY-7228:_superpathway_of_guanosine_nucleotides_de_novo_biosynthesis_I,9
PWY-6123:_inosine-5'-phosphate_biosynthesis_I,PWY-7229:_superpathway_of_adenosine_nucleotides_de_novo_biosynthesis_I,9
PWY-6123:_inosine-5'-phosphate_biosynthesis_I,PWY-7234:_inosine-5'-phosphate_biosynthesis_III,3
PWY-6123:_inosine-5'-phosphate_biosynthesis_I,PWY-7237:_myo-,_chiro-_and_scyllo-inositol_degradation,5
PWY-6123:_inosine-5'-phosphate_biosynthesis_I,PWY-7238:_sucrose_biosynthesis_II,7
PWY-6123:_inosine-5'-phosphate_biosynthesis_I,PWY-7242:_D-fructuronate_degradation,1
PWY-6123:_inosine-5'-phosphate_biosynthesis_I,PWY-724:_superpathway_of_L-lysine,_L-threonine_and_L-methionine_biosynthesis_II,2
PWY-6123:_inosine-5'-phosphate_biosynthesis_I,PWY-7282:_4-amino-2-methyl-5-diphosphomethylpyrimidine_biosynthesis_II,3
PWY-6123:_inosine-5'-phosphate_biosynthesis_I,PWY-7312:_dTDP-&beta;-D-fucofuranose_biosynthesis,1
PWY-6123:_inosine-5'-phosphate_biosynthesis_I,PWY-7315:_dTDP-N-acetylthomosamine_biosynthesis,1
PWY-6123:_inosine-5'-phosphate_biosynthesis_I,PWY-7316:_dTDP-N-acetylviosamine_biosynthesis,1
PWY-6123:_inosine-5'-phosphate_biosynthesis_I,PWY-7357:_thiamine_phosphate_formation_from_pyrithiamine_and_oxythiamine_(yeast),6
PWY-6123:_inosine-5'-phosphate_biosynthesis_I,PWY-7456:_&beta;-(1,4)-mannan_degradation,1
PWY-6123:_inosine-5'-phosphate_biosynthesis_I,PWY-7560:_methylerythritol_phosphate_pathway_II,4
PWY-6123:_inosine-5'-phosphate_biosynthesis_I,PWY-7663:_gondoate_biosynthesis_(anaerobic),12
PWY-6123:_inosine-5'-phosphate_biosynthesis_I,PWY-7664:_oleate_biosynthesis_IV_(anaerobic),3
PWY-6123:_inosine-5'-phosphate_biosynthesis_I,PWY-7688:_dTDP-&alpha;-D-ravidosamine_and_dTDP-4-acetyl-&alpha;-D-ravidosamine_biosynthesis,1
PWY-6123:_inosine-5'-phosphate_biosynthesis_I,PWY-7790:_UMP_biosynthesis_II,18
PWY-6123:_inosine-5'-phosphate_biosynthesis_I,PWY-7791:_UMP_biosynthesis_III,18
PWY-6123:_inosine-5'-phosphate_biosynthesis_I,PWY-7851:_coenzyme_A_biosynthesis_II_(eukaryotic),16
PWY-6123:_inosine-5'-phosphate_biosynthesis_I,PWY-7953:_UDP-N-acetylmuramoyl-pentapeptide_biosynthesis_III_(meso-diaminopimelate_containing),16
PWY-6123:_inosine-5'-phosphate_biosynthesis_I,PWY-7977:_L-methionine_biosynthesis_IV,18
PWY-6123:_inosine-5'-phosphate_biosynthesis_I,PWY-8004:_Entner-Doudoroff_pathway_I,1
PWY-6123:_inosine-5'-phosphate_biosynthesis_I,PWY-8073:_lipid_IVA_biosynthesis_(P._putida),3
PWY-6123:_inosine-5'-phosphate_biosynthesis_I,PWY-8178:_pentose_phosphate_pathway_(non-oxidative_branch)_II,4
PWY-6123:_inosine-5'-phosphate_biosynthesis_I,PWY-8187:_L-arginine_degradation_XIII_(reductive_Stickland_reaction),1
PWY-6123:_inosine-5'-phosphate_biosynthesis_I,PWY0-1061:_superpathway_of_L-alanine_biosynthesis,1
PWY-6123:_inosine-5'-phosphate_biosynthesis_I,PWY0-1296:_purine_ribonucleosides_degradation,2
PWY-6123:_inosine-5'-phosphate_biosynthesis_I,PWY0-1319:_CDP-diacylglycerol_biosynthesis_II,14
PWY-6123:_inosine-5'-phosphate_biosynthesis_I,PWY0-1586:_peptidoglycan_maturation_(meso-diaminopimelate_containing),8
PWY-6123:_inosine-5'-phosphate_biosynthesis_I,PWY0-162:_superpathway_of_pyrimidine_ribonucleotides_de_novo_biosynthesis,2
PWY-6123:_inosine-5'-phosphate_biosynthesis_I,PWY0-845:_superpathway_of_pyridoxal_5'-phosphate_biosynthesis_and_salvage,6
PWY-6123:_inosine-5'-phosphate_biosynthesis_I,PWY0-862:_(5Z)-dodecenoate_biosynthesis_I,3
PWY-6123:_inosine-5'-phosphate_biosynthesis_I,PWY66-429:_fatty_acid_biosynthesis_initiation_(mitochondria),11
PWY-6123:_inosine-5'-phosphate_biosynthesis_I,PYRIDNUCSYN-PWY:_NAD_de_novo_biosynthesis_I_(from_aspartate),9
PWY-6123:_inosine-5'-phosphate_biosynthesis_I,PYRIDOXSYN-PWY:_pyridoxal_5'-phosphate_biosynthesis_I,7
PWY-6123:_inosine-5'-phosphate_biosynthesis_I,RHAMCAT-PWY:_L-rhamnose_degradation_I,8
PWY-6123:_inosine-5'-phosphate_biosynthesis_I,RIBOSYN2-PWY:_flavin_biosynthesis_I_(bacteria_and_plants),9
PWY-6123:_inosine-5'-phosphate_biosynthesis_I,SALVADEHYPOX-PWY:_adenosine_nucleotides_degradation_II,1
PWY-6123:_inosine-5'-phosphate_biosynthesis_I,SER-GLYSYN-PWY:_superpathway_of_L-serine_and_glycine_biosynthesis_I,16
PWY-6123:_inosine-5'-phosphate_biosynthesis_I,THISYNARA-PWY:_superpathway_of_thiamine_diphosphate_biosynthesis_III_(eukaryotes),5
PWY-6123:_inosine-5'-phosphate_biosynthesis_I,THRESYN-PWY:_superpathway_of_L-threonine_biosynthesis,6
PWY-6123:_inosine-5'-phosphate_biosynthesis_I,TRNA-CHARGING-PWY:_tRNA_charging,15
PWY-6123:_inosine-5'-phosphate_biosynthesis_I,UDPNAGSYN-PWY:_UDP-N-acetyl-D-glucosamine_biosynthesis_I,1
PWY-6123:_inosine-5'-phosphate_biosynthesis_I,VALSYN-PWY:_L-valine_biosynthesis,17
PWY-6124:_inosine-5'-phosphate_biosynthesis_II,PWY-6125:_superpathway_of_guanosine_nucleotides_de_novo_biosynthesis_II,9
PWY-6124:_inosine-5'-phosphate_biosynthesis_II,PWY-6126:_superpathway_of_adenosine_nucleotides_de_novo_biosynthesis_II,9
PWY-6124:_inosine-5'-phosphate_biosynthesis_II,PWY-6143:_CMP-pseudaminate_biosynthesis,1
PWY-6124:_inosine-5'-phosphate_biosynthesis_II,PWY-6147:_6-hydroxymethyl-dihydropterin_diphosphate_biosynthesis_I,9
PWY-6124:_inosine-5'-phosphate_biosynthesis_II,PWY-6151:_S-adenosyl-L-methionine_salvage_I,7
PWY-6124:_inosine-5'-phosphate_biosynthesis_II,PWY-6163:_chorismate_biosynthesis_from_3-dehydroquinate,16
PWY-6124:_inosine-5'-phosphate_biosynthesis_II,PWY-621:_sucrose_degradation_III_(sucrose_invertase),3
PWY-6124:_inosine-5'-phosphate_biosynthesis_II,PWY-6270:_isoprene_biosynthesis_I,4
PWY-6124:_inosine-5'-phosphate_biosynthesis_II,PWY-6277:_superpathway_of_5-aminoimidazole_ribonucleotide_biosynthesis,19
PWY-6124:_inosine-5'-phosphate_biosynthesis_II,PWY-6282:_palmitoleate_biosynthesis_I_(from_(5Z)-dodec-5-enoate),3
PWY-6124:_inosine-5'-phosphate_biosynthesis_II,PWY-6317:_D-galactose_degradation_I_(Leloir_pathway),4
PWY-6124:_inosine-5'-phosphate_biosynthesis_II,PWY-6385:_peptidoglycan_biosynthesis_III_(mycobacteria),15
PWY-6124:_inosine-5'-phosphate_biosynthesis_II,PWY-6386:_UDP-N-acetylmuramoyl-pentapeptide_biosynthesis_II_(lysine-containing),17
PWY-6124:_inosine-5'-phosphate_biosynthesis_II,PWY-6387:_UDP-N-acetylmuramoyl-pentapeptide_biosynthesis_I_(meso-diaminopimelate_containing),17
PWY-6124:_inosine-5'-phosphate_biosynthesis_II,PWY-6507:_4-deoxy-L-threo-hex-4-enopyranuronate_degradation,1
PWY-6124:_inosine-5'-phosphate_biosynthesis_II,PWY-6519:_8-amino-7-oxononanoate_biosynthesis_I,1
PWY-6124:_inosine-5'-phosphate_biosynthesis_II,PWY-6527:_stachyose_degradation,3
PWY-6124:_inosine-5'-phosphate_biosynthesis_II,PWY-6572:_chondroitin_sulfate_degradation_I_(bacterial),1
PWY-6124:_inosine-5'-phosphate_biosynthesis_II,PWY-6608:_guanosine_nucleotides_degradation_III,4
PWY-6124:_inosine-5'-phosphate_biosynthesis_II,PWY-6609:_adenine_and_adenosine_salvage_III,17
PWY-6124:_inosine-5'-phosphate_biosynthesis_II,PWY-6630:_superpathway_of_L-tyrosine_biosynthesis,1
PWY-6124:_inosine-5'-phosphate_biosynthesis_II,PWY-6700:_queuosine_biosynthesis_I_(de_novo),16
PWY-6124:_inosine-5'-phosphate_biosynthesis_II,PWY-6703:_preQ0_biosynthesis,14
PWY-6124:_inosine-5'-phosphate_biosynthesis_II,PWY-6823:_molybdopterin_biosynthesis,2
PWY-6124:_inosine-5'-phosphate_biosynthesis_II,PWY-6897:_thiamine_diphosphate_salvage_II,4
PWY-6124:_inosine-5'-phosphate_biosynthesis_II,PWY-6902:_chitin_degradation_II_(Vibrio),4
PWY-6124:_inosine-5'-phosphate_biosynthesis_II,PWY-6936:_seleno-amino_acid_biosynthesis_(plants),1
PWY-6124:_inosine-5'-phosphate_biosynthesis_II,PWY-7111:_pyruvate_fermentation_to_isobutanol_(engineered),7
PWY-6124:_inosine-5'-phosphate_biosynthesis_II,PWY-7199:_pyrimidine_deoxyribonucleosides_salvage,10
PWY-6124:_inosine-5'-phosphate_biosynthesis_II,PWY-7208:_superpathway_of_pyrimidine_nucleobases_salvage,1
PWY-6124:_inosine-5'-phosphate_biosynthesis_II,PWY-7220:_adenosine_deoxyribonucleotides_de_novo_biosynthesis_II,9
PWY-6124:_inosine-5'-phosphate_biosynthesis_II,PWY-7221:_guanosine_ribonucleotides_de_novo_biosynthesis,17
PWY-6124:_inosine-5'-phosphate_biosynthesis_II,PWY-7222:_guanosine_deoxyribonucleotides_de_novo_biosynthesis_II,9
PWY-6124:_inosine-5'-phosphate_biosynthesis_II,PWY-7228:_superpathway_of_guanosine_nucleotides_de_novo_biosynthesis_I,9
PWY-6124:_inosine-5'-phosphate_biosynthesis_II,PWY-7229:_superpathway_of_adenosine_nucleotides_de_novo_biosynthesis_I,9
PWY-6124:_inosine-5'-phosphate_biosynthesis_II,PWY-7234:_inosine-5'-phosphate_biosynthesis_III,3
PWY-6124:_inosine-5'-phosphate_biosynthesis_II,PWY-7237:_myo-,_chiro-_and_scyllo-inositol_degradation,5
PWY-6124:_inosine-5'-phosphate_biosynthesis_II,PWY-7238:_sucrose_biosynthesis_II,8
PWY-6124:_inosine-5'-phosphate_biosynthesis_II,PWY-7242:_D-fructuronate_degradation,1
PWY-6124:_inosine-5'-phosphate_biosynthesis_II,PWY-724:_superpathway_of_L-lysine,_L-threonine_and_L-methionine_biosynthesis_II,2
PWY-6124:_inosine-5'-phosphate_biosynthesis_II,PWY-7282:_4-amino-2-methyl-5-diphosphomethylpyrimidine_biosynthesis_II,3
PWY-6124:_inosine-5'-phosphate_biosynthesis_II,PWY-7312:_dTDP-&beta;-D-fucofuranose_biosynthesis,1
PWY-6124:_inosine-5'-phosphate_biosynthesis_II,PWY-7315:_dTDP-N-acetylthomosamine_biosynthesis,1
PWY-6124:_inosine-5'-phosphate_biosynthesis_II,PWY-7316:_dTDP-N-acetylviosamine_biosynthesis,1
PWY-6124:_inosine-5'-phosphate_biosynthesis_II,PWY-7357:_thiamine_phosphate_formation_from_pyrithiamine_and_oxythiamine_(yeast),6
PWY-6124:_inosine-5'-phosphate_biosynthesis_II,PWY-7456:_&beta;-(1,4)-mannan_degradation,2
PWY-6124:_inosine-5'-phosphate_biosynthesis_II,PWY-7560:_methylerythritol_phosphate_pathway_II,4
PWY-6124:_inosine-5'-phosphate_biosynthesis_II,PWY-7663:_gondoate_biosynthesis_(anaerobic),12
PWY-6124:_inosine-5'-phosphate_biosynthesis_II,PWY-7664:_oleate_biosynthesis_IV_(anaerobic),3
PWY-6124:_inosine-5'-phosphate_biosynthesis_II,PWY-7688:_dTDP-&alpha;-D-ravidosamine_and_dTDP-4-acetyl-&alpha;-D-ravidosamine_biosynthesis,1
PWY-6124:_inosine-5'-phosphate_biosynthesis_II,PWY-7790:_UMP_biosynthesis_II,18
PWY-6124:_inosine-5'-phosphate_biosynthesis_II,PWY-7791:_UMP_biosynthesis_III,18
PWY-6124:_inosine-5'-phosphate_biosynthesis_II,PWY-7851:_coenzyme_A_biosynthesis_II_(eukaryotic),16
PWY-6124:_inosine-5'-phosphate_biosynthesis_II,PWY-7953:_UDP-N-acetylmuramoyl-pentapeptide_biosynthesis_III_(meso-diaminopimelate_containing),16
PWY-6124:_inosine-5'-phosphate_biosynthesis_II,PWY-7977:_L-methionine_biosynthesis_IV,18
PWY-6124:_inosine-5'-phosphate_biosynthesis_II,PWY-8004:_Entner-Doudoroff_pathway_I,1
PWY-6124:_inosine-5'-phosphate_biosynthesis_II,PWY-8073:_lipid_IVA_biosynthesis_(P._putida),3
PWY-6124:_inosine-5'-phosphate_biosynthesis_II,PWY-8178:_pentose_phosphate_pathway_(non-oxidative_branch)_II,4
PWY-6124:_inosine-5'-phosphate_biosynthesis_II,PWY-8187:_L-arginine_degradation_XIII_(reductive_Stickland_reaction),1
PWY-6124:_inosine-5'-phosphate_biosynthesis_II,PWY0-1061:_superpathway_of_L-alanine_biosynthesis,1
PWY-6124:_inosine-5'-phosphate_biosynthesis_II,PWY0-1296:_purine_ribonucleosides_degradation,2
PWY-6124:_inosine-5'-phosphate_biosynthesis_II,PWY0-1319:_CDP-diacylglycerol_biosynthesis_II,14
PWY-6124:_inosine-5'-phosphate_biosynthesis_II,PWY0-1586:_peptidoglycan_maturation_(meso-diaminopimelate_containing),8
PWY-6124:_inosine-5'-phosphate_biosynthesis_II,PWY0-162:_superpathway_of_pyrimidine_ribonucleotides_de_novo_biosynthesis,2
PWY-6124:_inosine-5'-phosphate_biosynthesis_II,PWY0-845:_superpathway_of_pyridoxal_5'-phosphate_biosynthesis_and_salvage,6
PWY-6124:_inosine-5'-phosphate_biosynthesis_II,PWY0-862:_(5Z)-dodecenoate_biosynthesis_I,3
PWY-6124:_inosine-5'-phosphate_biosynthesis_II,PWY66-429:_fatty_acid_biosynthesis_initiation_(mitochondria),11
PWY-6124:_inosine-5'-phosphate_biosynthesis_II,PYRIDNUCSYN-PWY:_NAD_de_novo_biosynthesis_I_(from_aspartate),10
PWY-6124:_inosine-5'-phosphate_biosynthesis_II,PYRIDOXSYN-PWY:_pyridoxal_5'-phosphate_biosynthesis_I,7
PWY-6124:_inosine-5'-phosphate_biosynthesis_II,RHAMCAT-PWY:_L-rhamnose_degradation_I,8
PWY-6124:_inosine-5'-phosphate_biosynthesis_II,RIBOSYN2-PWY:_flavin_biosynthesis_I_(bacteria_and_plants),9
PWY-6124:_inosine-5'-phosphate_biosynthesis_II,SALVADEHYPOX-PWY:_adenosine_nucleotides_degradation_II,1
PWY-6124:_inosine-5'-phosphate_biosynthesis_II,SER-GLYSYN-PWY:_superpathway_of_L-serine_and_glycine_biosynthesis_I,16
PWY-6124:_inosine-5'-phosphate_biosynthesis_II,THISYNARA-PWY:_superpathway_of_thiamine_diphosphate_biosynthesis_III_(eukaryotes),5
PWY-6124:_inosine-5'-phosphate_biosynthesis_II,THRESYN-PWY:_superpathway_of_L-threonine_biosynthesis,6
PWY-6124:_inosine-5'-phosphate_biosynthesis_II,TRNA-CHARGING-PWY:_tRNA_charging,15
PWY-6124:_inosine-5'-phosphate_biosynthesis_II,UDPNAGSYN-PWY:_UDP-N-acetyl-D-glucosamine_biosynthesis_I,2
PWY-6124:_inosine-5'-phosphate_biosynthesis_II,VALSYN-PWY:_L-valine_biosynthesis,18
PWY-6125:_superpathway_of_guanosine_nucleotides_de_novo_biosynthesis_II,PWY-6126:_superpathway_of_adenosine_nucleotides_de_novo_biosynthesis_II,9
PWY-6125:_superpathway_of_guanosine_nucleotides_de_novo_biosynthesis_II,PWY-6147:_6-hydroxymethyl-dihydropterin_diphosphate_biosynthesis_I,7
PWY-6125:_superpathway_of_guanosine_nucleotides_de_novo_biosynthesis_II,PWY-6151:_S-adenosyl-L-methionine_salvage_I,2
PWY-6125:_superpathway_of_guanosine_nucleotides_de_novo_biosynthesis_II,PWY-6163:_chorismate_biosynthesis_from_3-dehydroquinate,8
PWY-6125:_superpathway_of_guanosine_nucleotides_de_novo_biosynthesis_II,PWY-621:_sucrose_degradation_III_(sucrose_invertase),2
PWY-6125:_superpathway_of_guanosine_nucleotides_de_novo_biosynthesis_II,PWY-6270:_isoprene_biosynthesis_I,4
PWY-6125:_superpathway_of_guanosine_nucleotides_de_novo_biosynthesis_II,PWY-6277:_superpathway_of_5-aminoimidazole_ribonucleotide_biosynthesis,9
PWY-6125:_superpathway_of_guanosine_nucleotides_de_novo_biosynthesis_II,PWY-6282:_palmitoleate_biosynthesis_I_(from_(5Z)-dodec-5-enoate),1
PWY-6125:_superpathway_of_guanosine_nucleotides_de_novo_biosynthesis_II,PWY-6385:_peptidoglycan_biosynthesis_III_(mycobacteria),9
PWY-6125:_superpathway_of_guanosine_nucleotides_de_novo_biosynthesis_II,PWY-6386:_UDP-N-acetylmuramoyl-pentapeptide_biosynthesis_II_(lysine-containing),9
PWY-6125:_superpathway_of_guanosine_nucleotides_de_novo_biosynthesis_II,PWY-6387:_UDP-N-acetylmuramoyl-pentapeptide_biosynthesis_I_(meso-diaminopimelate_containing),9
PWY-6125:_superpathway_of_guanosine_nucleotides_de_novo_biosynthesis_II,PWY-6519:_8-amino-7-oxononanoate_biosynthesis_I,1
PWY-6125:_superpathway_of_guanosine_nucleotides_de_novo_biosynthesis_II,PWY-6572:_chondroitin_sulfate_degradation_I_(bacterial),1
PWY-6125:_superpathway_of_guanosine_nucleotides_de_novo_biosynthesis_II,PWY-6608:_guanosine_nucleotides_degradation_III,3
PWY-6125:_superpathway_of_guanosine_nucleotides_de_novo_biosynthesis_II,PWY-6609:_adenine_and_adenosine_salvage_III,8
PWY-6125:_superpathway_of_guanosine_nucleotides_de_novo_biosynthesis_II,PWY-6700:_queuosine_biosynthesis_I_(de_novo),9
PWY-6125:_superpathway_of_guanosine_nucleotides_de_novo_biosynthesis_II,PWY-6703:_preQ0_biosynthesis,9
PWY-6125:_superpathway_of_guanosine_nucleotides_de_novo_biosynthesis_II,PWY-6897:_thiamine_diphosphate_salvage_II,2
PWY-6125:_superpathway_of_guanosine_nucleotides_de_novo_biosynthesis_II,PWY-6902:_chitin_degradation_II_(Vibrio),3
PWY-6125:_superpathway_of_guanosine_nucleotides_de_novo_biosynthesis_II,PWY-7111:_pyruvate_fermentation_to_isobutanol_(engineered),2
PWY-6125:_superpathway_of_guanosine_nucleotides_de_novo_biosynthesis_II,PWY-7199:_pyrimidine_deoxyribonucleosides_salvage,8
PWY-6125:_superpathway_of_guanosine_nucleotides_de_novo_biosynthesis_II,PWY-7220:_adenosine_deoxyribonucleotides_de_novo_biosynthesis_II,10
PWY-6125:_superpathway_of_guanosine_nucleotides_de_novo_biosynthesis_II,PWY-7221:_guanosine_ribonucleotides_de_novo_biosynthesis,10
PWY-6125:_superpathway_of_guanosine_nucleotides_de_novo_biosynthesis_II,PWY-7222:_guanosine_deoxyribonucleotides_de_novo_biosynthesis_II,10
PWY-6125:_superpathway_of_guanosine_nucleotides_de_novo_biosynthesis_II,PWY-7228:_superpathway_of_guanosine_nucleotides_de_novo_biosynthesis_I,10
PWY-6125:_superpathway_of_guanosine_nucleotides_de_novo_biosynthesis_II,PWY-7229:_superpathway_of_adenosine_nucleotides_de_novo_biosynthesis_I,9
PWY-6125:_superpathway_of_guanosine_nucleotides_de_novo_biosynthesis_II,PWY-7237:_myo-,_chiro-_and_scyllo-inositol_degradation,3
PWY-6125:_superpathway_of_guanosine_nucleotides_de_novo_biosynthesis_II,PWY-7238:_sucrose_biosynthesis_II,3
PWY-6125:_superpathway_of_guanosine_nucleotides_de_novo_biosynthesis_II,PWY-7282:_4-amino-2-methyl-5-diphosphomethylpyrimidine_biosynthesis_II,2
PWY-6125:_superpathway_of_guanosine_nucleotides_de_novo_biosynthesis_II,PWY-7316:_dTDP-N-acetylviosamine_biosynthesis,1
PWY-6125:_superpathway_of_guanosine_nucleotides_de_novo_biosynthesis_II,PWY-7357:_thiamine_phosphate_formation_from_pyrithiamine_and_oxythiamine_(yeast),2
PWY-6125:_superpathway_of_guanosine_nucleotides_de_novo_biosynthesis_II,PWY-7560:_methylerythritol_phosphate_pathway_II,4
PWY-6125:_superpathway_of_guanosine_nucleotides_de_novo_biosynthesis_II,PWY-7663:_gondoate_biosynthesis_(anaerobic),7
PWY-6125:_superpathway_of_guanosine_nucleotides_de_novo_biosynthesis_II,PWY-7664:_oleate_biosynthesis_IV_(anaerobic),1
PWY-6125:_superpathway_of_guanosine_nucleotides_de_novo_biosynthesis_II,PWY-7688:_dTDP-&alpha;-D-ravidosamine_and_dTDP-4-acetyl-&alpha;-D-ravidosamine_biosynthesis,2
PWY-6125:_superpathway_of_guanosine_nucleotides_de_novo_biosynthesis_II,PWY-7790:_UMP_biosynthesis_II,9
PWY-6125:_superpathway_of_guanosine_nucleotides_de_novo_biosynthesis_II,PWY-7791:_UMP_biosynthesis_III,9
PWY-6125:_superpathway_of_guanosine_nucleotides_de_novo_biosynthesis_II,PWY-7851:_coenzyme_A_biosynthesis_II_(eukaryotic),9
PWY-6125:_superpathway_of_guanosine_nucleotides_de_novo_biosynthesis_II,PWY-7953:_UDP-N-acetylmuramoyl-pentapeptide_biosynthesis_III_(meso-diaminopimelate_containing),9
PWY-6125:_superpathway_of_guanosine_nucleotides_de_novo_biosynthesis_II,PWY-7977:_L-methionine_biosynthesis_IV,10
PWY-6125:_superpathway_of_guanosine_nucleotides_de_novo_biosynthesis_II,PWY-8004:_Entner-Doudoroff_pathway_I,1
PWY-6125:_superpathway_of_guanosine_nucleotides_de_novo_biosynthesis_II,PWY-8073:_lipid_IVA_biosynthesis_(P._putida),2
PWY-6125:_superpathway_of_guanosine_nucleotides_de_novo_biosynthesis_II,PWY-8178:_pentose_phosphate_pathway_(non-oxidative_branch)_II,2
PWY-6125:_superpathway_of_guanosine_nucleotides_de_novo_biosynthesis_II,PWY-8187:_L-arginine_degradation_XIII_(reductive_Stickland_reaction),1
PWY-6125:_superpathway_of_guanosine_nucleotides_de_novo_biosynthesis_II,PWY0-1319:_CDP-diacylglycerol_biosynthesis_II,6
PWY-6125:_superpathway_of_guanosine_nucleotides_de_novo_biosynthesis_II,PWY0-1586:_peptidoglycan_maturation_(meso-diaminopimelate_containing),6
PWY-6125:_superpathway_of_guanosine_nucleotides_de_novo_biosynthesis_II,PWY0-162:_superpathway_of_pyrimidine_ribonucleotides_de_novo_biosynthesis,2
PWY-6125:_superpathway_of_guanosine_nucleotides_de_novo_biosynthesis_II,PWY0-845:_superpathway_of_pyridoxal_5'-phosphate_biosynthesis_and_salvage,5
PWY-6125:_superpathway_of_guanosine_nucleotides_de_novo_biosynthesis_II,PWY0-862:_(5Z)-dodecenoate_biosynthesis_I,1
PWY-6125:_superpathway_of_guanosine_nucleotides_de_novo_biosynthesis_II,PWY66-429:_fatty_acid_biosynthesis_initiation_(mitochondria),9
PWY-6125:_superpathway_of_guanosine_nucleotides_de_novo_biosynthesis_II,PYRIDNUCSYN-PWY:_NAD_de_novo_biosynthesis_I_(from_aspartate),6
PWY-6125:_superpathway_of_guanosine_nucleotides_de_novo_biosynthesis_II,PYRIDOXSYN-PWY:_pyridoxal_5'-phosphate_biosynthesis_I,5
PWY-6125:_superpathway_of_guanosine_nucleotides_de_novo_biosynthesis_II,RHAMCAT-PWY:_L-rhamnose_degradation_I,7
PWY-6125:_superpathway_of_guanosine_nucleotides_de_novo_biosynthesis_II,RIBOSYN2-PWY:_flavin_biosynthesis_I_(bacteria_and_plants),7
PWY-6125:_superpathway_of_guanosine_nucleotides_de_novo_biosynthesis_II,SER-GLYSYN-PWY:_superpathway_of_L-serine_and_glycine_biosynthesis_I,8
PWY-6125:_superpathway_of_guanosine_nucleotides_de_novo_biosynthesis_II,THISYNARA-PWY:_superpathway_of_thiamine_diphosphate_biosynthesis_III_(eukaryotes),2
PWY-6125:_superpathway_of_guanosine_nucleotides_de_novo_biosynthesis_II,THRESYN-PWY:_superpathway_of_L-threonine_biosynthesis,3
PWY-6125:_superpathway_of_guanosine_nucleotides_de_novo_biosynthesis_II,TRNA-CHARGING-PWY:_tRNA_charging,9
PWY-6125:_superpathway_of_guanosine_nucleotides_de_novo_biosynthesis_II,VALSYN-PWY:_L-valine_biosynthesis,10
PWY-6126:_superpathway_of_adenosine_nucleotides_de_novo_biosynthesis_II,PWY-6147:_6-hydroxymethyl-dihydropterin_diphosphate_biosynthesis_I,6
PWY-6126:_superpathway_of_adenosine_nucleotides_de_novo_biosynthesis_II,PWY-6151:_S-adenosyl-L-methionine_salvage_I,2
PWY-6126:_superpathway_of_adenosine_nucleotides_de_novo_biosynthesis_II,PWY-6163:_chorismate_biosynthesis_from_3-dehydroquinate,9
PWY-6126:_superpathway_of_adenosine_nucleotides_de_novo_biosynthesis_II,PWY-621:_sucrose_degradation_III_(sucrose_invertase),2
PWY-6126:_superpathway_of_adenosine_nucleotides_de_novo_biosynthesis_II,PWY-6270:_isoprene_biosynthesis_I,4
PWY-6126:_superpathway_of_adenosine_nucleotides_de_novo_biosynthesis_II,PWY-6277:_superpathway_of_5-aminoimidazole_ribonucleotide_biosynthesis,10
PWY-6126:_superpathway_of_adenosine_nucleotides_de_novo_biosynthesis_II,PWY-6282:_palmitoleate_biosynthesis_I_(from_(5Z)-dodec-5-enoate),1
PWY-6126:_superpathway_of_adenosine_nucleotides_de_novo_biosynthesis_II,PWY-6385:_peptidoglycan_biosynthesis_III_(mycobacteria),9
PWY-6126:_superpathway_of_adenosine_nucleotides_de_novo_biosynthesis_II,PWY-6386:_UDP-N-acetylmuramoyl-pentapeptide_biosynthesis_II_(lysine-containing),9
PWY-6126:_superpathway_of_adenosine_nucleotides_de_novo_biosynthesis_II,PWY-6387:_UDP-N-acetylmuramoyl-pentapeptide_biosynthesis_I_(meso-diaminopimelate_containing),9
PWY-6126:_superpathway_of_adenosine_nucleotides_de_novo_biosynthesis_II,PWY-6519:_8-amino-7-oxononanoate_biosynthesis_I,1
PWY-6126:_superpathway_of_adenosine_nucleotides_de_novo_biosynthesis_II,PWY-6572:_chondroitin_sulfate_degradation_I_(bacterial),1
PWY-6126:_superpathway_of_adenosine_nucleotides_de_novo_biosynthesis_II,PWY-6608:_guanosine_nucleotides_degradation_III,3
PWY-6126:_superpathway_of_adenosine_nucleotides_de_novo_biosynthesis_II,PWY-6609:_adenine_and_adenosine_salvage_III,8
PWY-6126:_superpathway_of_adenosine_nucleotides_de_novo_biosynthesis_II,PWY-6700:_queuosine_biosynthesis_I_(de_novo),10
PWY-6126:_superpathway_of_adenosine_nucleotides_de_novo_biosynthesis_II,PWY-6703:_preQ0_biosynthesis,9
PWY-6126:_superpathway_of_adenosine_nucleotides_de_novo_biosynthesis_II,PWY-6897:_thiamine_diphosphate_salvage_II,3
PWY-6126:_superpathway_of_adenosine_nucleotides_de_novo_biosynthesis_II,PWY-6902:_chitin_degradation_II_(Vibrio),2
PWY-6126:_superpathway_of_adenosine_nucleotides_de_novo_biosynthesis_II,PWY-7111:_pyruvate_fermentation_to_isobutanol_(engineered),2
PWY-6126:_superpathway_of_adenosine_nucleotides_de_novo_biosynthesis_II,PWY-7197:_pyrimidine_deoxyribonucleotide_phosphorylation,1
PWY-6126:_superpathway_of_adenosine_nucleotides_de_novo_biosynthesis_II,PWY-7199:_pyrimidine_deoxyribonucleosides_salvage,8
PWY-6126:_superpathway_of_adenosine_nucleotides_de_novo_biosynthesis_II,PWY-7220:_adenosine_deoxyribonucleotides_de_novo_biosynthesis_II,10
PWY-6126:_superpathway_of_adenosine_nucleotides_de_novo_biosynthesis_II,PWY-7221:_guanosine_ribonucleotides_de_novo_biosynthesis,10
PWY-6126:_superpathway_of_adenosine_nucleotides_de_novo_biosynthesis_II,PWY-7222:_guanosine_deoxyribonucleotides_de_novo_biosynthesis_II,10
PWY-6126:_superpathway_of_adenosine_nucleotides_de_novo_biosynthesis_II,PWY-7228:_superpathway_of_guanosine_nucleotides_de_novo_biosynthesis_I,10
PWY-6126:_superpathway_of_adenosine_nucleotides_de_novo_biosynthesis_II,PWY-7229:_superpathway_of_adenosine_nucleotides_de_novo_biosynthesis_I,10
PWY-6126:_superpathway_of_adenosine_nucleotides_de_novo_biosynthesis_II,PWY-7237:_myo-,_chiro-_and_scyllo-inositol_degradation,3
PWY-6126:_superpathway_of_adenosine_nucleotides_de_novo_biosynthesis_II,PWY-7238:_sucrose_biosynthesis_II,2
PWY-6126:_superpathway_of_adenosine_nucleotides_de_novo_biosynthesis_II,PWY-7282:_4-amino-2-methyl-5-diphosphomethylpyrimidine_biosynthesis_II,2
PWY-6126:_superpathway_of_adenosine_nucleotides_de_novo_biosynthesis_II,PWY-7316:_dTDP-N-acetylviosamine_biosynthesis,1
PWY-6126:_superpathway_of_adenosine_nucleotides_de_novo_biosynthesis_II,PWY-7357:_thiamine_phosphate_formation_from_pyrithiamine_and_oxythiamine_(yeast),3
PWY-6126:_superpathway_of_adenosine_nucleotides_de_novo_biosynthesis_II,PWY-7560:_methylerythritol_phosphate_pathway_II,4
PWY-6126:_superpathway_of_adenosine_nucleotides_de_novo_biosynthesis_II,PWY-7663:_gondoate_biosynthesis_(anaerobic),7
PWY-6126:_superpathway_of_adenosine_nucleotides_de_novo_biosynthesis_II,PWY-7664:_oleate_biosynthesis_IV_(anaerobic),1
PWY-6126:_superpathway_of_adenosine_nucleotides_de_novo_biosynthesis_II,PWY-7688:_dTDP-&alpha;-D-ravidosamine_and_dTDP-4-acetyl-&alpha;-D-ravidosamine_biosynthesis,1
PWY-6126:_superpathway_of_adenosine_nucleotides_de_novo_biosynthesis_II,PWY-7790:_UMP_biosynthesis_II,9
PWY-6126:_superpathway_of_adenosine_nucleotides_de_novo_biosynthesis_II,PWY-7791:_UMP_biosynthesis_III,9
PWY-6126:_superpathway_of_adenosine_nucleotides_de_novo_biosynthesis_II,PWY-7851:_coenzyme_A_biosynthesis_II_(eukaryotic),9
PWY-6126:_superpathway_of_adenosine_nucleotides_de_novo_biosynthesis_II,PWY-7953:_UDP-N-acetylmuramoyl-pentapeptide_biosynthesis_III_(meso-diaminopimelate_containing),9
PWY-6126:_superpathway_of_adenosine_nucleotides_de_novo_biosynthesis_II,PWY-7977:_L-methionine_biosynthesis_IV,9
PWY-6126:_superpathway_of_adenosine_nucleotides_de_novo_biosynthesis_II,PWY-8004:_Entner-Doudoroff_pathway_I,1
PWY-6126:_superpathway_of_adenosine_nucleotides_de_novo_biosynthesis_II,PWY-8073:_lipid_IVA_biosynthesis_(P._putida),1
PWY-6126:_superpathway_of_adenosine_nucleotides_de_novo_biosynthesis_II,PWY-8178:_pentose_phosphate_pathway_(non-oxidative_branch)_II,2
PWY-6126:_superpathway_of_adenosine_nucleotides_de_novo_biosynthesis_II,PWY-8187:_L-arginine_degradation_XIII_(reductive_Stickland_reaction),1
PWY-6126:_superpathway_of_adenosine_nucleotides_de_novo_biosynthesis_II,PWY0-1319:_CDP-diacylglycerol_biosynthesis_II,6
PWY-6126:_superpathway_of_adenosine_nucleotides_de_novo_biosynthesis_II,PWY0-1479:_tRNA_processing,1
PWY-6126:_superpathway_of_adenosine_nucleotides_de_novo_biosynthesis_II,PWY0-1586:_peptidoglycan_maturation_(meso-diaminopimelate_containing),7
PWY-6126:_superpathway_of_adenosine_nucleotides_de_novo_biosynthesis_II,PWY0-162:_superpathway_of_pyrimidine_ribonucleotides_de_novo_biosynthesis,2
PWY-6126:_superpathway_of_adenosine_nucleotides_de_novo_biosynthesis_II,PWY0-845:_superpathway_of_pyridoxal_5'-phosphate_biosynthesis_and_salvage,5
PWY-6126:_superpathway_of_adenosine_nucleotides_de_novo_biosynthesis_II,PWY0-862:_(5Z)-dodecenoate_biosynthesis_I,1
PWY-6126:_superpathway_of_adenosine_nucleotides_de_novo_biosynthesis_II,PWY66-429:_fatty_acid_biosynthesis_initiation_(mitochondria),8
PWY-6126:_superpathway_of_adenosine_nucleotides_de_novo_biosynthesis_II,PYRIDNUCSYN-PWY:_NAD_de_novo_biosynthesis_I_(from_aspartate),6
PWY-6126:_superpathway_of_adenosine_nucleotides_de_novo_biosynthesis_II,PYRIDOXSYN-PWY:_pyridoxal_5'-phosphate_biosynthesis_I,5
PWY-6126:_superpathway_of_adenosine_nucleotides_de_novo_biosynthesis_II,RHAMCAT-PWY:_L-rhamnose_degradation_I,7
PWY-6126:_superpathway_of_adenosine_nucleotides_de_novo_biosynthesis_II,RIBOSYN2-PWY:_flavin_biosynthesis_I_(bacteria_and_plants),7
PWY-6126:_superpathway_of_adenosine_nucleotides_de_novo_biosynthesis_II,SER-GLYSYN-PWY:_superpathway_of_L-serine_and_glycine_biosynthesis_I,8
PWY-6126:_superpathway_of_adenosine_nucleotides_de_novo_biosynthesis_II,THISYNARA-PWY:_superpathway_of_thiamine_diphosphate_biosynthesis_III_(eukaryotes),2
PWY-6126:_superpathway_of_adenosine_nucleotides_de_novo_biosynthesis_II,THRESYN-PWY:_superpathway_of_L-threonine_biosynthesis,2
PWY-6126:_superpathway_of_adenosine_nucleotides_de_novo_biosynthesis_II,TRNA-CHARGING-PWY:_tRNA_charging,9
PWY-6126:_superpathway_of_adenosine_nucleotides_de_novo_biosynthesis_II,UDPNAGSYN-PWY:_UDP-N-acetyl-D-glucosamine_biosynthesis_I,1
PWY-6126:_superpathway_of_adenosine_nucleotides_de_novo_biosynthesis_II,VALSYN-PWY:_L-valine_biosynthesis,9
PWY-6143:_CMP-pseudaminate_biosynthesis,PWY-6147:_6-hydroxymethyl-dihydropterin_diphosphate_biosynthesis_I,1
PWY-6143:_CMP-pseudaminate_biosynthesis,PWY-6151:_S-adenosyl-L-methionine_salvage_I,1
PWY-6143:_CMP-pseudaminate_biosynthesis,PWY-6163:_chorismate_biosynthesis_from_3-dehydroquinate,1
PWY-6143:_CMP-pseudaminate_biosynthesis,PWY-6277:_superpathway_of_5-aminoimidazole_ribonucleotide_biosynthesis,1
PWY-6143:_CMP-pseudaminate_biosynthesis,PWY-6385:_peptidoglycan_biosynthesis_III_(mycobacteria),1
PWY-6143:_CMP-pseudaminate_biosynthesis,PWY-6386:_UDP-N-acetylmuramoyl-pentapeptide_biosynthesis_II_(lysine-containing),1
PWY-6143:_CMP-pseudaminate_biosynthesis,PWY-6387:_UDP-N-acetylmuramoyl-pentapeptide_biosynthesis_I_(meso-diaminopimelate_containing),1
PWY-6143:_CMP-pseudaminate_biosynthesis,PWY-6609:_adenine_and_adenosine_salvage_III,1
PWY-6143:_CMP-pseudaminate_biosynthesis,PWY-6700:_queuosine_biosynthesis_I_(de_novo),1
PWY-6143:_CMP-pseudaminate_biosynthesis,PWY-6703:_preQ0_biosynthesis,1
PWY-6143:_CMP-pseudaminate_biosynthesis,PWY-6897:_thiamine_diphosphate_salvage_II,1
PWY-6143:_CMP-pseudaminate_biosynthesis,PWY-6902:_chitin_degradation_II_(Vibrio),1
PWY-6143:_CMP-pseudaminate_biosynthesis,PWY-7111:_pyruvate_fermentation_to_isobutanol_(engineered),1
PWY-6143:_CMP-pseudaminate_biosynthesis,PWY-7199:_pyrimidine_deoxyribonucleosides_salvage,1
PWY-6143:_CMP-pseudaminate_biosynthesis,PWY-7221:_guanosine_ribonucleotides_de_novo_biosynthesis,1
PWY-6143:_CMP-pseudaminate_biosynthesis,PWY-7238:_sucrose_biosynthesis_II,1
PWY-6143:_CMP-pseudaminate_biosynthesis,PWY-724:_superpathway_of_L-lysine,_L-threonine_and_L-methionine_biosynthesis_II,1
PWY-6143:_CMP-pseudaminate_biosynthesis,PWY-7282:_4-amino-2-methyl-5-diphosphomethylpyrimidine_biosynthesis_II,1
PWY-6143:_CMP-pseudaminate_biosynthesis,PWY-7315:_dTDP-N-acetylthomosamine_biosynthesis,1
PWY-6143:_CMP-pseudaminate_biosynthesis,PWY-7357:_thiamine_phosphate_formation_from_pyrithiamine_and_oxythiamine_(yeast),1
PWY-6143:_CMP-pseudaminate_biosynthesis,PWY-7663:_gondoate_biosynthesis_(anaerobic),1
PWY-6143:_CMP-pseudaminate_biosynthesis,PWY-7790:_UMP_biosynthesis_II,1
PWY-6143:_CMP-pseudaminate_biosynthesis,PWY-7791:_UMP_biosynthesis_III,1
PWY-6143:_CMP-pseudaminate_biosynthesis,PWY-7851:_coenzyme_A_biosynthesis_II_(eukaryotic),1
PWY-6143:_CMP-pseudaminate_biosynthesis,PWY-7953:_UDP-N-acetylmuramoyl-pentapeptide_biosynthesis_III_(meso-diaminopimelate_containing),1
PWY-6143:_CMP-pseudaminate_biosynthesis,PWY-7977:_L-methionine_biosynthesis_IV,1
PWY-6143:_CMP-pseudaminate_biosynthesis,PWY-8073:_lipid_IVA_biosynthesis_(P._putida),1
PWY-6143:_CMP-pseudaminate_biosynthesis,PWY0-1319:_CDP-diacylglycerol_biosynthesis_II,1
PWY-6143:_CMP-pseudaminate_biosynthesis,PWY0-1586:_peptidoglycan_maturation_(meso-diaminopimelate_containing),1
PWY-6143:_CMP-pseudaminate_biosynthesis,PWY0-845:_superpathway_of_pyridoxal_5'-phosphate_biosynthesis_and_salvage,1
PWY-6143:_CMP-pseudaminate_biosynthesis,PWY66-429:_fatty_acid_biosynthesis_initiation_(mitochondria),1
PWY-6143:_CMP-pseudaminate_biosynthesis,PYRIDNUCSYN-PWY:_NAD_de_novo_biosynthesis_I_(from_aspartate),1
PWY-6143:_CMP-pseudaminate_biosynthesis,PYRIDOXSYN-PWY:_pyridoxal_5'-phosphate_biosynthesis_I,1
PWY-6143:_CMP-pseudaminate_biosynthesis,RHAMCAT-PWY:_L-rhamnose_degradation_I,1
PWY-6143:_CMP-pseudaminate_biosynthesis,SER-GLYSYN-PWY:_superpathway_of_L-serine_and_glycine_biosynthesis_I,1
PWY-6143:_CMP-pseudaminate_biosynthesis,THISYNARA-PWY:_superpathway_of_thiamine_diphosphate_biosynthesis_III_(eukaryotes),1
PWY-6143:_CMP-pseudaminate_biosynthesis,THRESYN-PWY:_superpathway_of_L-threonine_biosynthesis,1
PWY-6143:_CMP-pseudaminate_biosynthesis,TRNA-CHARGING-PWY:_tRNA_charging,1
PWY-6143:_CMP-pseudaminate_biosynthesis,VALSYN-PWY:_L-valine_biosynthesis,1
PWY-6147:_6-hydroxymethyl-dihydropterin_diphosphate_biosynthesis_I,PWY-6151:_S-adenosyl-L-methionine_salvage_I,3
PWY-6147:_6-hydroxymethyl-dihydropterin_diphosphate_biosynthesis_I,PWY-6163:_chorismate_biosynthesis_from_3-dehydroquinate,9
PWY-6147:_6-hydroxymethyl-dihydropterin_diphosphate_biosynthesis_I,PWY-621:_sucrose_degradation_III_(sucrose_invertase),3
PWY-6147:_6-hydroxymethyl-dihydropterin_diphosphate_biosynthesis_I,PWY-6270:_isoprene_biosynthesis_I,5
PWY-6147:_6-hydroxymethyl-dihydropterin_diphosphate_biosynthesis_I,PWY-6277:_superpathway_of_5-aminoimidazole_ribonucleotide_biosynthesis,9
PWY-6147:_6-hydroxymethyl-dihydropterin_diphosphate_biosynthesis_I,PWY-6282:_palmitoleate_biosynthesis_I_(from_(5Z)-dodec-5-enoate),1
PWY-6147:_6-hydroxymethyl-dihydropterin_diphosphate_biosynthesis_I,PWY-6385:_peptidoglycan_biosynthesis_III_(mycobacteria),9
PWY-6147:_6-hydroxymethyl-dihydropterin_diphosphate_biosynthesis_I,PWY-6386:_UDP-N-acetylmuramoyl-pentapeptide_biosynthesis_II_(lysine-containing),9
PWY-6147:_6-hydroxymethyl-dihydropterin_diphosphate_biosynthesis_I,PWY-6387:_UDP-N-acetylmuramoyl-pentapeptide_biosynthesis_I_(meso-diaminopimelate_containing),9
PWY-6147:_6-hydroxymethyl-dihydropterin_diphosphate_biosynthesis_I,PWY-6519:_8-amino-7-oxononanoate_biosynthesis_I,1
PWY-6147:_6-hydroxymethyl-dihydropterin_diphosphate_biosynthesis_I,PWY-6572:_chondroitin_sulfate_degradation_I_(bacterial),1
PWY-6147:_6-hydroxymethyl-dihydropterin_diphosphate_biosynthesis_I,PWY-6608:_guanosine_nucleotides_degradation_III,2
PWY-6147:_6-hydroxymethyl-dihydropterin_diphosphate_biosynthesis_I,PWY-6609:_adenine_and_adenosine_salvage_III,10
PWY-6147:_6-hydroxymethyl-dihydropterin_diphosphate_biosynthesis_I,PWY-6700:_queuosine_biosynthesis_I_(de_novo),9
PWY-6147:_6-hydroxymethyl-dihydropterin_diphosphate_biosynthesis_I,PWY-6703:_preQ0_biosynthesis,10
PWY-6147:_6-hydroxymethyl-dihydropterin_diphosphate_biosynthesis_I,PWY-6897:_thiamine_diphosphate_salvage_II,4
PWY-6147:_6-hydroxymethyl-dihydropterin_diphosphate_biosynthesis_I,PWY-6902:_chitin_degradation_II_(Vibrio),5
PWY-6147:_6-hydroxymethyl-dihydropterin_diphosphate_biosynthesis_I,PWY-7111:_pyruvate_fermentation_to_isobutanol_(engineered),2
PWY-6147:_6-hydroxymethyl-dihydropterin_diphosphate_biosynthesis_I,PWY-7199:_pyrimidine_deoxyribonucleosides_salvage,8
PWY-6147:_6-hydroxymethyl-dihydropterin_diphosphate_biosynthesis_I,PWY-7220:_adenosine_deoxyribonucleotides_de_novo_biosynthesis_II,7
PWY-6147:_6-hydroxymethyl-dihydropterin_diphosphate_biosynthesis_I,PWY-7221:_guanosine_ribonucleotides_de_novo_biosynthesis,11
PWY-6147:_6-hydroxymethyl-dihydropterin_diphosphate_biosynthesis_I,PWY-7222:_guanosine_deoxyribonucleotides_de_novo_biosynthesis_II,7
PWY-6147:_6-hydroxymethyl-dihydropterin_diphosphate_biosynthesis_I,PWY-7228:_superpathway_of_guanosine_nucleotides_de_novo_biosynthesis_I,7
PWY-6147:_6-hydroxymethyl-dihydropterin_diphosphate_biosynthesis_I,PWY-7229:_superpathway_of_adenosine_nucleotides_de_novo_biosynthesis_I,6
PWY-6147:_6-hydroxymethyl-dihydropterin_diphosphate_biosynthesis_I,PWY-7234:_inosine-5'-phosphate_biosynthesis_III,1
PWY-6147:_6-hydroxymethyl-dihydropterin_diphosphate_biosynthesis_I,PWY-7237:_myo-,_chiro-_and_scyllo-inositol_degradation,4
PWY-6147:_6-hydroxymethyl-dihydropterin_diphosphate_biosynthesis_I,PWY-7238:_sucrose_biosynthesis_II,5
PWY-6147:_6-hydroxymethyl-dihydropterin_diphosphate_biosynthesis_I,PWY-724:_superpathway_of_L-lysine,_L-threonine_and_L-methionine_biosynthesis_II,1
PWY-6147:_6-hydroxymethyl-dihydropterin_diphosphate_biosynthesis_I,PWY-7282:_4-amino-2-methyl-5-diphosphomethylpyrimidine_biosynthesis_II,3
PWY-6147:_6-hydroxymethyl-dihydropterin_diphosphate_biosynthesis_I,PWY-7312:_dTDP-&beta;-D-fucofuranose_biosynthesis,1
PWY-6147:_6-hydroxymethyl-dihydropterin_diphosphate_biosynthesis_I,PWY-7315:_dTDP-N-acetylthomosamine_biosynthesis,1
PWY-6147:_6-hydroxymethyl-dihydropterin_diphosphate_biosynthesis_I,PWY-7316:_dTDP-N-acetylviosamine_biosynthesis,1
PWY-6147:_6-hydroxymethyl-dihydropterin_diphosphate_biosynthesis_I,PWY-7357:_thiamine_phosphate_formation_from_pyrithiamine_and_oxythiamine_(yeast),4
PWY-6147:_6-hydroxymethyl-dihydropterin_diphosphate_biosynthesis_I,PWY-7560:_methylerythritol_phosphate_pathway_II,5
PWY-6147:_6-hydroxymethyl-dihydropterin_diphosphate_biosynthesis_I,PWY-7663:_gondoate_biosynthesis_(anaerobic),7
PWY-6147:_6-hydroxymethyl-dihydropterin_diphosphate_biosynthesis_I,PWY-7664:_oleate_biosynthesis_IV_(anaerobic),1
PWY-6147:_6-hydroxymethyl-dihydropterin_diphosphate_biosynthesis_I,PWY-7688:_dTDP-&alpha;-D-ravidosamine_and_dTDP-4-acetyl-&alpha;-D-ravidosamine_biosynthesis,2
PWY-6147:_6-hydroxymethyl-dihydropterin_diphosphate_biosynthesis_I,PWY-7790:_UMP_biosynthesis_II,9
PWY-6147:_6-hydroxymethyl-dihydropterin_diphosphate_biosynthesis_I,PWY-7791:_UMP_biosynthesis_III,9
PWY-6147:_6-hydroxymethyl-dihydropterin_diphosphate_biosynthesis_I,PWY-7851:_coenzyme_A_biosynthesis_II_(eukaryotic),10
PWY-6147:_6-hydroxymethyl-dihydropterin_diphosphate_biosynthesis_I,PWY-7953:_UDP-N-acetylmuramoyl-pentapeptide_biosynthesis_III_(meso-diaminopimelate_containing),9
PWY-6147:_6-hydroxymethyl-dihydropterin_diphosphate_biosynthesis_I,PWY-7977:_L-methionine_biosynthesis_IV,11
PWY-6147:_6-hydroxymethyl-dihydropterin_diphosphate_biosynthesis_I,PWY-8004:_Entner-Doudoroff_pathway_I,1
PWY-6147:_6-hydroxymethyl-dihydropterin_diphosphate_biosynthesis_I,PWY-8073:_lipid_IVA_biosynthesis_(P._putida),4
PWY-6147:_6-hydroxymethyl-dihydropterin_diphosphate_biosynthesis_I,PWY-8178:_pentose_phosphate_pathway_(non-oxidative_branch)_II,2
PWY-6147:_6-hydroxymethyl-dihydropterin_diphosphate_biosynthesis_I,PWY0-1319:_CDP-diacylglycerol_biosynthesis_II,8
PWY-6147:_6-hydroxymethyl-dihydropterin_diphosphate_biosynthesis_I,PWY0-1586:_peptidoglycan_maturation_(meso-diaminopimelate_containing),7
PWY-6147:_6-hydroxymethyl-dihydropterin_diphosphate_biosynthesis_I,PWY0-162:_superpathway_of_pyrimidine_ribonucleotides_de_novo_biosynthesis,2
PWY-6147:_6-hydroxymethyl-dihydropterin_diphosphate_biosynthesis_I,PWY0-845:_superpathway_of_pyridoxal_5'-phosphate_biosynthesis_and_salvage,5
PWY-6147:_6-hydroxymethyl-dihydropterin_diphosphate_biosynthesis_I,PWY0-862:_(5Z)-dodecenoate_biosynthesis_I,1
PWY-6147:_6-hydroxymethyl-dihydropterin_diphosphate_biosynthesis_I,PWY66-429:_fatty_acid_biosynthesis_initiation_(mitochondria),8
PWY-6147:_6-hydroxymethyl-dihydropterin_diphosphate_biosynthesis_I,PYRIDNUCSYN-PWY:_NAD_de_novo_biosynthesis_I_(from_aspartate),8
PWY-6147:_6-hydroxymethyl-dihydropterin_diphosphate_biosynthesis_I,PYRIDOXSYN-PWY:_pyridoxal_5'-phosphate_biosynthesis_I,6
PWY-6147:_6-hydroxymethyl-dihydropterin_diphosphate_biosynthesis_I,RHAMCAT-PWY:_L-rhamnose_degradation_I,7
PWY-6147:_6-hydroxymethyl-dihydropterin_diphosphate_biosynthesis_I,RIBOSYN2-PWY:_flavin_biosynthesis_I_(bacteria_and_plants),5
PWY-6147:_6-hydroxymethyl-dihydropterin_diphosphate_biosynthesis_I,SER-GLYSYN-PWY:_superpathway_of_L-serine_and_glycine_biosynthesis_I,9
PWY-6147:_6-hydroxymethyl-dihydropterin_diphosphate_biosynthesis_I,THISYNARA-PWY:_superpathway_of_thiamine_diphosphate_biosynthesis_III_(eukaryotes),4
PWY-6147:_6-hydroxymethyl-dihydropterin_diphosphate_biosynthesis_I,THRESYN-PWY:_superpathway_of_L-threonine_biosynthesis,4
PWY-6147:_6-hydroxymethyl-dihydropterin_diphosphate_biosynthesis_I,TRNA-CHARGING-PWY:_tRNA_charging,9
PWY-6147:_6-hydroxymethyl-dihydropterin_diphosphate_biosynthesis_I,VALSYN-PWY:_L-valine_biosynthesis,10
PWY-6151:_S-adenosyl-L-methionine_salvage_I,PWY-6163:_chorismate_biosynthesis_from_3-dehydroquinate,12
PWY-6151:_S-adenosyl-L-methionine_salvage_I,PWY-621:_sucrose_degradation_III_(sucrose_invertase),2
PWY-6151:_S-adenosyl-L-methionine_salvage_I,PWY-6270:_isoprene_biosynthesis_I,1
PWY-6151:_S-adenosyl-L-methionine_salvage_I,PWY-6277:_superpathway_of_5-aminoimidazole_ribonucleotide_biosynthesis,12
PWY-6151:_S-adenosyl-L-methionine_salvage_I,PWY-6317:_D-galactose_degradation_I_(Leloir_pathway),5
PWY-6151:_S-adenosyl-L-methionine_salvage_I,PWY-6385:_peptidoglycan_biosynthesis_III_(mycobacteria),9
PWY-6151:_S-adenosyl-L-methionine_salvage_I,PWY-6386:_UDP-N-acetylmuramoyl-pentapeptide_biosynthesis_II_(lysine-containing),10
PWY-6151:_S-adenosyl-L-methionine_salvage_I,PWY-6387:_UDP-N-acetylmuramoyl-pentapeptide_biosynthesis_I_(meso-diaminopimelate_containing),11
PWY-6151:_S-adenosyl-L-methionine_salvage_I,PWY-6507:_4-deoxy-L-threo-hex-4-enopyranuronate_degradation,1
PWY-6151:_S-adenosyl-L-methionine_salvage_I,PWY-6527:_stachyose_degradation,3
PWY-6151:_S-adenosyl-L-methionine_salvage_I,PWY-6608:_guanosine_nucleotides_degradation_III,1
PWY-6151:_S-adenosyl-L-methionine_salvage_I,PWY-6609:_adenine_and_adenosine_salvage_III,10
PWY-6151:_S-adenosyl-L-methionine_salvage_I,PWY-6628:_superpathway_of_L-phenylalanine_biosynthesis,1
PWY-6151:_S-adenosyl-L-methionine_salvage_I,PWY-6700:_queuosine_biosynthesis_I_(de_novo),11
PWY-6151:_S-adenosyl-L-methionine_salvage_I,PWY-6703:_preQ0_biosynthesis,7
PWY-6151:_S-adenosyl-L-methionine_salvage_I,PWY-6731:_starch_degradation_III,1
PWY-6151:_S-adenosyl-L-methionine_salvage_I,PWY-6823:_molybdopterin_biosynthesis,4
PWY-6151:_S-adenosyl-L-methionine_salvage_I,PWY-6897:_thiamine_diphosphate_salvage_II,3
PWY-6151:_S-adenosyl-L-methionine_salvage_I,PWY-6902:_chitin_degradation_II_(Vibrio),2
PWY-6151:_S-adenosyl-L-methionine_salvage_I,PWY-6936:_seleno-amino_acid_biosynthesis_(plants),3
PWY-6151:_S-adenosyl-L-methionine_salvage_I,PWY-7111:_pyruvate_fermentation_to_isobutanol_(engineered),7
PWY-6151:_S-adenosyl-L-methionine_salvage_I,PWY-7199:_pyrimidine_deoxyribonucleosides_salvage,3
PWY-6151:_S-adenosyl-L-methionine_salvage_I,PWY-7220:_adenosine_deoxyribonucleotides_de_novo_biosynthesis_II,2
PWY-6151:_S-adenosyl-L-methionine_salvage_I,PWY-7221:_guanosine_ribonucleotides_de_novo_biosynthesis,12
PWY-6151:_S-adenosyl-L-methionine_salvage_I,PWY-7222:_guanosine_deoxyribonucleotides_de_novo_biosynthesis_II,2
PWY-6151:_S-adenosyl-L-methionine_salvage_I,PWY-7228:_superpathway_of_guanosine_nucleotides_de_novo_biosynthesis_I,2
PWY-6151:_S-adenosyl-L-methionine_salvage_I,PWY-7229:_superpathway_of_adenosine_nucleotides_de_novo_biosynthesis_I,2
PWY-6151:_S-adenosyl-L-methionine_salvage_I,PWY-7237:_myo-,_chiro-_and_scyllo-inositol_degradation,5
PWY-6151:_S-adenosyl-L-methionine_salvage_I,PWY-7238:_sucrose_biosynthesis_II,10
PWY-6151:_S-adenosyl-L-methionine_salvage_I,PWY-7242:_D-fructuronate_degradation,1
PWY-6151:_S-adenosyl-L-methionine_salvage_I,PWY-724:_superpathway_of_L-lysine,_L-threonine_and_L-methionine_biosynthesis_II,3
PWY-6151:_S-adenosyl-L-methionine_salvage_I,PWY-7282:_4-amino-2-methyl-5-diphosphomethylpyrimidine_biosynthesis_II,1
PWY-6151:_S-adenosyl-L-methionine_salvage_I,PWY-7312:_dTDP-&beta;-D-fucofuranose_biosynthesis,1
PWY-6151:_S-adenosyl-L-methionine_salvage_I,PWY-7315:_dTDP-N-acetylthomosamine_biosynthesis,2
PWY-6151:_S-adenosyl-L-methionine_salvage_I,PWY-7357:_thiamine_phosphate_formation_from_pyrithiamine_and_oxythiamine_(yeast),6
PWY-6151:_S-adenosyl-L-methionine_salvage_I,PWY-7456:_&beta;-(1,4)-mannan_degradation,1
PWY-6151:_S-adenosyl-L-methionine_salvage_I,PWY-7560:_methylerythritol_phosphate_pathway_II,1
PWY-6151:_S-adenosyl-L-methionine_salvage_I,PWY-7663:_gondoate_biosynthesis_(anaerobic),3
PWY-6151:_S-adenosyl-L-methionine_salvage_I,PWY-7790:_UMP_biosynthesis_II,11
PWY-6151:_S-adenosyl-L-methionine_salvage_I,PWY-7791:_UMP_biosynthesis_III,11
PWY-6151:_S-adenosyl-L-methionine_salvage_I,PWY-7851:_coenzyme_A_biosynthesis_II_(eukaryotic),9
PWY-6151:_S-adenosyl-L-methionine_salvage_I,PWY-7953:_UDP-N-acetylmuramoyl-pentapeptide_biosynthesis_III_(meso-diaminopimelate_containing),9
PWY-6151:_S-adenosyl-L-methionine_salvage_I,PWY-7977:_L-methionine_biosynthesis_IV,7
PWY-6151:_S-adenosyl-L-methionine_salvage_I,PWY-8073:_lipid_IVA_biosynthesis_(P._putida),2
PWY-6151:_S-adenosyl-L-methionine_salvage_I,PWY-8178:_pentose_phosphate_pathway_(non-oxidative_branch)_II,4
PWY-6151:_S-adenosyl-L-methionine_salvage_I,PWY-8187:_L-arginine_degradation_XIII_(reductive_Stickland_reaction),1
PWY-6151:_S-adenosyl-L-methionine_salvage_I,PWY0-1061:_superpathway_of_L-alanine_biosynthesis,2
PWY-6151:_S-adenosyl-L-methionine_salvage_I,PWY0-1241:_ADP-L-glycero-&beta;-D-manno-heptose_biosynthesis,1
PWY-6151:_S-adenosyl-L-methionine_salvage_I,PWY0-1296:_purine_ribonucleosides_degradation,5
PWY-6151:_S-adenosyl-L-methionine_salvage_I,PWY0-1319:_CDP-diacylglycerol_biosynthesis_II,8
PWY-6151:_S-adenosyl-L-methionine_salvage_I,PWY0-1586:_peptidoglycan_maturation_(meso-diaminopimelate_containing),6
PWY-6151:_S-adenosyl-L-methionine_salvage_I,PWY0-845:_superpathway_of_pyridoxal_5'-phosphate_biosynthesis_and_salvage,1
PWY-6151:_S-adenosyl-L-methionine_salvage_I,PWY66-429:_fatty_acid_biosynthesis_initiation_(mitochondria),3
PWY-6151:_S-adenosyl-L-methionine_salvage_I,PYRIDNUCSYN-PWY:_NAD_de_novo_biosynthesis_I_(from_aspartate),3
PWY-6151:_S-adenosyl-L-methionine_salvage_I,PYRIDOXSYN-PWY:_pyridoxal_5'-phosphate_biosynthesis_I,2
PWY-6151:_S-adenosyl-L-methionine_salvage_I,RHAMCAT-PWY:_L-rhamnose_degradation_I,2
PWY-6151:_S-adenosyl-L-methionine_salvage_I,RIBOSYN2-PWY:_flavin_biosynthesis_I_(bacteria_and_plants),6
PWY-6151:_S-adenosyl-L-methionine_salvage_I,SALVADEHYPOX-PWY:_adenosine_nucleotides_degradation_II,1
PWY-6151:_S-adenosyl-L-methionine_salvage_I,SER-GLYSYN-PWY:_superpathway_of_L-serine_and_glycine_biosynthesis_I,6
PWY-6151:_S-adenosyl-L-methionine_salvage_I,THISYNARA-PWY:_superpathway_of_thiamine_diphosphate_biosynthesis_III_(eukaryotes),5
PWY-6151:_S-adenosyl-L-methionine_salvage_I,THRESYN-PWY:_superpathway_of_L-threonine_biosynthesis,6
PWY-6151:_S-adenosyl-L-methionine_salvage_I,TRNA-CHARGING-PWY:_tRNA_charging,6
PWY-6151:_S-adenosyl-L-methionine_salvage_I,UDPNAGSYN-PWY:_UDP-N-acetyl-D-glucosamine_biosynthesis_I,3
PWY-6151:_S-adenosyl-L-methionine_salvage_I,VALSYN-PWY:_L-valine_biosynthesis,12
PWY-6163:_chorismate_biosynthesis_from_3-dehydroquinate,PWY-621:_sucrose_degradation_III_(sucrose_invertase),5
PWY-6163:_chorismate_biosynthesis_from_3-dehydroquinate,PWY-6270:_isoprene_biosynthesis_I,7
PWY-6163:_chorismate_biosynthesis_from_3-dehydroquinate,PWY-6277:_superpathway_of_5-aminoimidazole_ribonucleotide_biosynthesis,25
PWY-6163:_chorismate_biosynthesis_from_3-dehydroquinate,PWY-6282:_palmitoleate_biosynthesis_I_(from_(5Z)-dodec-5-enoate),2
PWY-6163:_chorismate_biosynthesis_from_3-dehydroquinate,PWY-6317:_D-galactose_degradation_I_(Leloir_pathway),8
PWY-6163:_chorismate_biosynthesis_from_3-dehydroquinate,PWY-6385:_peptidoglycan_biosynthesis_III_(mycobacteria),17
PWY-6163:_chorismate_biosynthesis_from_3-dehydroquinate,PWY-6386:_UDP-N-acetylmuramoyl-pentapeptide_biosynthesis_II_(lysine-containing),21
PWY-6163:_chorismate_biosynthesis_from_3-dehydroquinate,PWY-6387:_UDP-N-acetylmuramoyl-pentapeptide_biosynthesis_I_(meso-diaminopimelate_containing),22
PWY-6163:_chorismate_biosynthesis_from_3-dehydroquinate,PWY-6507:_4-deoxy-L-threo-hex-4-enopyranuronate_degradation,1
PWY-6163:_chorismate_biosynthesis_from_3-dehydroquinate,PWY-6519:_8-amino-7-oxononanoate_biosynthesis_I,1
PWY-6163:_chorismate_biosynthesis_from_3-dehydroquinate,PWY-6527:_stachyose_degradation,6
PWY-6163:_chorismate_biosynthesis_from_3-dehydroquinate,PWY-6572:_chondroitin_sulfate_degradation_I_(bacterial),1
PWY-6163:_chorismate_biosynthesis_from_3-dehydroquinate,PWY-6606:_guanosine_nucleotides_degradation_II,1
PWY-6163:_chorismate_biosynthesis_from_3-dehydroquinate,PWY-6608:_guanosine_nucleotides_degradation_III,5
PWY-6163:_chorismate_biosynthesis_from_3-dehydroquinate,PWY-6609:_adenine_and_adenosine_salvage_III,25
PWY-6163:_chorismate_biosynthesis_from_3-dehydroquinate,PWY-6628:_superpathway_of_L-phenylalanine_biosynthesis,1
PWY-6163:_chorismate_biosynthesis_from_3-dehydroquinate,PWY-6630:_superpathway_of_L-tyrosine_biosynthesis,1
PWY-6163:_chorismate_biosynthesis_from_3-dehydroquinate,PWY-6700:_queuosine_biosynthesis_I_(de_novo),24
PWY-6163:_chorismate_biosynthesis_from_3-dehydroquinate,PWY-6703:_preQ0_biosynthesis,15
PWY-6163:_chorismate_biosynthesis_from_3-dehydroquinate,PWY-6731:_starch_degradation_III,2
PWY-6163:_chorismate_biosynthesis_from_3-dehydroquinate,PWY-6823:_molybdopterin_biosynthesis,4
PWY-6163:_chorismate_biosynthesis_from_3-dehydroquinate,PWY-6897:_thiamine_diphosphate_salvage_II,7
PWY-6163:_chorismate_biosynthesis_from_3-dehydroquinate,PWY-6902:_chitin_degradation_II_(Vibrio),5
PWY-6163:_chorismate_biosynthesis_from_3-dehydroquinate,PWY-6936:_seleno-amino_acid_biosynthesis_(plants),3
PWY-6163:_chorismate_biosynthesis_from_3-dehydroquinate,PWY-7111:_pyruvate_fermentation_to_isobutanol_(engineered),11
PWY-6163:_chorismate_biosynthesis_from_3-dehydroquinate,PWY-7197:_pyrimidine_deoxyribonucleotide_phosphorylation,1
PWY-6163:_chorismate_biosynthesis_from_3-dehydroquinate,PWY-7199:_pyrimidine_deoxyribonucleosides_salvage,10
PWY-6163:_chorismate_biosynthesis_from_3-dehydroquinate,PWY-7208:_superpathway_of_pyrimidine_nucleobases_salvage,2
PWY-6163:_chorismate_biosynthesis_from_3-dehydroquinate,PWY-7220:_adenosine_deoxyribonucleotides_de_novo_biosynthesis_II,9
PWY-6163:_chorismate_biosynthesis_from_3-dehydroquinate,PWY-7221:_guanosine_ribonucleotides_de_novo_biosynthesis,23
PWY-6163:_chorismate_biosynthesis_from_3-dehydroquinate,PWY-7222:_guanosine_deoxyribonucleotides_de_novo_biosynthesis_II,9
PWY-6163:_chorismate_biosynthesis_from_3-dehydroquinate,PWY-7228:_superpathway_of_guanosine_nucleotides_de_novo_biosynthesis_I,9
PWY-6163:_chorismate_biosynthesis_from_3-dehydroquinate,PWY-7229:_superpathway_of_adenosine_nucleotides_de_novo_biosynthesis_I,9
PWY-6163:_chorismate_biosynthesis_from_3-dehydroquinate,PWY-7234:_inosine-5'-phosphate_biosynthesis_III,1
PWY-6163:_chorismate_biosynthesis_from_3-dehydroquinate,PWY-7237:_myo-,_chiro-_and_scyllo-inositol_degradation,10
PWY-6163:_chorismate_biosynthesis_from_3-dehydroquinate,PWY-7238:_sucrose_biosynthesis_II,17
PWY-6163:_chorismate_biosynthesis_from_3-dehydroquinate,PWY-7242:_D-fructuronate_degradation,1
PWY-6163:_chorismate_biosynthesis_from_3-dehydroquinate,PWY-724:_superpathway_of_L-lysine,_L-threonine_and_L-methionine_biosynthesis_II,4
PWY-6163:_chorismate_biosynthesis_from_3-dehydroquinate,PWY-7282:_4-amino-2-methyl-5-diphosphomethylpyrimidine_biosynthesis_II,3
PWY-6163:_chorismate_biosynthesis_from_3-dehydroquinate,PWY-7312:_dTDP-&beta;-D-fucofuranose_biosynthesis,1
PWY-6163:_chorismate_biosynthesis_from_3-dehydroquinate,PWY-7315:_dTDP-N-acetylthomosamine_biosynthesis,2
PWY-6163:_chorismate_biosynthesis_from_3-dehydroquinate,PWY-7316:_dTDP-N-acetylviosamine_biosynthesis,1
PWY-6163:_chorismate_biosynthesis_from_3-dehydroquinate,PWY-7357:_thiamine_phosphate_formation_from_pyrithiamine_and_oxythiamine_(yeast),12
PWY-6163:_chorismate_biosynthesis_from_3-dehydroquinate,PWY-7456:_&beta;-(1,4)-mannan_degradation,2
PWY-6163:_chorismate_biosynthesis_from_3-dehydroquinate,PWY-7560:_methylerythritol_phosphate_pathway_II,7
PWY-6163:_chorismate_biosynthesis_from_3-dehydroquinate,PWY-7663:_gondoate_biosynthesis_(anaerobic),10
PWY-6163:_chorismate_biosynthesis_from_3-dehydroquinate,PWY-7664:_oleate_biosynthesis_IV_(anaerobic),2
PWY-6163:_chorismate_biosynthesis_from_3-dehydroquinate,PWY-7688:_dTDP-&alpha;-D-ravidosamine_and_dTDP-4-acetyl-&alpha;-D-ravidosamine_biosynthesis,1
PWY-6163:_chorismate_biosynthesis_from_3-dehydroquinate,PWY-7790:_UMP_biosynthesis_II,20
PWY-6163:_chorismate_biosynthesis_from_3-dehydroquinate,PWY-7791:_UMP_biosynthesis_III,20
PWY-6163:_chorismate_biosynthesis_from_3-dehydroquinate,PWY-7851:_coenzyme_A_biosynthesis_II_(eukaryotic),19
PWY-6163:_chorismate_biosynthesis_from_3-dehydroquinate,PWY-7953:_UDP-N-acetylmuramoyl-pentapeptide_biosynthesis_III_(meso-diaminopimelate_containing),19
PWY-6163:_chorismate_biosynthesis_from_3-dehydroquinate,PWY-7977:_L-methionine_biosynthesis_IV,18
PWY-6163:_chorismate_biosynthesis_from_3-dehydroquinate,PWY-8004:_Entner-Doudoroff_pathway_I,1
PWY-6163:_chorismate_biosynthesis_from_3-dehydroquinate,PWY-8073:_lipid_IVA_biosynthesis_(P._putida),3
PWY-6163:_chorismate_biosynthesis_from_3-dehydroquinate,PWY-8178:_pentose_phosphate_pathway_(non-oxidative_branch)_II,8
PWY-6163:_chorismate_biosynthesis_from_3-dehydroquinate,PWY0-1061:_superpathway_of_L-alanine_biosynthesis,2
PWY-6163:_chorismate_biosynthesis_from_3-dehydroquinate,PWY0-1241:_ADP-L-glycero-&beta;-D-manno-heptose_biosynthesis,1
PWY-6163:_chorismate_biosynthesis_from_3-dehydroquinate,PWY0-1296:_purine_ribonucleosides_degradation,8
PWY-6163:_chorismate_biosynthesis_from_3-dehydroquinate,PWY0-1319:_CDP-diacylglycerol_biosynthesis_II,18
PWY-6163:_chorismate_biosynthesis_from_3-dehydroquinate,PWY0-1479:_tRNA_processing,1
PWY-6163:_chorismate_biosynthesis_from_3-dehydroquinate,PWY0-1586:_peptidoglycan_maturation_(meso-diaminopimelate_containing),11
PWY-6163:_chorismate_biosynthesis_from_3-dehydroquinate,PWY0-162:_superpathway_of_pyrimidine_ribonucleotides_de_novo_biosynthesis,2
PWY-6163:_chorismate_biosynthesis_from_3-dehydroquinate,PWY0-845:_superpathway_of_pyridoxal_5'-phosphate_biosynthesis_and_salvage,6
PWY-6163:_chorismate_biosynthesis_from_3-dehydroquinate,PWY0-862:_(5Z)-dodecenoate_biosynthesis_I,2
PWY-6163:_chorismate_biosynthesis_from_3-dehydroquinate,PWY4FS-7:_phosphatidylglycerol_biosynthesis_I_(plastidic),1
PWY-6163:_chorismate_biosynthesis_from_3-dehydroquinate,PWY4FS-8:_phosphatidylglycerol_biosynthesis_II_(non-plastidic),1
PWY-6163:_chorismate_biosynthesis_from_3-dehydroquinate,PWY66-429:_fatty_acid_biosynthesis_initiation_(mitochondria),12
PWY-6163:_chorismate_biosynthesis_from_3-dehydroquinate,PYRIDNUCSYN-PWY:_NAD_de_novo_biosynthesis_I_(from_aspartate),11
PWY-6163:_chorismate_biosynthesis_from_3-dehydroquinate,PYRIDOXSYN-PWY:_pyridoxal_5'-phosphate_biosynthesis_I,7
PWY-6163:_chorismate_biosynthesis_from_3-dehydroquinate,RHAMCAT-PWY:_L-rhamnose_degradation_I,9
PWY-6163:_chorismate_biosynthesis_from_3-dehydroquinate,RIBOSYN2-PWY:_flavin_biosynthesis_I_(bacteria_and_plants),10
PWY-6163:_chorismate_biosynthesis_from_3-dehydroquinate,SALVADEHYPOX-PWY:_adenosine_nucleotides_degradation_II,1
PWY-6163:_chorismate_biosynthesis_from_3-dehydroquinate,SER-GLYSYN-PWY:_superpathway_of_L-serine_and_glycine_biosynthesis_I,17
PWY-6163:_chorismate_biosynthesis_from_3-dehydroquinate,THISYNARA-PWY:_superpathway_of_thiamine_diphosphate_biosynthesis_III_(eukaryotes),9
PWY-6163:_chorismate_biosynthesis_from_3-dehydroquinate,THRESYN-PWY:_superpathway_of_L-threonine_biosynthesis,7
PWY-6163:_chorismate_biosynthesis_from_3-dehydroquinate,TRNA-CHARGING-PWY:_tRNA_charging,17
PWY-6163:_chorismate_biosynthesis_from_3-dehydroquinate,UDPNAGSYN-PWY:_UDP-N-acetyl-D-glucosamine_biosynthesis_I,6
PWY-6163:_chorismate_biosynthesis_from_3-dehydroquinate,VALSYN-PWY:_L-valine_biosynthesis,24
PWY-621:_sucrose_degradation_III_(sucrose_invertase),PWY-6270:_isoprene_biosynthesis_I,3
PWY-621:_sucrose_degradation_III_(sucrose_invertase),PWY-6277:_superpathway_of_5-aminoimidazole_ribonucleotide_biosynthesis,4
PWY-621:_sucrose_degradation_III_(sucrose_invertase),PWY-6317:_D-galactose_degradation_I_(Leloir_pathway),2
PWY-621:_sucrose_degradation_III_(sucrose_invertase),PWY-6385:_peptidoglycan_biosynthesis_III_(mycobacteria),3
PWY-621:_sucrose_degradation_III_(sucrose_invertase),PWY-6386:_UDP-N-acetylmuramoyl-pentapeptide_biosynthesis_II_(lysine-containing),3
PWY-621:_sucrose_degradation_III_(sucrose_invertase),PWY-6387:_UDP-N-acetylmuramoyl-pentapeptide_biosynthesis_I_(meso-diaminopimelate_containing),3
PWY-621:_sucrose_degradation_III_(sucrose_invertase),PWY-6527:_stachyose_degradation,2
PWY-621:_sucrose_degradation_III_(sucrose_invertase),PWY-6608:_guanosine_nucleotides_degradation_III,2
PWY-621:_sucrose_degradation_III_(sucrose_invertase),PWY-6609:_adenine_and_adenosine_salvage_III,4
PWY-621:_sucrose_degradation_III_(sucrose_invertase),PWY-6700:_queuosine_biosynthesis_I_(de_novo),4
PWY-621:_sucrose_degradation_III_(sucrose_invertase),PWY-6703:_preQ0_biosynthesis,4
PWY-621:_sucrose_degradation_III_(sucrose_invertase),PWY-6823:_molybdopterin_biosynthesis,1
PWY-621:_sucrose_degradation_III_(sucrose_invertase),PWY-6897:_thiamine_diphosphate_salvage_II,3
PWY-621:_sucrose_degradation_III_(sucrose_invertase),PWY-6936:_seleno-amino_acid_biosynthesis_(plants),2
PWY-621:_sucrose_degradation_III_(sucrose_invertase),PWY-7111:_pyruvate_fermentation_to_isobutanol_(engineered),2
PWY-621:_sucrose_degradation_III_(sucrose_invertase),PWY-7199:_pyrimidine_deoxyribonucleosides_salvage,2
PWY-621:_sucrose_degradation_III_(sucrose_invertase),PWY-7220:_adenosine_deoxyribonucleotides_de_novo_biosynthesis_II,2
PWY-621:_sucrose_degradation_III_(sucrose_invertase),PWY-7221:_guanosine_ribonucleotides_de_novo_biosynthesis,4
PWY-621:_sucrose_degradation_III_(sucrose_invertase),PWY-7222:_guanosine_deoxyribonucleotides_de_novo_biosynthesis_II,2
PWY-621:_sucrose_degradation_III_(sucrose_invertase),PWY-7228:_superpathway_of_guanosine_nucleotides_de_novo_biosynthesis_I,2
PWY-621:_sucrose_degradation_III_(sucrose_invertase),PWY-7229:_superpathway_of_adenosine_nucleotides_de_novo_biosynthesis_I,2
PWY-621:_sucrose_degradation_III_(sucrose_invertase),PWY-7237:_myo-,_chiro-_and_scyllo-inositol_degradation,3
PWY-621:_sucrose_degradation_III_(sucrose_invertase),PWY-7238:_sucrose_biosynthesis_II,2
PWY-621:_sucrose_degradation_III_(sucrose_invertase),PWY-7282:_4-amino-2-methyl-5-diphosphomethylpyrimidine_biosynthesis_II,2
PWY-621:_sucrose_degradation_III_(sucrose_invertase),PWY-7357:_thiamine_phosphate_formation_from_pyrithiamine_and_oxythiamine_(yeast),4
PWY-621:_sucrose_degradation_III_(sucrose_invertase),PWY-7456:_&beta;-(1,4)-mannan_degradation,1
PWY-621:_sucrose_degradation_III_(sucrose_invertase),PWY-7560:_methylerythritol_phosphate_pathway_II,3
PWY-621:_sucrose_degradation_III_(sucrose_invertase),PWY-7663:_gondoate_biosynthesis_(anaerobic),2
PWY-621:_sucrose_degradation_III_(sucrose_invertase),PWY-7790:_UMP_biosynthesis_II,3
PWY-621:_sucrose_degradation_III_(sucrose_invertase),PWY-7791:_UMP_biosynthesis_III,3
PWY-621:_sucrose_degradation_III_(sucrose_invertase),PWY-7851:_coenzyme_A_biosynthesis_II_(eukaryotic),4
PWY-621:_sucrose_degradation_III_(sucrose_invertase),PWY-7953:_UDP-N-acetylmuramoyl-pentapeptide_biosynthesis_III_(meso-diaminopimelate_containing),3
PWY-621:_sucrose_degradation_III_(sucrose_invertase),PWY-7977:_L-methionine_biosynthesis_IV,3
PWY-621:_sucrose_degradation_III_(sucrose_invertase),PWY-8178:_pentose_phosphate_pathway_(non-oxidative_branch)_II,2
PWY-621:_sucrose_degradation_III_(sucrose_invertase),PWY0-1296:_purine_ribonucleosides_degradation,1
PWY-621:_sucrose_degradation_III_(sucrose_invertase),PWY0-1319:_CDP-diacylglycerol_biosynthesis_II,4
PWY-621:_sucrose_degradation_III_(sucrose_invertase),PWY0-1586:_peptidoglycan_maturation_(meso-diaminopimelate_containing),3
PWY-621:_sucrose_degradation_III_(sucrose_invertase),PWY0-162:_superpathway_of_pyrimidine_ribonucleotides_de_novo_biosynthesis,1
PWY-621:_sucrose_degradation_III_(sucrose_invertase),PWY0-845:_superpathway_of_pyridoxal_5'-phosphate_biosynthesis_and_salvage,2
PWY-621:_sucrose_degradation_III_(sucrose_invertase),PWY66-429:_fatty_acid_biosynthesis_initiation_(mitochondria),2
PWY-621:_sucrose_degradation_III_(sucrose_invertase),PYRIDNUCSYN-PWY:_NAD_de_novo_biosynthesis_I_(from_aspartate),4
PWY-621:_sucrose_degradation_III_(sucrose_invertase),PYRIDOXSYN-PWY:_pyridoxal_5'-phosphate_biosynthesis_I,2
PWY-621:_sucrose_degradation_III_(sucrose_invertase),RHAMCAT-PWY:_L-rhamnose_degradation_I,3
PWY-621:_sucrose_degradation_III_(sucrose_invertase),RIBOSYN2-PWY:_flavin_biosynthesis_I_(bacteria_and_plants),1
PWY-621:_sucrose_degradation_III_(sucrose_invertase),SER-GLYSYN-PWY:_superpathway_of_L-serine_and_glycine_biosynthesis_I,3
PWY-621:_sucrose_degradation_III_(sucrose_invertase),THISYNARA-PWY:_superpathway_of_thiamine_diphosphate_biosynthesis_III_(eukaryotes),4
PWY-621:_sucrose_degradation_III_(sucrose_invertase),TRNA-CHARGING-PWY:_tRNA_charging,3
PWY-621:_sucrose_degradation_III_(sucrose_invertase),UDPNAGSYN-PWY:_UDP-N-acetyl-D-glucosamine_biosynthesis_I,1
PWY-621:_sucrose_degradation_III_(sucrose_invertase),VALSYN-PWY:_L-valine_biosynthesis,5
PWY-6270:_isoprene_biosynthesis_I,PWY-6277:_superpathway_of_5-aminoimidazole_ribonucleotide_biosynthesis,5
PWY-6270:_isoprene_biosynthesis_I,PWY-6317:_D-galactose_degradation_I_(Leloir_pathway),1
PWY-6270:_isoprene_biosynthesis_I,PWY-6385:_peptidoglycan_biosynthesis_III_(mycobacteria),5
PWY-6270:_isoprene_biosynthesis_I,PWY-6386:_UDP-N-acetylmuramoyl-pentapeptide_biosynthesis_II_(lysine-containing),6
PWY-6270:_isoprene_biosynthesis_I,PWY-6387:_UDP-N-acetylmuramoyl-pentapeptide_biosynthesis_I_(meso-diaminopimelate_containing),5
PWY-6270:_isoprene_biosynthesis_I,PWY-6527:_stachyose_degradation,1
PWY-6270:_isoprene_biosynthesis_I,PWY-6572:_chondroitin_sulfate_degradation_I_(bacterial),1
PWY-6270:_isoprene_biosynthesis_I,PWY-6608:_guanosine_nucleotides_degradation_III,2
PWY-6270:_isoprene_biosynthesis_I,PWY-6609:_adenine_and_adenosine_salvage_III,7
PWY-6270:_isoprene_biosynthesis_I,PWY-6628:_superpathway_of_L-phenylalanine_biosynthesis,1
PWY-6270:_isoprene_biosynthesis_I,PWY-6700:_queuosine_biosynthesis_I_(de_novo),6
PWY-6270:_isoprene_biosynthesis_I,PWY-6703:_preQ0_biosynthesis,6
PWY-6270:_isoprene_biosynthesis_I,PWY-6731:_starch_degradation_III,1
PWY-6270:_isoprene_biosynthesis_I,PWY-6897:_thiamine_diphosphate_salvage_II,3
PWY-6270:_isoprene_biosynthesis_I,PWY-6902:_chitin_degradation_II_(Vibrio),2
PWY-6270:_isoprene_biosynthesis_I,PWY-7111:_pyruvate_fermentation_to_isobutanol_(engineered),2
PWY-6270:_isoprene_biosynthesis_I,PWY-7199:_pyrimidine_deoxyribonucleosides_salvage,4
PWY-6270:_isoprene_biosynthesis_I,PWY-7220:_adenosine_deoxyribonucleotides_de_novo_biosynthesis_II,4
PWY-6270:_isoprene_biosynthesis_I,PWY-7221:_guanosine_ribonucleotides_de_novo_biosynthesis,5
PWY-6270:_isoprene_biosynthesis_I,PWY-7222:_guanosine_deoxyribonucleotides_de_novo_biosynthesis_II,4
PWY-6270:_isoprene_biosynthesis_I,PWY-7228:_superpathway_of_guanosine_nucleotides_de_novo_biosynthesis_I,4
PWY-6270:_isoprene_biosynthesis_I,PWY-7229:_superpathway_of_adenosine_nucleotides_de_novo_biosynthesis_I,4
PWY-6270:_isoprene_biosynthesis_I,PWY-7237:_myo-,_chiro-_and_scyllo-inositol_degradation,4
PWY-6270:_isoprene_biosynthesis_I,PWY-7238:_sucrose_biosynthesis_II,1
PWY-6270:_isoprene_biosynthesis_I,PWY-7282:_4-amino-2-methyl-5-diphosphomethylpyrimidine_biosynthesis_II,2
PWY-6270:_isoprene_biosynthesis_I,PWY-7357:_thiamine_phosphate_formation_from_pyrithiamine_and_oxythiamine_(yeast),3
PWY-6270:_isoprene_biosynthesis_I,PWY-7560:_methylerythritol_phosphate_pathway_II,7
PWY-6270:_isoprene_biosynthesis_I,PWY-7663:_gondoate_biosynthesis_(anaerobic),4
PWY-6270:_isoprene_biosynthesis_I,PWY-7790:_UMP_biosynthesis_II,5
PWY-6270:_isoprene_biosynthesis_I,PWY-7791:_UMP_biosynthesis_III,5
PWY-6270:_isoprene_biosynthesis_I,PWY-7851:_coenzyme_A_biosynthesis_II_(eukaryotic),6
PWY-6270:_isoprene_biosynthesis_I,PWY-7953:_UDP-N-acetylmuramoyl-pentapeptide_biosynthesis_III_(meso-diaminopimelate_containing),5
PWY-6270:_isoprene_biosynthesis_I,PWY-7977:_L-methionine_biosynthesis_IV,5
PWY-6270:_isoprene_biosynthesis_I,PWY-8004:_Entner-Doudoroff_pathway_I,1
PWY-6270:_isoprene_biosynthesis_I,PWY-8178:_pentose_phosphate_pathway_(non-oxidative_branch)_II,2
PWY-6270:_isoprene_biosynthesis_I,PWY0-1241:_ADP-L-glycero-&beta;-D-manno-heptose_biosynthesis,1
PWY-6270:_isoprene_biosynthesis_I,PWY0-1296:_purine_ribonucleosides_degradation,2
PWY-6270:_isoprene_biosynthesis_I,PWY0-1319:_CDP-diacylglycerol_biosynthesis_II,4
PWY-6270:_isoprene_biosynthesis_I,PWY0-1586:_peptidoglycan_maturation_(meso-diaminopimelate_containing),4
PWY-6270:_isoprene_biosynthesis_I,PWY0-162:_superpathway_of_pyrimidine_ribonucleotides_de_novo_biosynthesis,2
PWY-6270:_isoprene_biosynthesis_I,PWY0-845:_superpathway_of_pyridoxal_5'-phosphate_biosynthesis_and_salvage,4
PWY-6270:_isoprene_biosynthesis_I,PWY66-429:_fatty_acid_biosynthesis_initiation_(mitochondria),4
PWY-6270:_isoprene_biosynthesis_I,PYRIDNUCSYN-PWY:_NAD_de_novo_biosynthesis_I_(from_aspartate),4
PWY-6270:_isoprene_biosynthesis_I,PYRIDOXSYN-PWY:_pyridoxal_5'-phosphate_biosynthesis_I,4
PWY-6270:_isoprene_biosynthesis_I,RHAMCAT-PWY:_L-rhamnose_degradation_I,4
PWY-6270:_isoprene_biosynthesis_I,RIBOSYN2-PWY:_flavin_biosynthesis_I_(bacteria_and_plants),4
PWY-6270:_isoprene_biosynthesis_I,SER-GLYSYN-PWY:_superpathway_of_L-serine_and_glycine_biosynthesis_I,4
PWY-6270:_isoprene_biosynthesis_I,THISYNARA-PWY:_superpathway_of_thiamine_diphosphate_biosynthesis_III_(eukaryotes),3
PWY-6270:_isoprene_biosynthesis_I,THRESYN-PWY:_superpathway_of_L-threonine_biosynthesis,1
PWY-6270:_isoprene_biosynthesis_I,TRNA-CHARGING-PWY:_tRNA_charging,5
PWY-6270:_isoprene_biosynthesis_I,UDPNAGSYN-PWY:_UDP-N-acetyl-D-glucosamine_biosynthesis_I,1
PWY-6270:_isoprene_biosynthesis_I,VALSYN-PWY:_L-valine_biosynthesis,6
PWY-6277:_superpathway_of_5-aminoimidazole_ribonucleotide_biosynthesis,PWY-6282:_palmitoleate_biosynthesis_I_(from_(5Z)-dodec-5-enoate),3
PWY-6277:_superpathway_of_5-aminoimidazole_ribonucleotide_biosynthesis,PWY-6317:_D-galactose_degradation_I_(Leloir_pathway),7
PWY-6277:_superpathway_of_5-aminoimidazole_ribonucleotide_biosynthesis,PWY-6385:_peptidoglycan_biosynthesis_III_(mycobacteria),19
PWY-6277:_superpathway_of_5-aminoimidazole_ribonucleotide_biosynthesis,PWY-6386:_UDP-N-acetylmuramoyl-pentapeptide_biosynthesis_II_(lysine-containing),22
PWY-6277:_superpathway_of_5-aminoimidazole_ribonucleotide_biosynthesis,PWY-6387:_UDP-N-acetylmuramoyl-pentapeptide_biosynthesis_I_(meso-diaminopimelate_containing),23
PWY-6277:_superpathway_of_5-aminoimidazole_ribonucleotide_biosynthesis,PWY-6507:_4-deoxy-L-threo-hex-4-enopyranuronate_degradation,1
PWY-6277:_superpathway_of_5-aminoimidazole_ribonucleotide_biosynthesis,PWY-6519:_8-amino-7-oxononanoate_biosynthesis_I,1
PWY-6277:_superpathway_of_5-aminoimidazole_ribonucleotide_biosynthesis,PWY-6527:_stachyose_degradation,5
PWY-6277:_superpathway_of_5-aminoimidazole_ribonucleotide_biosynthesis,PWY-6572:_chondroitin_sulfate_degradation_I_(bacterial),1
PWY-6277:_superpathway_of_5-aminoimidazole_ribonucleotide_biosynthesis,PWY-6606:_guanosine_nucleotides_degradation_II,1
PWY-6277:_superpathway_of_5-aminoimidazole_ribonucleotide_biosynthesis,PWY-6608:_guanosine_nucleotides_degradation_III,5
PWY-6277:_superpathway_of_5-aminoimidazole_ribonucleotide_biosynthesis,PWY-6609:_adenine_and_adenosine_salvage_III,23
PWY-6277:_superpathway_of_5-aminoimidazole_ribonucleotide_biosynthesis,PWY-6628:_superpathway_of_L-phenylalanine_biosynthesis,1
PWY-6277:_superpathway_of_5-aminoimidazole_ribonucleotide_biosynthesis,PWY-6630:_superpathway_of_L-tyrosine_biosynthesis,1
PWY-6277:_superpathway_of_5-aminoimidazole_ribonucleotide_biosynthesis,PWY-6700:_queuosine_biosynthesis_I_(de_novo),22
PWY-6277:_superpathway_of_5-aminoimidazole_ribonucleotide_biosynthesis,PWY-6703:_preQ0_biosynthesis,16
PWY-6277:_superpathway_of_5-aminoimidazole_ribonucleotide_biosynthesis,PWY-6731:_starch_degradation_III,1
PWY-6277:_superpathway_of_5-aminoimidazole_ribonucleotide_biosynthesis,PWY-6823:_molybdopterin_biosynthesis,4
PWY-6277:_superpathway_of_5-aminoimidazole_ribonucleotide_biosynthesis,PWY-6897:_thiamine_diphosphate_salvage_II,6
PWY-6277:_superpathway_of_5-aminoimidazole_ribonucleotide_biosynthesis,PWY-6902:_chitin_degradation_II_(Vibrio),4
PWY-6277:_superpathway_of_5-aminoimidazole_ribonucleotide_biosynthesis,PWY-6936:_seleno-amino_acid_biosynthesis_(plants),3
PWY-6277:_superpathway_of_5-aminoimidazole_ribonucleotide_biosynthesis,PWY-7111:_pyruvate_fermentation_to_isobutanol_(engineered),11
PWY-6277:_superpathway_of_5-aminoimidazole_ribonucleotide_biosynthesis,PWY-7197:_pyrimidine_deoxyribonucleotide_phosphorylation,1
PWY-6277:_superpathway_of_5-aminoimidazole_ribonucleotide_biosynthesis,PWY-7199:_pyrimidine_deoxyribonucleosides_salvage,10
PWY-6277:_superpathway_of_5-aminoimidazole_ribonucleotide_biosynthesis,PWY-7208:_superpathway_of_pyrimidine_nucleobases_salvage,2
PWY-6277:_superpathway_of_5-aminoimidazole_ribonucleotide_biosynthesis,PWY-7220:_adenosine_deoxyribonucleotides_de_novo_biosynthesis_II,10
PWY-6277:_superpathway_of_5-aminoimidazole_ribonucleotide_biosynthesis,PWY-7221:_guanosine_ribonucleotides_de_novo_biosynthesis,25
PWY-6277:_superpathway_of_5-aminoimidazole_ribonucleotide_biosynthesis,PWY-7222:_guanosine_deoxyribonucleotides_de_novo_biosynthesis_II,10
PWY-6277:_superpathway_of_5-aminoimidazole_ribonucleotide_biosynthesis,PWY-7228:_superpathway_of_guanosine_nucleotides_de_novo_biosynthesis_I,10
PWY-6277:_superpathway_of_5-aminoimidazole_ribonucleotide_biosynthesis,PWY-7229:_superpathway_of_adenosine_nucleotides_de_novo_biosynthesis_I,10
PWY-6277:_superpathway_of_5-aminoimidazole_ribonucleotide_biosynthesis,PWY-7234:_inosine-5'-phosphate_biosynthesis_III,3
PWY-6277:_superpathway_of_5-aminoimidazole_ribonucleotide_biosynthesis,PWY-7237:_myo-,_chiro-_and_scyllo-inositol_degradation,9
PWY-6277:_superpathway_of_5-aminoimidazole_ribonucleotide_biosynthesis,PWY-7238:_sucrose_biosynthesis_II,15
PWY-6277:_superpathway_of_5-aminoimidazole_ribonucleotide_biosynthesis,PWY-7242:_D-fructuronate_degradation,1
PWY-6277:_superpathway_of_5-aminoimidazole_ribonucleotide_biosynthesis,PWY-724:_superpathway_of_L-lysine,_L-threonine_and_L-methionine_biosynthesis_II,4
PWY-6277:_superpathway_of_5-aminoimidazole_ribonucleotide_biosynthesis,PWY-7282:_4-amino-2-methyl-5-diphosphomethylpyrimidine_biosynthesis_II,3
PWY-6277:_superpathway_of_5-aminoimidazole_ribonucleotide_biosynthesis,PWY-7312:_dTDP-&beta;-D-fucofuranose_biosynthesis,1
PWY-6277:_superpathway_of_5-aminoimidazole_ribonucleotide_biosynthesis,PWY-7315:_dTDP-N-acetylthomosamine_biosynthesis,2
PWY-6277:_superpathway_of_5-aminoimidazole_ribonucleotide_biosynthesis,PWY-7316:_dTDP-N-acetylviosamine_biosynthesis,1
PWY-6277:_superpathway_of_5-aminoimidazole_ribonucleotide_biosynthesis,PWY-7357:_thiamine_phosphate_formation_from_pyrithiamine_and_oxythiamine_(yeast),11
PWY-6277:_superpathway_of_5-aminoimidazole_ribonucleotide_biosynthesis,PWY-7456:_&beta;-(1,4)-mannan_degradation,2
PWY-6277:_superpathway_of_5-aminoimidazole_ribonucleotide_biosynthesis,PWY-7560:_methylerythritol_phosphate_pathway_II,5
PWY-6277:_superpathway_of_5-aminoimidazole_ribonucleotide_biosynthesis,PWY-7663:_gondoate_biosynthesis_(anaerobic),12
PWY-6277:_superpathway_of_5-aminoimidazole_ribonucleotide_biosynthesis,PWY-7664:_oleate_biosynthesis_IV_(anaerobic),3
PWY-6277:_superpathway_of_5-aminoimidazole_ribonucleotide_biosynthesis,PWY-7688:_dTDP-&alpha;-D-ravidosamine_and_dTDP-4-acetyl-&alpha;-D-ravidosamine_biosynthesis,1
PWY-6277:_superpathway_of_5-aminoimidazole_ribonucleotide_biosynthesis,PWY-7790:_UMP_biosynthesis_II,22
PWY-6277:_superpathway_of_5-aminoimidazole_ribonucleotide_biosynthesis,PWY-7791:_UMP_biosynthesis_III,22
PWY-6277:_superpathway_of_5-aminoimidazole_ribonucleotide_biosynthesis,PWY-7851:_coenzyme_A_biosynthesis_II_(eukaryotic),20
PWY-6277:_superpathway_of_5-aminoimidazole_ribonucleotide_biosynthesis,PWY-7953:_UDP-N-acetylmuramoyl-pentapeptide_biosynthesis_III_(meso-diaminopimelate_containing),21
PWY-6277:_superpathway_of_5-aminoimidazole_ribonucleotide_biosynthesis,PWY-7977:_L-methionine_biosynthesis_IV,20
PWY-6277:_superpathway_of_5-aminoimidazole_ribonucleotide_biosynthesis,PWY-8004:_Entner-Doudoroff_pathway_I,1
PWY-6277:_superpathway_of_5-aminoimidazole_ribonucleotide_biosynthesis,PWY-8073:_lipid_IVA_biosynthesis_(P._putida),3
PWY-6277:_superpathway_of_5-aminoimidazole_ribonucleotide_biosynthesis,PWY-8178:_pentose_phosphate_pathway_(non-oxidative_branch)_II,8
PWY-6277:_superpathway_of_5-aminoimidazole_ribonucleotide_biosynthesis,PWY-8187:_L-arginine_degradation_XIII_(reductive_Stickland_reaction),1
PWY-6277:_superpathway_of_5-aminoimidazole_ribonucleotide_biosynthesis,PWY0-1061:_superpathway_of_L-alanine_biosynthesis,2
PWY-6277:_superpathway_of_5-aminoimidazole_ribonucleotide_biosynthesis,PWY0-1241:_ADP-L-glycero-&beta;-D-manno-heptose_biosynthesis,1
PWY-6277:_superpathway_of_5-aminoimidazole_ribonucleotide_biosynthesis,PWY0-1296:_purine_ribonucleosides_degradation,6
PWY-6277:_superpathway_of_5-aminoimidazole_ribonucleotide_biosynthesis,PWY0-1319:_CDP-diacylglycerol_biosynthesis_II,18
PWY-6277:_superpathway_of_5-aminoimidazole_ribonucleotide_biosynthesis,PWY0-1479:_tRNA_processing,1
PWY-6277:_superpathway_of_5-aminoimidazole_ribonucleotide_biosynthesis,PWY0-1586:_peptidoglycan_maturation_(meso-diaminopimelate_containing),11
PWY-6277:_superpathway_of_5-aminoimidazole_ribonucleotide_biosynthesis,PWY0-162:_superpathway_of_pyrimidine_ribonucleotides_de_novo_biosynthesis,2
PWY-6277:_superpathway_of_5-aminoimidazole_ribonucleotide_biosynthesis,PWY0-845:_superpathway_of_pyridoxal_5'-phosphate_biosynthesis_and_salvage,6
PWY-6277:_superpathway_of_5-aminoimidazole_ribonucleotide_biosynthesis,PWY0-862:_(5Z)-dodecenoate_biosynthesis_I,3
PWY-6277:_superpathway_of_5-aminoimidazole_ribonucleotide_biosynthesis,PWY4FS-7:_phosphatidylglycerol_biosynthesis_I_(plastidic),1
PWY-6277:_superpathway_of_5-aminoimidazole_ribonucleotide_biosynthesis,PWY4FS-8:_phosphatidylglycerol_biosynthesis_II_(non-plastidic),1
PWY-6277:_superpathway_of_5-aminoimidazole_ribonucleotide_biosynthesis,PWY66-429:_fatty_acid_biosynthesis_initiation_(mitochondria),12
PWY-6277:_superpathway_of_5-aminoimidazole_ribonucleotide_biosynthesis,PYRIDNUCSYN-PWY:_NAD_de_novo_biosynthesis_I_(from_aspartate),12
PWY-6277:_superpathway_of_5-aminoimidazole_ribonucleotide_biosynthesis,PYRIDOXSYN-PWY:_pyridoxal_5'-phosphate_biosynthesis_I,7
PWY-6277:_superpathway_of_5-aminoimidazole_ribonucleotide_biosynthesis,RHAMCAT-PWY:_L-rhamnose_degradation_I,8
PWY-6277:_superpathway_of_5-aminoimidazole_ribonucleotide_biosynthesis,RIBOSYN2-PWY:_flavin_biosynthesis_I_(bacteria_and_plants),11
PWY-6277:_superpathway_of_5-aminoimidazole_ribonucleotide_biosynthesis,SALVADEHYPOX-PWY:_adenosine_nucleotides_degradation_II,1
PWY-6277:_superpathway_of_5-aminoimidazole_ribonucleotide_biosynthesis,SER-GLYSYN-PWY:_superpathway_of_L-serine_and_glycine_biosynthesis_I,19
PWY-6277:_superpathway_of_5-aminoimidazole_ribonucleotide_biosynthesis,THISYNARA-PWY:_superpathway_of_thiamine_diphosphate_biosynthesis_III_(eukaryotes),8
PWY-6277:_superpathway_of_5-aminoimidazole_ribonucleotide_biosynthesis,THRESYN-PWY:_superpathway_of_L-threonine_biosynthesis,7
PWY-6277:_superpathway_of_5-aminoimidazole_ribonucleotide_biosynthesis,TRNA-CHARGING-PWY:_tRNA_charging,18
PWY-6277:_superpathway_of_5-aminoimidazole_ribonucleotide_biosynthesis,UDPNAGSYN-PWY:_UDP-N-acetyl-D-glucosamine_biosynthesis_I,4
PWY-6277:_superpathway_of_5-aminoimidazole_ribonucleotide_biosynthesis,VALSYN-PWY:_L-valine_biosynthesis,25
PWY-6282:_palmitoleate_biosynthesis_I_(from_(5Z)-dodec-5-enoate),PWY-6385:_peptidoglycan_biosynthesis_III_(mycobacteria),2
PWY-6282:_palmitoleate_biosynthesis_I_(from_(5Z)-dodec-5-enoate),PWY-6386:_UDP-N-acetylmuramoyl-pentapeptide_biosynthesis_II_(lysine-containing),2
PWY-6282:_palmitoleate_biosynthesis_I_(from_(5Z)-dodec-5-enoate),PWY-6387:_UDP-N-acetylmuramoyl-pentapeptide_biosynthesis_I_(meso-diaminopimelate_containing),3
PWY-6282:_palmitoleate_biosynthesis_I_(from_(5Z)-dodec-5-enoate),PWY-6519:_8-amino-7-oxononanoate_biosynthesis_I,1
PWY-6282:_palmitoleate_biosynthesis_I_(from_(5Z)-dodec-5-enoate),PWY-6609:_adenine_and_adenosine_salvage_III,3
PWY-6282:_palmitoleate_biosynthesis_I_(from_(5Z)-dodec-5-enoate),PWY-6700:_queuosine_biosynthesis_I_(de_novo),1
PWY-6282:_palmitoleate_biosynthesis_I_(from_(5Z)-dodec-5-enoate),PWY-6703:_preQ0_biosynthesis,1
PWY-6282:_palmitoleate_biosynthesis_I_(from_(5Z)-dodec-5-enoate),PWY-6902:_chitin_degradation_II_(Vibrio),1
PWY-6282:_palmitoleate_biosynthesis_I_(from_(5Z)-dodec-5-enoate),PWY-7199:_pyrimidine_deoxyribonucleosides_salvage,1
PWY-6282:_palmitoleate_biosynthesis_I_(from_(5Z)-dodec-5-enoate),PWY-7220:_adenosine_deoxyribonucleotides_de_novo_biosynthesis_II,1
PWY-6282:_palmitoleate_biosynthesis_I_(from_(5Z)-dodec-5-enoate),PWY-7221:_guanosine_ribonucleotides_de_novo_biosynthesis,3
PWY-6282:_palmitoleate_biosynthesis_I_(from_(5Z)-dodec-5-enoate),PWY-7222:_guanosine_deoxyribonucleotides_de_novo_biosynthesis_II,1
PWY-6282:_palmitoleate_biosynthesis_I_(from_(5Z)-dodec-5-enoate),PWY-7228:_superpathway_of_guanosine_nucleotides_de_novo_biosynthesis_I,1
PWY-6282:_palmitoleate_biosynthesis_I_(from_(5Z)-dodec-5-enoate),PWY-7229:_superpathway_of_adenosine_nucleotides_de_novo_biosynthesis_I,1
PWY-6282:_palmitoleate_biosynthesis_I_(from_(5Z)-dodec-5-enoate),PWY-7234:_inosine-5'-phosphate_biosynthesis_III,2
PWY-6282:_palmitoleate_biosynthesis_I_(from_(5Z)-dodec-5-enoate),PWY-7238:_sucrose_biosynthesis_II,1
PWY-6282:_palmitoleate_biosynthesis_I_(from_(5Z)-dodec-5-enoate),PWY-7316:_dTDP-N-acetylviosamine_biosynthesis,1
PWY-6282:_palmitoleate_biosynthesis_I_(from_(5Z)-dodec-5-enoate),PWY-7663:_gondoate_biosynthesis_(anaerobic),3
PWY-6282:_palmitoleate_biosynthesis_I_(from_(5Z)-dodec-5-enoate),PWY-7664:_oleate_biosynthesis_IV_(anaerobic),3
PWY-6282:_palmitoleate_biosynthesis_I_(from_(5Z)-dodec-5-enoate),PWY-7688:_dTDP-&alpha;-D-ravidosamine_and_dTDP-4-acetyl-&alpha;-D-ravidosamine_biosynthesis,1
PWY-6282:_palmitoleate_biosynthesis_I_(from_(5Z)-dodec-5-enoate),PWY-7790:_UMP_biosynthesis_II,3
PWY-6282:_palmitoleate_biosynthesis_I_(from_(5Z)-dodec-5-enoate),PWY-7791:_UMP_biosynthesis_III,3
PWY-6282:_palmitoleate_biosynthesis_I_(from_(5Z)-dodec-5-enoate),PWY-7851:_coenzyme_A_biosynthesis_II_(eukaryotic),2
PWY-6282:_palmitoleate_biosynthesis_I_(from_(5Z)-dodec-5-enoate),PWY-7953:_UDP-N-acetylmuramoyl-pentapeptide_biosynthesis_III_(meso-diaminopimelate_containing),3
PWY-6282:_palmitoleate_biosynthesis_I_(from_(5Z)-dodec-5-enoate),PWY-7977:_L-methionine_biosynthesis_IV,3
PWY-6282:_palmitoleate_biosynthesis_I_(from_(5Z)-dodec-5-enoate),PWY-8073:_lipid_IVA_biosynthesis_(P._putida),1
PWY-6282:_palmitoleate_biosynthesis_I_(from_(5Z)-dodec-5-enoate),PWY0-1319:_CDP-diacylglycerol_biosynthesis_II,3
PWY-6282:_palmitoleate_biosynthesis_I_(from_(5Z)-dodec-5-enoate),PWY0-862:_(5Z)-dodecenoate_biosynthesis_I,3
PWY-6282:_palmitoleate_biosynthesis_I_(from_(5Z)-dodec-5-enoate),PWY66-429:_fatty_acid_biosynthesis_initiation_(mitochondria),1
PWY-6282:_palmitoleate_biosynthesis_I_(from_(5Z)-dodec-5-enoate),PYRIDNUCSYN-PWY:_NAD_de_novo_biosynthesis_I_(from_aspartate),2
PWY-6282:_palmitoleate_biosynthesis_I_(from_(5Z)-dodec-5-enoate),RHAMCAT-PWY:_L-rhamnose_degradation_I,1
PWY-6282:_palmitoleate_biosynthesis_I_(from_(5Z)-dodec-5-enoate),RIBOSYN2-PWY:_flavin_biosynthesis_I_(bacteria_and_plants),1
PWY-6282:_palmitoleate_biosynthesis_I_(from_(5Z)-dodec-5-enoate),SER-GLYSYN-PWY:_superpathway_of_L-serine_and_glycine_biosynthesis_I,3
PWY-6282:_palmitoleate_biosynthesis_I_(from_(5Z)-dodec-5-enoate),TRNA-CHARGING-PWY:_tRNA_charging,2
PWY-6282:_palmitoleate_biosynthesis_I_(from_(5Z)-dodec-5-enoate),VALSYN-PWY:_L-valine_biosynthesis,3
PWY-6317:_D-galactose_degradation_I_(Leloir_pathway),PWY-6385:_peptidoglycan_biosynthesis_III_(mycobacteria),3
PWY-6317:_D-galactose_degradation_I_(Leloir_pathway),PWY-6386:_UDP-N-acetylmuramoyl-pentapeptide_biosynthesis_II_(lysine-containing),6
PWY-6317:_D-galactose_degradation_I_(Leloir_pathway),PWY-6387:_UDP-N-acetylmuramoyl-pentapeptide_biosynthesis_I_(meso-diaminopimelate_containing),5
PWY-6317:_D-galactose_degradation_I_(Leloir_pathway),PWY-6507:_4-deoxy-L-threo-hex-4-enopyranuronate_degradation,1
PWY-6317:_D-galactose_degradation_I_(Leloir_pathway),PWY-6527:_stachyose_degradation,6
PWY-6317:_D-galactose_degradation_I_(Leloir_pathway),PWY-6606:_guanosine_nucleotides_degradation_II,1
PWY-6317:_D-galactose_degradation_I_(Leloir_pathway),PWY-6608:_guanosine_nucleotides_degradation_III,2
PWY-6317:_D-galactose_degradation_I_(Leloir_pathway),PWY-6609:_adenine_and_adenosine_salvage_III,6
PWY-6317:_D-galactose_degradation_I_(Leloir_pathway),PWY-6630:_superpathway_of_L-tyrosine_biosynthesis,1
PWY-6317:_D-galactose_degradation_I_(Leloir_pathway),PWY-6700:_queuosine_biosynthesis_I_(de_novo),6
PWY-6317:_D-galactose_degradation_I_(Leloir_pathway),PWY-6703:_preQ0_biosynthesis,2
PWY-6317:_D-galactose_degradation_I_(Leloir_pathway),PWY-6731:_starch_degradation_III,2
PWY-6317:_D-galactose_degradation_I_(Leloir_pathway),PWY-6823:_molybdopterin_biosynthesis,3
PWY-6317:_D-galactose_degradation_I_(Leloir_pathway),PWY-6897:_thiamine_diphosphate_salvage_II,1
PWY-6317:_D-galactose_degradation_I_(Leloir_pathway),PWY-6902:_chitin_degradation_II_(Vibrio),1
PWY-6317:_D-galactose_degradation_I_(Leloir_pathway),PWY-6936:_seleno-amino_acid_biosynthesis_(plants),3
PWY-6317:_D-galactose_degradation_I_(Leloir_pathway),PWY-7111:_pyruvate_fermentation_to_isobutanol_(engineered),6
PWY-6317:_D-galactose_degradation_I_(Leloir_pathway),PWY-7208:_superpathway_of_pyrimidine_nucleobases_salvage,2
PWY-6317:_D-galactose_degradation_I_(Leloir_pathway),PWY-7221:_guanosine_ribonucleotides_de_novo_biosynthesis,6
PWY-6317:_D-galactose_degradation_I_(Leloir_pathway),PWY-7237:_myo-,_chiro-_and_scyllo-inositol_degradation,4
PWY-6317:_D-galactose_degradation_I_(Leloir_pathway),PWY-7238:_sucrose_biosynthesis_II,7
PWY-6317:_D-galactose_degradation_I_(Leloir_pathway),PWY-7242:_D-fructuronate_degradation,1
PWY-6317:_D-galactose_degradation_I_(Leloir_pathway),PWY-724:_superpathway_of_L-lysine,_L-threonine_and_L-methionine_biosynthesis_II,3
PWY-6317:_D-galactose_degradation_I_(Leloir_pathway),PWY-7357:_thiamine_phosphate_formation_from_pyrithiamine_and_oxythiamine_(yeast),6
PWY-6317:_D-galactose_degradation_I_(Leloir_pathway),PWY-7456:_&beta;-(1,4)-mannan_degradation,2
PWY-6317:_D-galactose_degradation_I_(Leloir_pathway),PWY-7560:_methylerythritol_phosphate_pathway_II,1
PWY-6317:_D-galactose_degradation_I_(Leloir_pathway),PWY-7790:_UMP_biosynthesis_II,5
PWY-6317:_D-galactose_degradation_I_(Leloir_pathway),PWY-7791:_UMP_biosynthesis_III,5
PWY-6317:_D-galactose_degradation_I_(Leloir_pathway),PWY-7851:_coenzyme_A_biosynthesis_II_(eukaryotic),4
PWY-6317:_D-galactose_degradation_I_(Leloir_pathway),PWY-7953:_UDP-N-acetylmuramoyl-pentapeptide_biosynthesis_III_(meso-diaminopimelate_containing),4
PWY-6317:_D-galactose_degradation_I_(Leloir_pathway),PWY-7977:_L-methionine_biosynthesis_IV,4
PWY-6317:_D-galactose_degradation_I_(Leloir_pathway),PWY-8178:_pentose_phosphate_pathway_(non-oxidative_branch)_II,5
PWY-6317:_D-galactose_degradation_I_(Leloir_pathway),PWY0-1061:_superpathway_of_L-alanine_biosynthesis,1
PWY-6317:_D-galactose_degradation_I_(Leloir_pathway),PWY0-1296:_purine_ribonucleosides_degradation,4
PWY-6317:_D-galactose_degradation_I_(Leloir_pathway),PWY0-1319:_CDP-diacylglycerol_biosynthesis_II,6
PWY-6317:_D-galactose_degradation_I_(Leloir_pathway),PWY0-1586:_peptidoglycan_maturation_(meso-diaminopimelate_containing),1
PWY-6317:_D-galactose_degradation_I_(Leloir_pathway),PWY4FS-7:_phosphatidylglycerol_biosynthesis_I_(plastidic),1
PWY-6317:_D-galactose_degradation_I_(Leloir_pathway),PWY4FS-8:_phosphatidylglycerol_biosynthesis_II_(non-plastidic),1
PWY-6317:_D-galactose_degradation_I_(Leloir_pathway),PWY66-429:_fatty_acid_biosynthesis_initiation_(mitochondria),2
PWY-6317:_D-galactose_degradation_I_(Leloir_pathway),PYRIDNUCSYN-PWY:_NAD_de_novo_biosynthesis_I_(from_aspartate),2
PWY-6317:_D-galactose_degradation_I_(Leloir_pathway),RIBOSYN2-PWY:_flavin_biosynthesis_I_(bacteria_and_plants),2
PWY-6317:_D-galactose_degradation_I_(Leloir_pathway),SALVADEHYPOX-PWY:_adenosine_nucleotides_degradation_II,1
PWY-6317:_D-galactose_degradation_I_(Leloir_pathway),SER-GLYSYN-PWY:_superpathway_of_L-serine_and_glycine_biosynthesis_I,5
PWY-6317:_D-galactose_degradation_I_(Leloir_pathway),THISYNARA-PWY:_superpathway_of_thiamine_diphosphate_biosynthesis_III_(eukaryotes),4
PWY-6317:_D-galactose_degradation_I_(Leloir_pathway),THRESYN-PWY:_superpathway_of_L-threonine_biosynthesis,2
PWY-6317:_D-galactose_degradation_I_(Leloir_pathway),TRNA-CHARGING-PWY:_tRNA_charging,2
PWY-6317:_D-galactose_degradation_I_(Leloir_pathway),UDPNAGSYN-PWY:_UDP-N-acetyl-D-glucosamine_biosynthesis_I,2
PWY-6317:_D-galactose_degradation_I_(Leloir_pathway),VALSYN-PWY:_L-valine_biosynthesis,6
PWY-6385:_peptidoglycan_biosynthesis_III_(mycobacteria),PWY-6386:_UDP-N-acetylmuramoyl-pentapeptide_biosynthesis_II_(lysine-containing),21
PWY-6385:_peptidoglycan_biosynthesis_III_(mycobacteria),PWY-6387:_UDP-N-acetylmuramoyl-pentapeptide_biosynthesis_I_(meso-diaminopimelate_containing),21
PWY-6385:_peptidoglycan_biosynthesis_III_(mycobacteria),PWY-6519:_8-amino-7-oxononanoate_biosynthesis_I,1
PWY-6385:_peptidoglycan_biosynthesis_III_(mycobacteria),PWY-6527:_stachyose_degradation,1
PWY-6385:_peptidoglycan_biosynthesis_III_(mycobacteria),PWY-6572:_chondroitin_sulfate_degradation_I_(bacterial),1
PWY-6385:_peptidoglycan_biosynthesis_III_(mycobacteria),PWY-6608:_guanosine_nucleotides_degradation_III,3
PWY-6385:_peptidoglycan_biosynthesis_III_(mycobacteria),PWY-6609:_adenine_and_adenosine_salvage_III,19
PWY-6385:_peptidoglycan_biosynthesis_III_(mycobacteria),PWY-6628:_superpathway_of_L-phenylalanine_biosynthesis,1
PWY-6385:_peptidoglycan_biosynthesis_III_(mycobacteria),PWY-6700:_queuosine_biosynthesis_I_(de_novo),17
PWY-6385:_peptidoglycan_biosynthesis_III_(mycobacteria),PWY-6703:_preQ0_biosynthesis,15
PWY-6385:_peptidoglycan_biosynthesis_III_(mycobacteria),PWY-6731:_starch_degradation_III,1
PWY-6385:_peptidoglycan_biosynthesis_III_(mycobacteria),PWY-6823:_molybdopterin_biosynthesis,3
PWY-6385:_peptidoglycan_biosynthesis_III_(mycobacteria),PWY-6897:_thiamine_diphosphate_salvage_II,4
PWY-6385:_peptidoglycan_biosynthesis_III_(mycobacteria),PWY-6902:_chitin_degradation_II_(Vibrio),4
PWY-6385:_peptidoglycan_biosynthesis_III_(mycobacteria),PWY-6936:_seleno-amino_acid_biosynthesis_(plants),2
PWY-6385:_peptidoglycan_biosynthesis_III_(mycobacteria),PWY-7111:_pyruvate_fermentation_to_isobutanol_(engineered),7
PWY-6385:_peptidoglycan_biosynthesis_III_(mycobacteria),PWY-7199:_pyrimidine_deoxyribonucleosides_salvage,11
PWY-6385:_peptidoglycan_biosynthesis_III_(mycobacteria),PWY-7220:_adenosine_deoxyribonucleotides_de_novo_biosynthesis_II,9
PWY-6385:_peptidoglycan_biosynthesis_III_(mycobacteria),PWY-7221:_guanosine_ribonucleotides_de_novo_biosynthesis,18
PWY-6385:_peptidoglycan_biosynthesis_III_(mycobacteria),PWY-7222:_guanosine_deoxyribonucleotides_de_novo_biosynthesis_II,9
PWY-6385:_peptidoglycan_biosynthesis_III_(mycobacteria),PWY-7228:_superpathway_of_guanosine_nucleotides_de_novo_biosynthesis_I,9
PWY-6385:_peptidoglycan_biosynthesis_III_(mycobacteria),PWY-7229:_superpathway_of_adenosine_nucleotides_de_novo_biosynthesis_I,9
PWY-6385:_peptidoglycan_biosynthesis_III_(mycobacteria),PWY-7234:_inosine-5'-phosphate_biosynthesis_III,2
PWY-6385:_peptidoglycan_biosynthesis_III_(mycobacteria),PWY-7237:_myo-,_chiro-_and_scyllo-inositol_degradation,6
PWY-6385:_peptidoglycan_biosynthesis_III_(mycobacteria),PWY-7238:_sucrose_biosynthesis_II,10
PWY-6385:_peptidoglycan_biosynthesis_III_(mycobacteria),PWY-724:_superpathway_of_L-lysine,_L-threonine_and_L-methionine_biosynthesis_II,2
PWY-6385:_peptidoglycan_biosynthesis_III_(mycobacteria),PWY-7282:_4-amino-2-methyl-5-diphosphomethylpyrimidine_biosynthesis_II,3
PWY-6385:_peptidoglycan_biosynthesis_III_(mycobacteria),PWY-7312:_dTDP-&beta;-D-fucofuranose_biosynthesis,1
PWY-6385:_peptidoglycan_biosynthesis_III_(mycobacteria),PWY-7315:_dTDP-N-acetylthomosamine_biosynthesis,2
PWY-6385:_peptidoglycan_biosynthesis_III_(mycobacteria),PWY-7316:_dTDP-N-acetylviosamine_biosynthesis,1
PWY-6385:_peptidoglycan_biosynthesis_III_(mycobacteria),PWY-7357:_thiamine_phosphate_formation_from_pyrithiamine_and_oxythiamine_(yeast),7
PWY-6385:_peptidoglycan_biosynthesis_III_(mycobacteria),PWY-7560:_methylerythritol_phosphate_pathway_II,5
PWY-6385:_peptidoglycan_biosynthesis_III_(mycobacteria),PWY-7663:_gondoate_biosynthesis_(anaerobic),11
PWY-6385:_peptidoglycan_biosynthesis_III_(mycobacteria),PWY-7664:_oleate_biosynthesis_IV_(anaerobic),2
PWY-6385:_peptidoglycan_biosynthesis_III_(mycobacteria),PWY-7688:_dTDP-&alpha;-D-ravidosamine_and_dTDP-4-acetyl-&alpha;-D-ravidosamine_biosynthesis,1
PWY-6385:_peptidoglycan_biosynthesis_III_(mycobacteria),PWY-7790:_UMP_biosynthesis_II,18
PWY-6385:_peptidoglycan_biosynthesis_III_(mycobacteria),PWY-7791:_UMP_biosynthesis_III,18
PWY-6385:_peptidoglycan_biosynthesis_III_(mycobacteria),PWY-7851:_coenzyme_A_biosynthesis_II_(eukaryotic),18
PWY-6385:_peptidoglycan_biosynthesis_III_(mycobacteria),PWY-7953:_UDP-N-acetylmuramoyl-pentapeptide_biosynthesis_III_(meso-diaminopimelate_containing),21
PWY-6385:_peptidoglycan_biosynthesis_III_(mycobacteria),PWY-7977:_L-methionine_biosynthesis_IV,16
PWY-6385:_peptidoglycan_biosynthesis_III_(mycobacteria),PWY-8004:_Entner-Doudoroff_pathway_I,1
PWY-6385:_peptidoglycan_biosynthesis_III_(mycobacteria),PWY-8073:_lipid_IVA_biosynthesis_(P._putida),3
PWY-6385:_peptidoglycan_biosynthesis_III_(mycobacteria),PWY-8178:_pentose_phosphate_pathway_(non-oxidative_branch)_II,6
PWY-6385:_peptidoglycan_biosynthesis_III_(mycobacteria),PWY-8187:_L-arginine_degradation_XIII_(reductive_Stickland_reaction),1
PWY-6385:_peptidoglycan_biosynthesis_III_(mycobacteria),PWY0-1061:_superpathway_of_L-alanine_biosynthesis,2
PWY-6385:_peptidoglycan_biosynthesis_III_(mycobacteria),PWY0-1241:_ADP-L-glycero-&beta;-D-manno-heptose_biosynthesis,1
PWY-6385:_peptidoglycan_biosynthesis_III_(mycobacteria),PWY0-1296:_purine_ribonucleosides_degradation,4
PWY-6385:_peptidoglycan_biosynthesis_III_(mycobacteria),PWY0-1319:_CDP-diacylglycerol_biosynthesis_II,14
PWY-6385:_peptidoglycan_biosynthesis_III_(mycobacteria),PWY0-1586:_peptidoglycan_maturation_(meso-diaminopimelate_containing),11
PWY-6385:_peptidoglycan_biosynthesis_III_(mycobacteria),PWY0-162:_superpathway_of_pyrimidine_ribonucleotides_de_novo_biosynthesis,2
PWY-6385:_peptidoglycan_biosynthesis_III_(mycobacteria),PWY0-845:_superpathway_of_pyridoxal_5'-phosphate_biosynthesis_and_salvage,6
PWY-6385:_peptidoglycan_biosynthesis_III_(mycobacteria),PWY0-862:_(5Z)-dodecenoate_biosynthesis_I,2
PWY-6385:_peptidoglycan_biosynthesis_III_(mycobacteria),PWY66-429:_fatty_acid_biosynthesis_initiation_(mitochondria),11
PWY-6385:_peptidoglycan_biosynthesis_III_(mycobacteria),PYRIDNUCSYN-PWY:_NAD_de_novo_biosynthesis_I_(from_aspartate),8
PWY-6385:_peptidoglycan_biosynthesis_III_(mycobacteria),PYRIDOXSYN-PWY:_pyridoxal_5'-phosphate_biosynthesis_I,7
PWY-6385:_peptidoglycan_biosynthesis_III_(mycobacteria),RHAMCAT-PWY:_L-rhamnose_degradation_I,8
PWY-6385:_peptidoglycan_biosynthesis_III_(mycobacteria),RIBOSYN2-PWY:_flavin_biosynthesis_I_(bacteria_and_plants),10
PWY-6385:_peptidoglycan_biosynthesis_III_(mycobacteria),SER-GLYSYN-PWY:_superpathway_of_L-serine_and_glycine_biosynthesis_I,14
PWY-6385:_peptidoglycan_biosynthesis_III_(mycobacteria),THISYNARA-PWY:_superpathway_of_thiamine_diphosphate_biosynthesis_III_(eukaryotes),6
PWY-6385:_peptidoglycan_biosynthesis_III_(mycobacteria),THRESYN-PWY:_superpathway_of_L-threonine_biosynthesis,6
PWY-6385:_peptidoglycan_biosynthesis_III_(mycobacteria),TRNA-CHARGING-PWY:_tRNA_charging,15
PWY-6385:_peptidoglycan_biosynthesis_III_(mycobacteria),UDPNAGSYN-PWY:_UDP-N-acetyl-D-glucosamine_biosynthesis_I,3
PWY-6385:_peptidoglycan_biosynthesis_III_(mycobacteria),VALSYN-PWY:_L-valine_biosynthesis,18
PWY-6386:_UDP-N-acetylmuramoyl-pentapeptide_biosynthesis_II_(lysine-containing),PWY-6387:_UDP-N-acetylmuramoyl-pentapeptide_biosynthesis_I_(meso-diaminopimelate_containing),23
PWY-6386:_UDP-N-acetylmuramoyl-pentapeptide_biosynthesis_II_(lysine-containing),PWY-6507:_4-deoxy-L-threo-hex-4-enopyranuronate_degradation,1
PWY-6386:_UDP-N-acetylmuramoyl-pentapeptide_biosynthesis_II_(lysine-containing),PWY-6519:_8-amino-7-oxononanoate_biosynthesis_I,1
PWY-6386:_UDP-N-acetylmuramoyl-pentapeptide_biosynthesis_II_(lysine-containing),PWY-6527:_stachyose_degradation,4
PWY-6386:_UDP-N-acetylmuramoyl-pentapeptide_biosynthesis_II_(lysine-containing),PWY-6572:_chondroitin_sulfate_degradation_I_(bacterial),1
PWY-6386:_UDP-N-acetylmuramoyl-pentapeptide_biosynthesis_II_(lysine-containing),PWY-6608:_guanosine_nucleotides_degradation_III,4
PWY-6386:_UDP-N-acetylmuramoyl-pentapeptide_biosynthesis_II_(lysine-containing),PWY-6609:_adenine_and_adenosine_salvage_III,23
PWY-6386:_UDP-N-acetylmuramoyl-pentapeptide_biosynthesis_II_(lysine-containing),PWY-6628:_superpathway_of_L-phenylalanine_biosynthesis,1
PWY-6386:_UDP-N-acetylmuramoyl-pentapeptide_biosynthesis_II_(lysine-containing),PWY-6630:_superpathway_of_L-tyrosine_biosynthesis,1
PWY-6386:_UDP-N-acetylmuramoyl-pentapeptide_biosynthesis_II_(lysine-containing),PWY-6700:_queuosine_biosynthesis_I_(de_novo),20
PWY-6386:_UDP-N-acetylmuramoyl-pentapeptide_biosynthesis_II_(lysine-containing),PWY-6703:_preQ0_biosynthesis,15
PWY-6386:_UDP-N-acetylmuramoyl-pentapeptide_biosynthesis_II_(lysine-containing),PWY-6731:_starch_degradation_III,2
PWY-6386:_UDP-N-acetylmuramoyl-pentapeptide_biosynthesis_II_(lysine-containing),PWY-6823:_molybdopterin_biosynthesis,4
PWY-6386:_UDP-N-acetylmuramoyl-pentapeptide_biosynthesis_II_(lysine-containing),PWY-6897:_thiamine_diphosphate_salvage_II,5
PWY-6386:_UDP-N-acetylmuramoyl-pentapeptide_biosynthesis_II_(lysine-containing),PWY-6902:_chitin_degradation_II_(Vibrio),5
PWY-6386:_UDP-N-acetylmuramoyl-pentapeptide_biosynthesis_II_(lysine-containing),PWY-6936:_seleno-amino_acid_biosynthesis_(plants),2
PWY-6386:_UDP-N-acetylmuramoyl-pentapeptide_biosynthesis_II_(lysine-containing),PWY-7111:_pyruvate_fermentation_to_isobutanol_(engineered),9
PWY-6386:_UDP-N-acetylmuramoyl-pentapeptide_biosynthesis_II_(lysine-containing),PWY-7199:_pyrimidine_deoxyribonucleosides_salvage,11
PWY-6386:_UDP-N-acetylmuramoyl-pentapeptide_biosynthesis_II_(lysine-containing),PWY-7208:_superpathway_of_pyrimidine_nucleobases_salvage,1
PWY-6386:_UDP-N-acetylmuramoyl-pentapeptide_biosynthesis_II_(lysine-containing),PWY-7220:_adenosine_deoxyribonucleotides_de_novo_biosynthesis_II,9
PWY-6386:_UDP-N-acetylmuramoyl-pentapeptide_biosynthesis_II_(lysine-containing),PWY-7221:_guanosine_ribonucleotides_de_novo_biosynthesis,20
PWY-6386:_UDP-N-acetylmuramoyl-pentapeptide_biosynthesis_II_(lysine-containing),PWY-7222:_guanosine_deoxyribonucleotides_de_novo_biosynthesis_II,9
PWY-6386:_UDP-N-acetylmuramoyl-pentapeptide_biosynthesis_II_(lysine-containing),PWY-7228:_superpathway_of_guanosine_nucleotides_de_novo_biosynthesis_I,9
PWY-6386:_UDP-N-acetylmuramoyl-pentapeptide_biosynthesis_II_(lysine-containing),PWY-7229:_superpathway_of_adenosine_nucleotides_de_novo_biosynthesis_I,9
PWY-6386:_UDP-N-acetylmuramoyl-pentapeptide_biosynthesis_II_(lysine-containing),PWY-7234:_inosine-5'-phosphate_biosynthesis_III,2
PWY-6386:_UDP-N-acetylmuramoyl-pentapeptide_biosynthesis_II_(lysine-containing),PWY-7237:_myo-,_chiro-_and_scyllo-inositol_degradation,7
PWY-6386:_UDP-N-acetylmuramoyl-pentapeptide_biosynthesis_II_(lysine-containing),PWY-7238:_sucrose_biosynthesis_II,13
PWY-6386:_UDP-N-acetylmuramoyl-pentapeptide_biosynthesis_II_(lysine-containing),PWY-7242:_D-fructuronate_degradation,1
PWY-6386:_UDP-N-acetylmuramoyl-pentapeptide_biosynthesis_II_(lysine-containing),PWY-724:_superpathway_of_L-lysine,_L-threonine_and_L-methionine_biosynthesis_II,3
PWY-6386:_UDP-N-acetylmuramoyl-pentapeptide_biosynthesis_II_(lysine-containing),PWY-7282:_4-amino-2-methyl-5-diphosphomethylpyrimidine_biosynthesis_II,3
PWY-6386:_UDP-N-acetylmuramoyl-pentapeptide_biosynthesis_II_(lysine-containing),PWY-7312:_dTDP-&beta;-D-fucofuranose_biosynthesis,1
PWY-6386:_UDP-N-acetylmuramoyl-pentapeptide_biosynthesis_II_(lysine-containing),PWY-7315:_dTDP-N-acetylthomosamine_biosynthesis,2
PWY-6386:_UDP-N-acetylmuramoyl-pentapeptide_biosynthesis_II_(lysine-containing),PWY-7316:_dTDP-N-acetylviosamine_biosynthesis,1
PWY-6386:_UDP-N-acetylmuramoyl-pentapeptide_biosynthesis_II_(lysine-containing),PWY-7357:_thiamine_phosphate_formation_from_pyrithiamine_and_oxythiamine_(yeast),9
PWY-6386:_UDP-N-acetylmuramoyl-pentapeptide_biosynthesis_II_(lysine-containing),PWY-7456:_&beta;-(1,4)-mannan_degradation,1
PWY-6386:_UDP-N-acetylmuramoyl-pentapeptide_biosynthesis_II_(lysine-containing),PWY-7560:_methylerythritol_phosphate_pathway_II,6
PWY-6386:_UDP-N-acetylmuramoyl-pentapeptide_biosynthesis_II_(lysine-containing),PWY-7663:_gondoate_biosynthesis_(anaerobic),11
PWY-6386:_UDP-N-acetylmuramoyl-pentapeptide_biosynthesis_II_(lysine-containing),PWY-7664:_oleate_biosynthesis_IV_(anaerobic),2
PWY-6386:_UDP-N-acetylmuramoyl-pentapeptide_biosynthesis_II_(lysine-containing),PWY-7688:_dTDP-&alpha;-D-ravidosamine_and_dTDP-4-acetyl-&alpha;-D-ravidosamine_biosynthesis,1
PWY-6386:_UDP-N-acetylmuramoyl-pentapeptide_biosynthesis_II_(lysine-containing),PWY-7790:_UMP_biosynthesis_II,20
PWY-6386:_UDP-N-acetylmuramoyl-pentapeptide_biosynthesis_II_(lysine-containing),PWY-7791:_UMP_biosynthesis_III,20
PWY-6386:_UDP-N-acetylmuramoyl-pentapeptide_biosynthesis_II_(lysine-containing),PWY-7851:_coenzyme_A_biosynthesis_II_(eukaryotic),19
PWY-6386:_UDP-N-acetylmuramoyl-pentapeptide_biosynthesis_II_(lysine-containing),PWY-7953:_UDP-N-acetylmuramoyl-pentapeptide_biosynthesis_III_(meso-diaminopimelate_containing),21
PWY-6386:_UDP-N-acetylmuramoyl-pentapeptide_biosynthesis_II_(lysine-containing),PWY-7977:_L-methionine_biosynthesis_IV,18
PWY-6386:_UDP-N-acetylmuramoyl-pentapeptide_biosynthesis_II_(lysine-containing),PWY-8004:_Entner-Doudoroff_pathway_I,1
PWY-6386:_UDP-N-acetylmuramoyl-pentapeptide_biosynthesis_II_(lysine-containing),PWY-8073:_lipid_IVA_biosynthesis_(P._putida),3
PWY-6386:_UDP-N-acetylmuramoyl-pentapeptide_biosynthesis_II_(lysine-containing),PWY-8178:_pentose_phosphate_pathway_(non-oxidative_branch)_II,7
PWY-6386:_UDP-N-acetylmuramoyl-pentapeptide_biosynthesis_II_(lysine-containing),PWY-8187:_L-arginine_degradation_XIII_(reductive_Stickland_reaction),1
PWY-6386:_UDP-N-acetylmuramoyl-pentapeptide_biosynthesis_II_(lysine-containing),PWY0-1061:_superpathway_of_L-alanine_biosynthesis,2
PWY-6386:_UDP-N-acetylmuramoyl-pentapeptide_biosynthesis_II_(lysine-containing),PWY0-1241:_ADP-L-glycero-&beta;-D-manno-heptose_biosynthesis,1
PWY-6386:_UDP-N-acetylmuramoyl-pentapeptide_biosynthesis_II_(lysine-containing),PWY0-1296:_purine_ribonucleosides_degradation,7
PWY-6386:_UDP-N-acetylmuramoyl-pentapeptide_biosynthesis_II_(lysine-containing),PWY0-1319:_CDP-diacylglycerol_biosynthesis_II,16
PWY-6386:_UDP-N-acetylmuramoyl-pentapeptide_biosynthesis_II_(lysine-containing),PWY0-1586:_peptidoglycan_maturation_(meso-diaminopimelate_containing),11
PWY-6386:_UDP-N-acetylmuramoyl-pentapeptide_biosynthesis_II_(lysine-containing),PWY0-162:_superpathway_of_pyrimidine_ribonucleotides_de_novo_biosynthesis,2
PWY-6386:_UDP-N-acetylmuramoyl-pentapeptide_biosynthesis_II_(lysine-containing),PWY0-845:_superpathway_of_pyridoxal_5'-phosphate_biosynthesis_and_salvage,6
PWY-6386:_UDP-N-acetylmuramoyl-pentapeptide_biosynthesis_II_(lysine-containing),PWY0-862:_(5Z)-dodecenoate_biosynthesis_I,2
PWY-6386:_UDP-N-acetylmuramoyl-pentapeptide_biosynthesis_II_(lysine-containing),PWY66-429:_fatty_acid_biosynthesis_initiation_(mitochondria),12
PWY-6386:_UDP-N-acetylmuramoyl-pentapeptide_biosynthesis_II_(lysine-containing),PYRIDNUCSYN-PWY:_NAD_de_novo_biosynthesis_I_(from_aspartate),8
PWY-6386:_UDP-N-acetylmuramoyl-pentapeptide_biosynthesis_II_(lysine-containing),PYRIDOXSYN-PWY:_pyridoxal_5'-phosphate_biosynthesis_I,7
PWY-6386:_UDP-N-acetylmuramoyl-pentapeptide_biosynthesis_II_(lysine-containing),RHAMCAT-PWY:_L-rhamnose_degradation_I,8
PWY-6386:_UDP-N-acetylmuramoyl-pentapeptide_biosynthesis_II_(lysine-containing),RIBOSYN2-PWY:_flavin_biosynthesis_I_(bacteria_and_plants),11
PWY-6386:_UDP-N-acetylmuramoyl-pentapeptide_biosynthesis_II_(lysine-containing),SALVADEHYPOX-PWY:_adenosine_nucleotides_degradation_II,1
PWY-6386:_UDP-N-acetylmuramoyl-pentapeptide_biosynthesis_II_(lysine-containing),SER-GLYSYN-PWY:_superpathway_of_L-serine_and_glycine_biosynthesis_I,16
PWY-6386:_UDP-N-acetylmuramoyl-pentapeptide_biosynthesis_II_(lysine-containing),THISYNARA-PWY:_superpathway_of_thiamine_diphosphate_biosynthesis_III_(eukaryotes),7
PWY-6386:_UDP-N-acetylmuramoyl-pentapeptide_biosynthesis_II_(lysine-containing),THRESYN-PWY:_superpathway_of_L-threonine_biosynthesis,7
PWY-6386:_UDP-N-acetylmuramoyl-pentapeptide_biosynthesis_II_(lysine-containing),TRNA-CHARGING-PWY:_tRNA_charging,17
PWY-6386:_UDP-N-acetylmuramoyl-pentapeptide_biosynthesis_II_(lysine-containing),UDPNAGSYN-PWY:_UDP-N-acetyl-D-glucosamine_biosynthesis_I,4
PWY-6386:_UDP-N-acetylmuramoyl-pentapeptide_biosynthesis_II_(lysine-containing),VALSYN-PWY:_L-valine_biosynthesis,21
PWY-6387:_UDP-N-acetylmuramoyl-pentapeptide_biosynthesis_I_(meso-diaminopimelate_containing),PWY-6507:_4-deoxy-L-threo-hex-4-enopyranuronate_degradation,1
PWY-6387:_UDP-N-acetylmuramoyl-pentapeptide_biosynthesis_I_(meso-diaminopimelate_containing),PWY-6519:_8-amino-7-oxononanoate_biosynthesis_I,1
PWY-6387:_UDP-N-acetylmuramoyl-pentapeptide_biosynthesis_I_(meso-diaminopimelate_containing),PWY-6527:_stachyose_degradation,3
PWY-6387:_UDP-N-acetylmuramoyl-pentapeptide_biosynthesis_I_(meso-diaminopimelate_containing),PWY-6572:_chondroitin_sulfate_degradation_I_(bacterial),1
PWY-6387:_UDP-N-acetylmuramoyl-pentapeptide_biosynthesis_I_(meso-diaminopimelate_containing),PWY-6606:_guanosine_nucleotides_degradation_II,1
PWY-6387:_UDP-N-acetylmuramoyl-pentapeptide_biosynthesis_I_(meso-diaminopimelate_containing),PWY-6608:_guanosine_nucleotides_degradation_III,5
PWY-6387:_UDP-N-acetylmuramoyl-pentapeptide_biosynthesis_I_(meso-diaminopimelate_containing),PWY-6609:_adenine_and_adenosine_salvage_III,25
PWY-6387:_UDP-N-acetylmuramoyl-pentapeptide_biosynthesis_I_(meso-diaminopimelate_containing),PWY-6628:_superpathway_of_L-phenylalanine_biosynthesis,1
PWY-6387:_UDP-N-acetylmuramoyl-pentapeptide_biosynthesis_I_(meso-diaminopimelate_containing),PWY-6700:_queuosine_biosynthesis_I_(de_novo),23
PWY-6387:_UDP-N-acetylmuramoyl-pentapeptide_biosynthesis_I_(meso-diaminopimelate_containing),PWY-6703:_preQ0_biosynthesis,15
PWY-6387:_UDP-N-acetylmuramoyl-pentapeptide_biosynthesis_I_(meso-diaminopimelate_containing),PWY-6731:_starch_degradation_III,1
PWY-6387:_UDP-N-acetylmuramoyl-pentapeptide_biosynthesis_I_(meso-diaminopimelate_containing),PWY-6823:_molybdopterin_biosynthesis,4
PWY-6387:_UDP-N-acetylmuramoyl-pentapeptide_biosynthesis_I_(meso-diaminopimelate_containing),PWY-6897:_thiamine_diphosphate_salvage_II,5
PWY-6387:_UDP-N-acetylmuramoyl-pentapeptide_biosynthesis_I_(meso-diaminopimelate_containing),PWY-6902:_chitin_degradation_II_(Vibrio),4
PWY-6387:_UDP-N-acetylmuramoyl-pentapeptide_biosynthesis_I_(meso-diaminopimelate_containing),PWY-6936:_seleno-amino_acid_biosynthesis_(plants),2
PWY-6387:_UDP-N-acetylmuramoyl-pentapeptide_biosynthesis_I_(meso-diaminopimelate_containing),PWY-7111:_pyruvate_fermentation_to_isobutanol_(engineered),9
PWY-6387:_UDP-N-acetylmuramoyl-pentapeptide_biosynthesis_I_(meso-diaminopimelate_containing),PWY-7199:_pyrimidine_deoxyribonucleosides_salvage,12
PWY-6387:_UDP-N-acetylmuramoyl-pentapeptide_biosynthesis_I_(meso-diaminopimelate_containing),PWY-7208:_superpathway_of_pyrimidine_nucleobases_salvage,1
PWY-6387:_UDP-N-acetylmuramoyl-pentapeptide_biosynthesis_I_(meso-diaminopimelate_containing),PWY-7220:_adenosine_deoxyribonucleotides_de_novo_biosynthesis_II,9
PWY-6387:_UDP-N-acetylmuramoyl-pentapeptide_biosynthesis_I_(meso-diaminopimelate_containing),PWY-7221:_guanosine_ribonucleotides_de_novo_biosynthesis,22
PWY-6387:_UDP-N-acetylmuramoyl-pentapeptide_biosynthesis_I_(meso-diaminopimelate_containing),PWY-7222:_guanosine_deoxyribonucleotides_de_novo_biosynthesis_II,9
PWY-6387:_UDP-N-acetylmuramoyl-pentapeptide_biosynthesis_I_(meso-diaminopimelate_containing),PWY-7228:_superpathway_of_guanosine_nucleotides_de_novo_biosynthesis_I,9
PWY-6387:_UDP-N-acetylmuramoyl-pentapeptide_biosynthesis_I_(meso-diaminopimelate_containing),PWY-7229:_superpathway_of_adenosine_nucleotides_de_novo_biosynthesis_I,9
PWY-6387:_UDP-N-acetylmuramoyl-pentapeptide_biosynthesis_I_(meso-diaminopimelate_containing),PWY-7234:_inosine-5'-phosphate_biosynthesis_III,3
PWY-6387:_UDP-N-acetylmuramoyl-pentapeptide_biosynthesis_I_(meso-diaminopimelate_containing),PWY-7237:_myo-,_chiro-_and_scyllo-inositol_degradation,9
PWY-6387:_UDP-N-acetylmuramoyl-pentapeptide_biosynthesis_I_(meso-diaminopimelate_containing),PWY-7238:_sucrose_biosynthesis_II,16
PWY-6387:_UDP-N-acetylmuramoyl-pentapeptide_biosynthesis_I_(meso-diaminopimelate_containing),PWY-7242:_D-fructuronate_degradation,1
PWY-6387:_UDP-N-acetylmuramoyl-pentapeptide_biosynthesis_I_(meso-diaminopimelate_containing),PWY-724:_superpathway_of_L-lysine,_L-threonine_and_L-methionine_biosynthesis_II,4
PWY-6387:_UDP-N-acetylmuramoyl-pentapeptide_biosynthesis_I_(meso-diaminopimelate_containing),PWY-7282:_4-amino-2-methyl-5-diphosphomethylpyrimidine_biosynthesis_II,3
PWY-6387:_UDP-N-acetylmuramoyl-pentapeptide_biosynthesis_I_(meso-diaminopimelate_containing),PWY-7312:_dTDP-&beta;-D-fucofuranose_biosynthesis,1
PWY-6387:_UDP-N-acetylmuramoyl-pentapeptide_biosynthesis_I_(meso-diaminopimelate_containing),PWY-7315:_dTDP-N-acetylthomosamine_biosynthesis,2
PWY-6387:_UDP-N-acetylmuramoyl-pentapeptide_biosynthesis_I_(meso-diaminopimelate_containing),PWY-7316:_dTDP-N-acetylviosamine_biosynthesis,1
PWY-6387:_UDP-N-acetylmuramoyl-pentapeptide_biosynthesis_I_(meso-diaminopimelate_containing),PWY-7357:_thiamine_phosphate_formation_from_pyrithiamine_and_oxythiamine_(yeast),9
PWY-6387:_UDP-N-acetylmuramoyl-pentapeptide_biosynthesis_I_(meso-diaminopimelate_containing),PWY-7560:_methylerythritol_phosphate_pathway_II,5
PWY-6387:_UDP-N-acetylmuramoyl-pentapeptide_biosynthesis_I_(meso-diaminopimelate_containing),PWY-7663:_gondoate_biosynthesis_(anaerobic),12
PWY-6387:_UDP-N-acetylmuramoyl-pentapeptide_biosynthesis_I_(meso-diaminopimelate_containing),PWY-7664:_oleate_biosynthesis_IV_(anaerobic),3
PWY-6387:_UDP-N-acetylmuramoyl-pentapeptide_biosynthesis_I_(meso-diaminopimelate_containing),PWY-7688:_dTDP-&alpha;-D-ravidosamine_and_dTDP-4-acetyl-&alpha;-D-ravidosamine_biosynthesis,1
PWY-6387:_UDP-N-acetylmuramoyl-pentapeptide_biosynthesis_I_(meso-diaminopimelate_containing),PWY-7790:_UMP_biosynthesis_II,22
PWY-6387:_UDP-N-acetylmuramoyl-pentapeptide_biosynthesis_I_(meso-diaminopimelate_containing),PWY-7791:_UMP_biosynthesis_III,22
PWY-6387:_UDP-N-acetylmuramoyl-pentapeptide_biosynthesis_I_(meso-diaminopimelate_containing),PWY-7851:_coenzyme_A_biosynthesis_II_(eukaryotic),20
PWY-6387:_UDP-N-acetylmuramoyl-pentapeptide_biosynthesis_I_(meso-diaminopimelate_containing),PWY-7953:_UDP-N-acetylmuramoyl-pentapeptide_biosynthesis_III_(meso-diaminopimelate_containing),24
PWY-6387:_UDP-N-acetylmuramoyl-pentapeptide_biosynthesis_I_(meso-diaminopimelate_containing),PWY-7977:_L-methionine_biosynthesis_IV,18
PWY-6387:_UDP-N-acetylmuramoyl-pentapeptide_biosynthesis_I_(meso-diaminopimelate_containing),PWY-8004:_Entner-Doudoroff_pathway_I,1
PWY-6387:_UDP-N-acetylmuramoyl-pentapeptide_biosynthesis_I_(meso-diaminopimelate_containing),PWY-8073:_lipid_IVA_biosynthesis_(P._putida),3
PWY-6387:_UDP-N-acetylmuramoyl-pentapeptide_biosynthesis_I_(meso-diaminopimelate_containing),PWY-8178:_pentose_phosphate_pathway_(non-oxidative_branch)_II,7
PWY-6387:_UDP-N-acetylmuramoyl-pentapeptide_biosynthesis_I_(meso-diaminopimelate_containing),PWY-8187:_L-arginine_degradation_XIII_(reductive_Stickland_reaction),1
PWY-6387:_UDP-N-acetylmuramoyl-pentapeptide_biosynthesis_I_(meso-diaminopimelate_containing),PWY0-1061:_superpathway_of_L-alanine_biosynthesis,2
PWY-6387:_UDP-N-acetylmuramoyl-pentapeptide_biosynthesis_I_(meso-diaminopimelate_containing),PWY0-1241:_ADP-L-glycero-&beta;-D-manno-heptose_biosynthesis,1
PWY-6387:_UDP-N-acetylmuramoyl-pentapeptide_biosynthesis_I_(meso-diaminopimelate_containing),PWY0-1296:_purine_ribonucleosides_degradation,7
PWY-6387:_UDP-N-acetylmuramoyl-pentapeptide_biosynthesis_I_(meso-diaminopimelate_containing),PWY0-1319:_CDP-diacylglycerol_biosynthesis_II,17
PWY-6387:_UDP-N-acetylmuramoyl-pentapeptide_biosynthesis_I_(meso-diaminopimelate_containing),PWY0-1586:_peptidoglycan_maturation_(meso-diaminopimelate_containing),11
PWY-6387:_UDP-N-acetylmuramoyl-pentapeptide_biosynthesis_I_(meso-diaminopimelate_containing),PWY0-162:_superpathway_of_pyrimidine_ribonucleotides_de_novo_biosynthesis,2
PWY-6387:_UDP-N-acetylmuramoyl-pentapeptide_biosynthesis_I_(meso-diaminopimelate_containing),PWY0-845:_superpathway_of_pyridoxal_5'-phosphate_biosynthesis_and_salvage,6
PWY-6387:_UDP-N-acetylmuramoyl-pentapeptide_biosynthesis_I_(meso-diaminopimelate_containing),PWY0-862:_(5Z)-dodecenoate_biosynthesis_I,3
PWY-6387:_UDP-N-acetylmuramoyl-pentapeptide_biosynthesis_I_(meso-diaminopimelate_containing),PWY4FS-7:_phosphatidylglycerol_biosynthesis_I_(plastidic),1
PWY-6387:_UDP-N-acetylmuramoyl-pentapeptide_biosynthesis_I_(meso-diaminopimelate_containing),PWY4FS-8:_phosphatidylglycerol_biosynthesis_II_(non-plastidic),1
PWY-6387:_UDP-N-acetylmuramoyl-pentapeptide_biosynthesis_I_(meso-diaminopimelate_containing),PWY66-429:_fatty_acid_biosynthesis_initiation_(mitochondria),11
PWY-6387:_UDP-N-acetylmuramoyl-pentapeptide_biosynthesis_I_(meso-diaminopimelate_containing),PYRIDNUCSYN-PWY:_NAD_de_novo_biosynthesis_I_(from_aspartate),10
PWY-6387:_UDP-N-acetylmuramoyl-pentapeptide_biosynthesis_I_(meso-diaminopimelate_containing),PYRIDOXSYN-PWY:_pyridoxal_5'-phosphate_biosynthesis_I,7
PWY-6387:_UDP-N-acetylmuramoyl-pentapeptide_biosynthesis_I_(meso-diaminopimelate_containing),RHAMCAT-PWY:_L-rhamnose_degradation_I,8
PWY-6387:_UDP-N-acetylmuramoyl-pentapeptide_biosynthesis_I_(meso-diaminopimelate_containing),RIBOSYN2-PWY:_flavin_biosynthesis_I_(bacteria_and_plants),11
PWY-6387:_UDP-N-acetylmuramoyl-pentapeptide_biosynthesis_I_(meso-diaminopimelate_containing),SALVADEHYPOX-PWY:_adenosine_nucleotides_degradation_II,1
PWY-6387:_UDP-N-acetylmuramoyl-pentapeptide_biosynthesis_I_(meso-diaminopimelate_containing),SER-GLYSYN-PWY:_superpathway_of_L-serine_and_glycine_biosynthesis_I,17
PWY-6387:_UDP-N-acetylmuramoyl-pentapeptide_biosynthesis_I_(meso-diaminopimelate_containing),THISYNARA-PWY:_superpathway_of_thiamine_diphosphate_biosynthesis_III_(eukaryotes),8
PWY-6387:_UDP-N-acetylmuramoyl-pentapeptide_biosynthesis_I_(meso-diaminopimelate_containing),THRESYN-PWY:_superpathway_of_L-threonine_biosynthesis,7
PWY-6387:_UDP-N-acetylmuramoyl-pentapeptide_biosynthesis_I_(meso-diaminopimelate_containing),TRNA-CHARGING-PWY:_tRNA_charging,17
PWY-6387:_UDP-N-acetylmuramoyl-pentapeptide_biosynthesis_I_(meso-diaminopimelate_containing),UDPNAGSYN-PWY:_UDP-N-acetyl-D-glucosamine_biosynthesis_I,6
PWY-6387:_UDP-N-acetylmuramoyl-pentapeptide_biosynthesis_I_(meso-diaminopimelate_containing),VALSYN-PWY:_L-valine_biosynthesis,23
PWY-6507:_4-deoxy-L-threo-hex-4-enopyranuronate_degradation,PWY-6527:_stachyose_degradation,1
PWY-6507:_4-deoxy-L-threo-hex-4-enopyranuronate_degradation,PWY-6608:_guanosine_nucleotides_degradation_III,1
PWY-6507:_4-deoxy-L-threo-hex-4-enopyranuronate_degradation,PWY-6609:_adenine_and_adenosine_salvage_III,1
PWY-6507:_4-deoxy-L-threo-hex-4-enopyranuronate_degradation,PWY-6700:_queuosine_biosynthesis_I_(de_novo),1
PWY-6507:_4-deoxy-L-threo-hex-4-enopyranuronate_degradation,PWY-6823:_molybdopterin_biosynthesis,1
PWY-6507:_4-deoxy-L-threo-hex-4-enopyranuronate_degradation,PWY-6897:_thiamine_diphosphate_salvage_II,1
PWY-6507:_4-deoxy-L-threo-hex-4-enopyranuronate_degradation,PWY-7111:_pyruvate_fermentation_to_isobutanol_(engineered),1
PWY-6507:_4-deoxy-L-threo-hex-4-enopyranuronate_degradation,PWY-7221:_guanosine_ribonucleotides_de_novo_biosynthesis,1
PWY-6507:_4-deoxy-L-threo-hex-4-enopyranuronate_degradation,PWY-7237:_myo-,_chiro-_and_scyllo-inositol_degradation,1
PWY-6507:_4-deoxy-L-threo-hex-4-enopyranuronate_degradation,PWY-7238:_sucrose_biosynthesis_II,1
PWY-6507:_4-deoxy-L-threo-hex-4-enopyranuronate_degradation,PWY-7242:_D-fructuronate_degradation,1
PWY-6507:_4-deoxy-L-threo-hex-4-enopyranuronate_degradation,PWY-724:_superpathway_of_L-lysine,_L-threonine_and_L-methionine_biosynthesis_II,1
PWY-6507:_4-deoxy-L-threo-hex-4-enopyranuronate_degradation,PWY-7357:_thiamine_phosphate_formation_from_pyrithiamine_and_oxythiamine_(yeast),1
PWY-6507:_4-deoxy-L-threo-hex-4-enopyranuronate_degradation,PWY-7790:_UMP_biosynthesis_II,1
PWY-6507:_4-deoxy-L-threo-hex-4-enopyranuronate_degradation,PWY-7791:_UMP_biosynthesis_III,1
PWY-6507:_4-deoxy-L-threo-hex-4-enopyranuronate_degradation,PWY-7851:_coenzyme_A_biosynthesis_II_(eukaryotic),1
PWY-6507:_4-deoxy-L-threo-hex-4-enopyranuronate_degradation,PWY-7977:_L-methionine_biosynthesis_IV,1
PWY-6507:_4-deoxy-L-threo-hex-4-enopyranuronate_degradation,PWY0-1296:_purine_ribonucleosides_degradation,1
PWY-6507:_4-deoxy-L-threo-hex-4-enopyranuronate_degradation,PWY0-1319:_CDP-diacylglycerol_biosynthesis_II,1
PWY-6507:_4-deoxy-L-threo-hex-4-enopyranuronate_degradation,RIBOSYN2-PWY:_flavin_biosynthesis_I_(bacteria_and_plants),1
PWY-6507:_4-deoxy-L-threo-hex-4-enopyranuronate_degradation,SALVADEHYPOX-PWY:_adenosine_nucleotides_degradation_II,1
PWY-6507:_4-deoxy-L-threo-hex-4-enopyranuronate_degradation,SER-GLYSYN-PWY:_superpathway_of_L-serine_and_glycine_biosynthesis_I,1
PWY-6507:_4-deoxy-L-threo-hex-4-enopyranuronate_degradation,THISYNARA-PWY:_superpathway_of_thiamine_diphosphate_biosynthesis_III_(eukaryotes),1
PWY-6507:_4-deoxy-L-threo-hex-4-enopyranuronate_degradation,THRESYN-PWY:_superpathway_of_L-threonine_biosynthesis,1
PWY-6507:_4-deoxy-L-threo-hex-4-enopyranuronate_degradation,TRNA-CHARGING-PWY:_tRNA_charging,1
PWY-6507:_4-deoxy-L-threo-hex-4-enopyranuronate_degradation,VALSYN-PWY:_L-valine_biosynthesis,1
PWY-6519:_8-amino-7-oxononanoate_biosynthesis_I,PWY-6609:_adenine_and_adenosine_salvage_III,1
PWY-6519:_8-amino-7-oxononanoate_biosynthesis_I,PWY-6700:_queuosine_biosynthesis_I_(de_novo),1
PWY-6519:_8-amino-7-oxononanoate_biosynthesis_I,PWY-6703:_preQ0_biosynthesis,1
PWY-6519:_8-amino-7-oxononanoate_biosynthesis_I,PWY-6902:_chitin_degradation_II_(Vibrio),1
PWY-6519:_8-amino-7-oxononanoate_biosynthesis_I,PWY-7199:_pyrimidine_deoxyribonucleosides_salvage,1
PWY-6519:_8-amino-7-oxononanoate_biosynthesis_I,PWY-7220:_adenosine_deoxyribonucleotides_de_novo_biosynthesis_II,1
PWY-6519:_8-amino-7-oxononanoate_biosynthesis_I,PWY-7221:_guanosine_ribonucleotides_de_novo_biosynthesis,1
PWY-6519:_8-amino-7-oxononanoate_biosynthesis_I,PWY-7222:_guanosine_deoxyribonucleotides_de_novo_biosynthesis_II,1
PWY-6519:_8-amino-7-oxononanoate_biosynthesis_I,PWY-7228:_superpathway_of_guanosine_nucleotides_de_novo_biosynthesis_I,1
PWY-6519:_8-amino-7-oxononanoate_biosynthesis_I,PWY-7229:_superpathway_of_adenosine_nucleotides_de_novo_biosynthesis_I,1
PWY-6519:_8-amino-7-oxononanoate_biosynthesis_I,PWY-7238:_sucrose_biosynthesis_II,1
PWY-6519:_8-amino-7-oxononanoate_biosynthesis_I,PWY-7316:_dTDP-N-acetylviosamine_biosynthesis,1
PWY-6519:_8-amino-7-oxononanoate_biosynthesis_I,PWY-7663:_gondoate_biosynthesis_(anaerobic),1
PWY-6519:_8-amino-7-oxononanoate_biosynthesis_I,PWY-7664:_oleate_biosynthesis_IV_(anaerobic),1
PWY-6519:_8-amino-7-oxononanoate_biosynthesis_I,PWY-7688:_dTDP-&alpha;-D-ravidosamine_and_dTDP-4-acetyl-&alpha;-D-ravidosamine_biosynthesis,1
PWY-6519:_8-amino-7-oxononanoate_biosynthesis_I,PWY-7790:_UMP_biosynthesis_II,1
PWY-6519:_8-amino-7-oxononanoate_biosynthesis_I,PWY-7791:_UMP_biosynthesis_III,1
PWY-6519:_8-amino-7-oxononanoate_biosynthesis_I,PWY-7851:_coenzyme_A_biosynthesis_II_(eukaryotic),1
PWY-6519:_8-amino-7-oxononanoate_biosynthesis_I,PWY-7953:_UDP-N-acetylmuramoyl-pentapeptide_biosynthesis_III_(meso-diaminopimelate_containing),1
PWY-6519:_8-amino-7-oxononanoate_biosynthesis_I,PWY-7977:_L-methionine_biosynthesis_IV,1
PWY-6519:_8-amino-7-oxononanoate_biosynthesis_I,PWY-8073:_lipid_IVA_biosynthesis_(P._putida),1
PWY-6519:_8-amino-7-oxononanoate_biosynthesis_I,PWY0-1319:_CDP-diacylglycerol_biosynthesis_II,1
PWY-6519:_8-amino-7-oxononanoate_biosynthesis_I,PWY0-862:_(5Z)-dodecenoate_biosynthesis_I,1
PWY-6519:_8-amino-7-oxononanoate_biosynthesis_I,PWY66-429:_fatty_acid_biosynthesis_initiation_(mitochondria),1
PWY-6519:_8-amino-7-oxononanoate_biosynthesis_I,PYRIDNUCSYN-PWY:_NAD_de_novo_biosynthesis_I_(from_aspartate),1
PWY-6519:_8-amino-7-oxononanoate_biosynthesis_I,RHAMCAT-PWY:_L-rhamnose_degradation_I,1
PWY-6519:_8-amino-7-oxononanoate_biosynthesis_I,RIBOSYN2-PWY:_flavin_biosynthesis_I_(bacteria_and_plants),1
PWY-6519:_8-amino-7-oxononanoate_biosynthesis_I,SER-GLYSYN-PWY:_superpathway_of_L-serine_and_glycine_biosynthesis_I,1
PWY-6519:_8-amino-7-oxononanoate_biosynthesis_I,TRNA-CHARGING-PWY:_tRNA_charging,1
PWY-6519:_8-amino-7-oxononanoate_biosynthesis_I,VALSYN-PWY:_L-valine_biosynthesis,1
PWY-6527:_stachyose_degradation,PWY-6606:_guanosine_nucleotides_degradation_II,1
PWY-6527:_stachyose_degradation,PWY-6608:_guanosine_nucleotides_degradation_III,2
PWY-6527:_stachyose_degradation,PWY-6609:_adenine_and_adenosine_salvage_III,4
PWY-6527:_stachyose_degradation,PWY-6630:_superpathway_of_L-tyrosine_biosynthesis,1
PWY-6527:_stachyose_degradation,PWY-6700:_queuosine_biosynthesis_I_(de_novo),4
PWY-6527:_stachyose_degradation,PWY-6703:_preQ0_biosynthesis,1
PWY-6527:_stachyose_degradation,PWY-6731:_starch_degradation_III,1
PWY-6527:_stachyose_degradation,PWY-6823:_molybdopterin_biosynthesis,2
PWY-6527:_stachyose_degradation,PWY-6897:_thiamine_diphosphate_salvage_II,1
PWY-6527:_stachyose_degradation,PWY-6902:_chitin_degradation_II_(Vibrio),1
PWY-6527:_stachyose_degradation,PWY-6936:_seleno-amino_acid_biosynthesis_(plants),2
PWY-6527:_stachyose_degradation,PWY-7111:_pyruvate_fermentation_to_isobutanol_(engineered),5
PWY-6527:_stachyose_degradation,PWY-7208:_superpathway_of_pyrimidine_nucleobases_salvage,2
PWY-6527:_stachyose_degradation,PWY-7221:_guanosine_ribonucleotides_de_novo_biosynthesis,4
PWY-6527:_stachyose_degradation,PWY-7237:_myo-,_chiro-_and_scyllo-inositol_degradation,2
PWY-6527:_stachyose_degradation,PWY-7238:_sucrose_biosynthesis_II,5
PWY-6527:_stachyose_degradation,PWY-7242:_D-fructuronate_degradation,1
PWY-6527:_stachyose_degradation,PWY-724:_superpathway_of_L-lysine,_L-threonine_and_L-methionine_biosynthesis_II,2
PWY-6527:_stachyose_degradation,PWY-7357:_thiamine_phosphate_formation_from_pyrithiamine_and_oxythiamine_(yeast),4
PWY-6527:_stachyose_degradation,PWY-7456:_&beta;-(1,4)-mannan_degradation,2
PWY-6527:_stachyose_degradation,PWY-7560:_methylerythritol_phosphate_pathway_II,1
PWY-6527:_stachyose_degradation,PWY-7790:_UMP_biosynthesis_II,4
PWY-6527:_stachyose_degradation,PWY-7791:_UMP_biosynthesis_III,4
PWY-6527:_stachyose_degradation,PWY-7851:_coenzyme_A_biosynthesis_II_(eukaryotic),3
PWY-6527:_stachyose_degradation,PWY-7953:_UDP-N-acetylmuramoyl-pentapeptide_biosynthesis_III_(meso-diaminopimelate_containing),2
PWY-6527:_stachyose_degradation,PWY-7977:_L-methionine_biosynthesis_IV,2
PWY-6527:_stachyose_degradation,PWY-8178:_pentose_phosphate_pathway_(non-oxidative_branch)_II,3
PWY-6527:_stachyose_degradation,PWY0-1296:_purine_ribonucleosides_degradation,3
PWY-6527:_stachyose_degradation,PWY0-1319:_CDP-diacylglycerol_biosynthesis_II,4
PWY-6527:_stachyose_degradation,PWY4FS-7:_phosphatidylglycerol_biosynthesis_I_(plastidic),1
PWY-6527:_stachyose_degradation,PWY4FS-8:_phosphatidylglycerol_biosynthesis_II_(non-plastidic),1
PWY-6527:_stachyose_degradation,PWY66-429:_fatty_acid_biosynthesis_initiation_(mitochondria),1
PWY-6527:_stachyose_degradation,PYRIDNUCSYN-PWY:_NAD_de_novo_biosynthesis_I_(from_aspartate),2
PWY-6527:_stachyose_degradation,RIBOSYN2-PWY:_flavin_biosynthesis_I_(bacteria_and_plants),1
PWY-6527:_stachyose_degradation,SALVADEHYPOX-PWY:_adenosine_nucleotides_degradation_II,1
PWY-6527:_stachyose_degradation,SER-GLYSYN-PWY:_superpathway_of_L-serine_and_glycine_biosynthesis_I,4
PWY-6527:_stachyose_degradation,THISYNARA-PWY:_superpathway_of_thiamine_diphosphate_biosynthesis_III_(eukaryotes),3
PWY-6527:_stachyose_degradation,THRESYN-PWY:_superpathway_of_L-threonine_biosynthesis,1
PWY-6527:_stachyose_degradation,TRNA-CHARGING-PWY:_tRNA_charging,1
PWY-6527:_stachyose_degradation,UDPNAGSYN-PWY:_UDP-N-acetyl-D-glucosamine_biosynthesis_I,2
PWY-6527:_stachyose_degradation,VALSYN-PWY:_L-valine_biosynthesis,5
PWY-6572:_chondroitin_sulfate_degradation_I_(bacterial),PWY-6609:_adenine_and_adenosine_salvage_III,1
PWY-6572:_chondroitin_sulfate_degradation_I_(bacterial),PWY-6700:_queuosine_biosynthesis_I_(de_novo),1
PWY-6572:_chondroitin_sulfate_degradation_I_(bacterial),PWY-6703:_preQ0_biosynthesis,1
PWY-6572:_chondroitin_sulfate_degradation_I_(bacterial),PWY-6902:_chitin_degradation_II_(Vibrio),1
PWY-6572:_chondroitin_sulfate_degradation_I_(bacterial),PWY-7199:_pyrimidine_deoxyribonucleosides_salvage,1
PWY-6572:_chondroitin_sulfate_degradation_I_(bacterial),PWY-7220:_adenosine_deoxyribonucleotides_de_novo_biosynthesis_II,1
PWY-6572:_chondroitin_sulfate_degradation_I_(bacterial),PWY-7221:_guanosine_ribonucleotides_de_novo_biosynthesis,1
PWY-6572:_chondroitin_sulfate_degradation_I_(bacterial),PWY-7222:_guanosine_deoxyribonucleotides_de_novo_biosynthesis_II,1
PWY-6572:_chondroitin_sulfate_degradation_I_(bacterial),PWY-7228:_superpathway_of_guanosine_nucleotides_de_novo_biosynthesis_I,1
PWY-6572:_chondroitin_sulfate_degradation_I_(bacterial),PWY-7229:_superpathway_of_adenosine_nucleotides_de_novo_biosynthesis_I,1
PWY-6572:_chondroitin_sulfate_degradation_I_(bacterial),PWY-7238:_sucrose_biosynthesis_II,1
PWY-6572:_chondroitin_sulfate_degradation_I_(bacterial),PWY-7560:_methylerythritol_phosphate_pathway_II,1
PWY-6572:_chondroitin_sulfate_degradation_I_(bacterial),PWY-7663:_gondoate_biosynthesis_(anaerobic),1
PWY-6572:_chondroitin_sulfate_degradation_I_(bacterial),PWY-7790:_UMP_biosynthesis_II,1
PWY-6572:_chondroitin_sulfate_degradation_I_(bacterial),PWY-7791:_UMP_biosynthesis_III,1
PWY-6572:_chondroitin_sulfate_degradation_I_(bacterial),PWY-7851:_coenzyme_A_biosynthesis_II_(eukaryotic),1
PWY-6572:_chondroitin_sulfate_degradation_I_(bacterial),PWY-7953:_UDP-N-acetylmuramoyl-pentapeptide_biosynthesis_III_(meso-diaminopimelate_containing),1
PWY-6572:_chondroitin_sulfate_degradation_I_(bacterial),PWY-7977:_L-methionine_biosynthesis_IV,1
PWY-6572:_chondroitin_sulfate_degradation_I_(bacterial),PWY0-1319:_CDP-diacylglycerol_biosynthesis_II,1
PWY-6572:_chondroitin_sulfate_degradation_I_(bacterial),PWY0-1586:_peptidoglycan_maturation_(meso-diaminopimelate_containing),1
PWY-6572:_chondroitin_sulfate_degradation_I_(bacterial),PWY0-162:_superpathway_of_pyrimidine_ribonucleotides_de_novo_biosynthesis,1
PWY-6572:_chondroitin_sulfate_degradation_I_(bacterial),PWY0-845:_superpathway_of_pyridoxal_5'-phosphate_biosynthesis_and_salvage,1
PWY-6572:_chondroitin_sulfate_degradation_I_(bacterial),PWY66-429:_fatty_acid_biosynthesis_initiation_(mitochondria),1
PWY-6572:_chondroitin_sulfate_degradation_I_(bacterial),PYRIDOXSYN-PWY:_pyridoxal_5'-phosphate_biosynthesis_I,1
PWY-6572:_chondroitin_sulfate_degradation_I_(bacterial),RHAMCAT-PWY:_L-rhamnose_degradation_I,1
PWY-6572:_chondroitin_sulfate_degradation_I_(bacterial),RIBOSYN2-PWY:_flavin_biosynthesis_I_(bacteria_and_plants),1
PWY-6572:_chondroitin_sulfate_degradation_I_(bacterial),SER-GLYSYN-PWY:_superpathway_of_L-serine_and_glycine_biosynthesis_I,1
PWY-6572:_chondroitin_sulfate_degradation_I_(bacterial),TRNA-CHARGING-PWY:_tRNA_charging,1
PWY-6572:_chondroitin_sulfate_degradation_I_(bacterial),VALSYN-PWY:_L-valine_biosynthesis,1
PWY-6606:_guanosine_nucleotides_degradation_II,PWY-6608:_guanosine_nucleotides_degradation_III,1
PWY-6606:_guanosine_nucleotides_degradation_II,PWY-6700:_queuosine_biosynthesis_I_(de_novo),1
PWY-6606:_guanosine_nucleotides_degradation_II,PWY-7111:_pyruvate_fermentation_to_isobutanol_(engineered),1
PWY-6606:_guanosine_nucleotides_degradation_II,PWY-7208:_superpathway_of_pyrimidine_nucleobases_salvage,1
PWY-6606:_guanosine_nucleotides_degradation_II,PWY-7221:_guanosine_ribonucleotides_de_novo_biosynthesis,1
PWY-6606:_guanosine_nucleotides_degradation_II,PWY-7237:_myo-,_chiro-_and_scyllo-inositol_degradation,1
PWY-6606:_guanosine_nucleotides_degradation_II,PWY-7238:_sucrose_biosynthesis_II,1
PWY-6606:_guanosine_nucleotides_degradation_II,PWY-724:_superpathway_of_L-lysine,_L-threonine_and_L-methionine_biosynthesis_II,1
PWY-6606:_guanosine_nucleotides_degradation_II,PWY-7357:_thiamine_phosphate_formation_from_pyrithiamine_and_oxythiamine_(yeast),1
PWY-6606:_guanosine_nucleotides_degradation_II,PWY-7790:_UMP_biosynthesis_II,1
PWY-6606:_guanosine_nucleotides_degradation_II,PWY-7791:_UMP_biosynthesis_III,1
PWY-6606:_guanosine_nucleotides_degradation_II,PWY-7851:_coenzyme_A_biosynthesis_II_(eukaryotic),1
PWY-6606:_guanosine_nucleotides_degradation_II,PWY-7953:_UDP-N-acetylmuramoyl-pentapeptide_biosynthesis_III_(meso-diaminopimelate_containing),1
PWY-6606:_guanosine_nucleotides_degradation_II,PWY-8178:_pentose_phosphate_pathway_(non-oxidative_branch)_II,1
PWY-6606:_guanosine_nucleotides_degradation_II,PWY0-1319:_CDP-diacylglycerol_biosynthesis_II,1
PWY-6606:_guanosine_nucleotides_degradation_II,PWY4FS-7:_phosphatidylglycerol_biosynthesis_I_(plastidic),1
PWY-6606:_guanosine_nucleotides_degradation_II,PWY4FS-8:_phosphatidylglycerol_biosynthesis_II_(non-plastidic),1
PWY-6606:_guanosine_nucleotides_degradation_II,PYRIDNUCSYN-PWY:_NAD_de_novo_biosynthesis_I_(from_aspartate),1
PWY-6606:_guanosine_nucleotides_degradation_II,SER-GLYSYN-PWY:_superpathway_of_L-serine_and_glycine_biosynthesis_I,1
PWY-6606:_guanosine_nucleotides_degradation_II,THISYNARA-PWY:_superpathway_of_thiamine_diphosphate_biosynthesis_III_(eukaryotes),1
PWY-6606:_guanosine_nucleotides_degradation_II,VALSYN-PWY:_L-valine_biosynthesis,1
PWY-6608:_guanosine_nucleotides_degradation_III,PWY-6609:_adenine_and_adenosine_salvage_III,4
PWY-6608:_guanosine_nucleotides_degradation_III,PWY-6700:_queuosine_biosynthesis_I_(de_novo),5
PWY-6608:_guanosine_nucleotides_degradation_III,PWY-6703:_preQ0_biosynthesis,3
PWY-6608:_guanosine_nucleotides_degradation_III,PWY-6823:_molybdopterin_biosynthesis,1
PWY-6608:_guanosine_nucleotides_degradation_III,PWY-6897:_thiamine_diphosphate_salvage_II,3
PWY-6608:_guanosine_nucleotides_degradation_III,PWY-7111:_pyruvate_fermentation_to_isobutanol_(engineered),2
PWY-6608:_guanosine_nucleotides_degradation_III,PWY-7199:_pyrimidine_deoxyribonucleosides_salvage,3
PWY-6608:_guanosine_nucleotides_degradation_III,PWY-7208:_superpathway_of_pyrimidine_nucleobases_salvage,1
PWY-6608:_guanosine_nucleotides_degradation_III,PWY-7220:_adenosine_deoxyribonucleotides_de_novo_biosynthesis_II,3
PWY-6608:_guanosine_nucleotides_degradation_III,PWY-7221:_guanosine_ribonucleotides_de_novo_biosynthesis,5
PWY-6608:_guanosine_nucleotides_degradation_III,PWY-7222:_guanosine_deoxyribonucleotides_de_novo_biosynthesis_II,3
PWY-6608:_guanosine_nucleotides_degradation_III,PWY-7228:_superpathway_of_guanosine_nucleotides_de_novo_biosynthesis_I,3
PWY-6608:_guanosine_nucleotides_degradation_III,PWY-7229:_superpathway_of_adenosine_nucleotides_de_novo_biosynthesis_I,3
PWY-6608:_guanosine_nucleotides_degradation_III,PWY-7237:_myo-,_chiro-_and_scyllo-inositol_degradation,4
PWY-6608:_guanosine_nucleotides_degradation_III,PWY-7238:_sucrose_biosynthesis_II,2
PWY-6608:_guanosine_nucleotides_degradation_III,PWY-7242:_D-fructuronate_degradation,1
PWY-6608:_guanosine_nucleotides_degradation_III,PWY-724:_superpathway_of_L-lysine,_L-threonine_and_L-methionine_biosynthesis_II,2
PWY-6608:_guanosine_nucleotides_degradation_III,PWY-7282:_4-amino-2-methyl-5-diphosphomethylpyrimidine_biosynthesis_II,2
PWY-6608:_guanosine_nucleotides_degradation_III,PWY-7357:_thiamine_phosphate_formation_from_pyrithiamine_and_oxythiamine_(yeast),4
PWY-6608:_guanosine_nucleotides_degradation_III,PWY-7560:_methylerythritol_phosphate_pathway_II,2
PWY-6608:_guanosine_nucleotides_degradation_III,PWY-7663:_gondoate_biosynthesis_(anaerobic),3
PWY-6608:_guanosine_nucleotides_degradation_III,PWY-7790:_UMP_biosynthesis_II,5
PWY-6608:_guanosine_nucleotides_degradation_III,PWY-7791:_UMP_biosynthesis_III,5
PWY-6608:_guanosine_nucleotides_degradation_III,PWY-7851:_coenzyme_A_biosynthesis_II_(eukaryotic),5
PWY-6608:_guanosine_nucleotides_degradation_III,PWY-7953:_UDP-N-acetylmuramoyl-pentapeptide_biosynthesis_III_(meso-diaminopimelate_containing),4
PWY-6608:_guanosine_nucleotides_degradation_III,PWY-7977:_L-methionine_biosynthesis_IV,4
PWY-6608:_guanosine_nucleotides_degradation_III,PWY-8178:_pentose_phosphate_pathway_(non-oxidative_branch)_II,2
PWY-6608:_guanosine_nucleotides_degradation_III,PWY0-1296:_purine_ribonucleosides_degradation,1
PWY-6608:_guanosine_nucleotides_degradation_III,PWY0-1319:_CDP-diacylglycerol_biosynthesis_II,5
PWY-6608:_guanosine_nucleotides_degradation_III,PWY0-1586:_peptidoglycan_maturation_(meso-diaminopimelate_containing),2
PWY-6608:_guanosine_nucleotides_degradation_III,PWY0-162:_superpathway_of_pyrimidine_ribonucleotides_de_novo_biosynthesis,1
PWY-6608:_guanosine_nucleotides_degradation_III,PWY0-845:_superpathway_of_pyridoxal_5'-phosphate_biosynthesis_and_salvage,3
PWY-6608:_guanosine_nucleotides_degradation_III,PWY4FS-7:_phosphatidylglycerol_biosynthesis_I_(plastidic),1
PWY-6608:_guanosine_nucleotides_degradation_III,PWY4FS-8:_phosphatidylglycerol_biosynthesis_II_(non-plastidic),1
PWY-6608:_guanosine_nucleotides_degradation_III,PWY66-429:_fatty_acid_biosynthesis_initiation_(mitochondria),3
PWY-6608:_guanosine_nucleotides_degradation_III,PYRIDNUCSYN-PWY:_NAD_de_novo_biosynthesis_I_(from_aspartate),3
PWY-6608:_guanosine_nucleotides_degradation_III,PYRIDOXSYN-PWY:_pyridoxal_5'-phosphate_biosynthesis_I,3
PWY-6608:_guanosine_nucleotides_degradation_III,RHAMCAT-PWY:_L-rhamnose_degradation_I,3
PWY-6608:_guanosine_nucleotides_degradation_III,RIBOSYN2-PWY:_flavin_biosynthesis_I_(bacteria_and_plants),3
PWY-6608:_guanosine_nucleotides_degradation_III,SALVADEHYPOX-PWY:_adenosine_nucleotides_degradation_II,1
PWY-6608:_guanosine_nucleotides_degradation_III,SER-GLYSYN-PWY:_superpathway_of_L-serine_and_glycine_biosynthesis_I,5
PWY-6608:_guanosine_nucleotides_degradation_III,THISYNARA-PWY:_superpathway_of_thiamine_diphosphate_biosynthesis_III_(eukaryotes),4
PWY-6608:_guanosine_nucleotides_degradation_III,THRESYN-PWY:_superpathway_of_L-threonine_biosynthesis,1
PWY-6608:_guanosine_nucleotides_degradation_III,TRNA-CHARGING-PWY:_tRNA_charging,4
PWY-6608:_guanosine_nucleotides_degradation_III,VALSYN-PWY:_L-valine_biosynthesis,5
PWY-6609:_adenine_and_adenosine_salvage_III,PWY-6628:_superpathway_of_L-phenylalanine_biosynthesis,1
PWY-6609:_adenine_and_adenosine_salvage_III,PWY-6630:_superpathway_of_L-tyrosine_biosynthesis,1
PWY-6609:_adenine_and_adenosine_salvage_III,PWY-6700:_queuosine_biosynthesis_I_(de_novo),23
PWY-6609:_adenine_and_adenosine_salvage_III,PWY-6703:_preQ0_biosynthesis,15
PWY-6609:_adenine_and_adenosine_salvage_III,PWY-6731:_starch_degradation_III,2
PWY-6609:_adenine_and_adenosine_salvage_III,PWY-6823:_molybdopterin_biosynthesis,4
PWY-6609:_adenine_and_adenosine_salvage_III,PWY-6897:_thiamine_diphosphate_salvage_II,6
PWY-6609:_adenine_and_adenosine_salvage_III,PWY-6902:_chitin_degradation_II_(Vibrio),5
PWY-6609:_adenine_and_adenosine_salvage_III,PWY-6936:_seleno-amino_acid_biosynthesis_(plants),2
PWY-6609:_adenine_and_adenosine_salvage_III,PWY-7111:_pyruvate_fermentation_to_isobutanol_(engineered),9
PWY-6609:_adenine_and_adenosine_salvage_III,PWY-7199:_pyrimidine_deoxyribonucleosides_salvage,12
PWY-6609:_adenine_and_adenosine_salvage_III,PWY-7208:_superpathway_of_pyrimidine_nucleobases_salvage,1
PWY-6609:_adenine_and_adenosine_salvage_III,PWY-7220:_adenosine_deoxyribonucleotides_de_novo_biosynthesis_II,8
PWY-6609:_adenine_and_adenosine_salvage_III,PWY-7221:_guanosine_ribonucleotides_de_novo_biosynthesis,22
PWY-6609:_adenine_and_adenosine_salvage_III,PWY-7222:_guanosine_deoxyribonucleotides_de_novo_biosynthesis_II,8
PWY-6609:_adenine_and_adenosine_salvage_III,PWY-7228:_superpathway_of_guanosine_nucleotides_de_novo_biosynthesis_I,8
PWY-6609:_adenine_and_adenosine_salvage_III,PWY-7229:_superpathway_of_adenosine_nucleotides_de_novo_biosynthesis_I,8
PWY-6609:_adenine_and_adenosine_salvage_III,PWY-7234:_inosine-5'-phosphate_biosynthesis_III,3
PWY-6609:_adenine_and_adenosine_salvage_III,PWY-7237:_myo-,_chiro-_and_scyllo-inositol_degradation,9
PWY-6609:_adenine_and_adenosine_salvage_III,PWY-7238:_sucrose_biosynthesis_II,16
PWY-6609:_adenine_and_adenosine_salvage_III,PWY-7242:_D-fructuronate_degradation,1
PWY-6609:_adenine_and_adenosine_salvage_III,PWY-724:_superpathway_of_L-lysine,_L-threonine_and_L-methionine_biosynthesis_II,3
PWY-6609:_adenine_and_adenosine_salvage_III,PWY-7282:_4-amino-2-methyl-5-diphosphomethylpyrimidine_biosynthesis_II,3
PWY-6609:_adenine_and_adenosine_salvage_III,PWY-7312:_dTDP-&beta;-D-fucofuranose_biosynthesis,1
PWY-6609:_adenine_and_adenosine_salvage_III,PWY-7315:_dTDP-N-acetylthomosamine_biosynthesis,2
PWY-6609:_adenine_and_adenosine_salvage_III,PWY-7316:_dTDP-N-acetylviosamine_biosynthesis,1
PWY-6609:_adenine_and_adenosine_salvage_III,PWY-7357:_thiamine_phosphate_formation_from_pyrithiamine_and_oxythiamine_(yeast),10
PWY-6609:_adenine_and_adenosine_salvage_III,PWY-7456:_&beta;-(1,4)-mannan_degradation,1
PWY-6609:_adenine_and_adenosine_salvage_III,PWY-7560:_methylerythritol_phosphate_pathway_II,7
PWY-6609:_adenine_and_adenosine_salvage_III,PWY-7663:_gondoate_biosynthesis_(anaerobic),11
PWY-6609:_adenine_and_adenosine_salvage_III,PWY-7664:_oleate_biosynthesis_IV_(anaerobic),3
PWY-6609:_adenine_and_adenosine_salvage_III,PWY-7688:_dTDP-&alpha;-D-ravidosamine_and_dTDP-4-acetyl-&alpha;-D-ravidosamine_biosynthesis,1
PWY-6609:_adenine_and_adenosine_salvage_III,PWY-7790:_UMP_biosynthesis_II,21
PWY-6609:_adenine_and_adenosine_salvage_III,PWY-7791:_UMP_biosynthesis_III,21
PWY-6609:_adenine_and_adenosine_salvage_III,PWY-7851:_coenzyme_A_biosynthesis_II_(eukaryotic),19
PWY-6609:_adenine_and_adenosine_salvage_III,PWY-7953:_UDP-N-acetylmuramoyl-pentapeptide_biosynthesis_III_(meso-diaminopimelate_containing),21
PWY-6609:_adenine_and_adenosine_salvage_III,PWY-7977:_L-methionine_biosynthesis_IV,20
PWY-6609:_adenine_and_adenosine_salvage_III,PWY-8004:_Entner-Doudoroff_pathway_I,1
PWY-6609:_adenine_and_adenosine_salvage_III,PWY-8073:_lipid_IVA_biosynthesis_(P._putida),3
PWY-6609:_adenine_and_adenosine_salvage_III,PWY-8178:_pentose_phosphate_pathway_(non-oxidative_branch)_II,7
PWY-6609:_adenine_and_adenosine_salvage_III,PWY0-1061:_superpathway_of_L-alanine_biosynthesis,2
PWY-6609:_adenine_and_adenosine_salvage_III,PWY0-1241:_ADP-L-glycero-&beta;-D-manno-heptose_biosynthesis,1
PWY-6609:_adenine_and_adenosine_salvage_III,PWY0-1296:_purine_ribonucleosides_degradation,8
PWY-6609:_adenine_and_adenosine_salvage_III,PWY0-1319:_CDP-diacylglycerol_biosynthesis_II,18
PWY-6609:_adenine_and_adenosine_salvage_III,PWY0-1586:_peptidoglycan_maturation_(meso-diaminopimelate_containing),10
PWY-6609:_adenine_and_adenosine_salvage_III,PWY0-162:_superpathway_of_pyrimidine_ribonucleotides_de_novo_biosynthesis,2
PWY-6609:_adenine_and_adenosine_salvage_III,PWY0-845:_superpathway_of_pyridoxal_5'-phosphate_biosynthesis_and_salvage,6
PWY-6609:_adenine_and_adenosine_salvage_III,PWY0-862:_(5Z)-dodecenoate_biosynthesis_I,3
PWY-6609:_adenine_and_adenosine_salvage_III,PWY66-429:_fatty_acid_biosynthesis_initiation_(mitochondria),12
PWY-6609:_adenine_and_adenosine_salvage_III,PYRIDNUCSYN-PWY:_NAD_de_novo_biosynthesis_I_(from_aspartate),11
PWY-6609:_adenine_and_adenosine_salvage_III,PYRIDOXSYN-PWY:_pyridoxal_5'-phosphate_biosynthesis_I,7
PWY-6609:_adenine_and_adenosine_salvage_III,RHAMCAT-PWY:_L-rhamnose_degradation_I,9
PWY-6609:_adenine_and_adenosine_salvage_III,RIBOSYN2-PWY:_flavin_biosynthesis_I_(bacteria_and_plants),10
PWY-6609:_adenine_and_adenosine_salvage_III,SALVADEHYPOX-PWY:_adenosine_nucleotides_degradation_II,1
PWY-6609:_adenine_and_adenosine_salvage_III,SER-GLYSYN-PWY:_superpathway_of_L-serine_and_glycine_biosynthesis_I,18
PWY-6609:_adenine_and_adenosine_salvage_III,THISYNARA-PWY:_superpathway_of_thiamine_diphosphate_biosynthesis_III_(eukaryotes),8
PWY-6609:_adenine_and_adenosine_salvage_III,THRESYN-PWY:_superpathway_of_L-threonine_biosynthesis,7
PWY-6609:_adenine_and_adenosine_salvage_III,TRNA-CHARGING-PWY:_tRNA_charging,18
PWY-6609:_adenine_and_adenosine_salvage_III,UDPNAGSYN-PWY:_UDP-N-acetyl-D-glucosamine_biosynthesis_I,6
PWY-6609:_adenine_and_adenosine_salvage_III,VALSYN-PWY:_L-valine_biosynthesis,22
PWY-6628:_superpathway_of_L-phenylalanine_biosynthesis,PWY-6700:_queuosine_biosynthesis_I_(de_novo),1
PWY-6628:_superpathway_of_L-phenylalanine_biosynthesis,PWY-6703:_preQ0_biosynthesis,1
PWY-6628:_superpathway_of_L-phenylalanine_biosynthesis,PWY-7111:_pyruvate_fermentation_to_isobutanol_(engineered),1
PWY-6628:_superpathway_of_L-phenylalanine_biosynthesis,PWY-7560:_methylerythritol_phosphate_pathway_II,1
PWY-6628:_superpathway_of_L-phenylalanine_biosynthesis,PWY-7790:_UMP_biosynthesis_II,1
PWY-6628:_superpathway_of_L-phenylalanine_biosynthesis,PWY-7791:_UMP_biosynthesis_III,1
PWY-6628:_superpathway_of_L-phenylalanine_biosynthesis,PWY-7851:_coenzyme_A_biosynthesis_II_(eukaryotic),1
PWY-6628:_superpathway_of_L-phenylalanine_biosynthesis,PWY-7953:_UDP-N-acetylmuramoyl-pentapeptide_biosynthesis_III_(meso-diaminopimelate_containing),1
PWY-6628:_superpathway_of_L-phenylalanine_biosynthesis,PWY0-1241:_ADP-L-glycero-&beta;-D-manno-heptose_biosynthesis,1
PWY-6628:_superpathway_of_L-phenylalanine_biosynthesis,PWY0-1296:_purine_ribonucleosides_degradation,1
PWY-6628:_superpathway_of_L-phenylalanine_biosynthesis,RIBOSYN2-PWY:_flavin_biosynthesis_I_(bacteria_and_plants),1
PWY-6628:_superpathway_of_L-phenylalanine_biosynthesis,THRESYN-PWY:_superpathway_of_L-threonine_biosynthesis,1
PWY-6628:_superpathway_of_L-phenylalanine_biosynthesis,UDPNAGSYN-PWY:_UDP-N-acetyl-D-glucosamine_biosynthesis_I,1
PWY-6628:_superpathway_of_L-phenylalanine_biosynthesis,VALSYN-PWY:_L-valine_biosynthesis,1
PWY-6630:_superpathway_of_L-tyrosine_biosynthesis,PWY-6700:_queuosine_biosynthesis_I_(de_novo),1
PWY-6630:_superpathway_of_L-tyrosine_biosynthesis,PWY-7111:_pyruvate_fermentation_to_isobutanol_(engineered),1
PWY-6630:_superpathway_of_L-tyrosine_biosynthesis,PWY-7208:_superpathway_of_pyrimidine_nucleobases_salvage,1
PWY-6630:_superpathway_of_L-tyrosine_biosynthesis,PWY-7221:_guanosine_ribonucleotides_de_novo_biosynthesis,1
PWY-6630:_superpathway_of_L-tyrosine_biosynthesis,PWY-7238:_sucrose_biosynthesis_II,1
PWY-6630:_superpathway_of_L-tyrosine_biosynthesis,PWY-7357:_thiamine_phosphate_formation_from_pyrithiamine_and_oxythiamine_(yeast),1
PWY-6630:_superpathway_of_L-tyrosine_biosynthesis,PWY-7456:_&beta;-(1,4)-mannan_degradation,1
PWY-6630:_superpathway_of_L-tyrosine_biosynthesis,PWY-7790:_UMP_biosynthesis_II,1
PWY-6630:_superpathway_of_L-tyrosine_biosynthesis,PWY-7791:_UMP_biosynthesis_III,1
PWY-6630:_superpathway_of_L-tyrosine_biosynthesis,PWY-7977:_L-methionine_biosynthesis_IV,1
PWY-6630:_superpathway_of_L-tyrosine_biosynthesis,PWY-8178:_pentose_phosphate_pathway_(non-oxidative_branch)_II,1
PWY-6630:_superpathway_of_L-tyrosine_biosynthesis,PWY0-1319:_CDP-diacylglycerol_biosynthesis_II,1
PWY-6630:_superpathway_of_L-tyrosine_biosynthesis,PWY66-429:_fatty_acid_biosynthesis_initiation_(mitochondria),1
PWY-6630:_superpathway_of_L-tyrosine_biosynthesis,SER-GLYSYN-PWY:_superpathway_of_L-serine_and_glycine_biosynthesis_I,1
PWY-6630:_superpathway_of_L-tyrosine_biosynthesis,UDPNAGSYN-PWY:_UDP-N-acetyl-D-glucosamine_biosynthesis_I,1
PWY-6630:_superpathway_of_L-tyrosine_biosynthesis,VALSYN-PWY:_L-valine_biosynthesis,1
PWY-6700:_queuosine_biosynthesis_I_(de_novo),PWY-6703:_preQ0_biosynthesis,16
PWY-6700:_queuosine_biosynthesis_I_(de_novo),PWY-6731:_starch_degradation_III,1
PWY-6700:_queuosine_biosynthesis_I_(de_novo),PWY-6823:_molybdopterin_biosynthesis,3
PWY-6700:_queuosine_biosynthesis_I_(de_novo),PWY-6897:_thiamine_diphosphate_salvage_II,7
PWY-6700:_queuosine_biosynthesis_I_(de_novo),PWY-6902:_chitin_degradation_II_(Vibrio),4
PWY-6700:_queuosine_biosynthesis_I_(de_novo),PWY-6936:_seleno-amino_acid_biosynthesis_(plants),2
PWY-6700:_queuosine_biosynthesis_I_(de_novo),PWY-7111:_pyruvate_fermentation_to_isobutanol_(engineered),10
PWY-6700:_queuosine_biosynthesis_I_(de_novo),PWY-7197:_pyrimidine_deoxyribonucleotide_phosphorylation,1
PWY-6700:_queuosine_biosynthesis_I_(de_novo),PWY-7199:_pyrimidine_deoxyribonucleosides_salvage,12
PWY-6700:_queuosine_biosynthesis_I_(de_novo),PWY-7208:_superpathway_of_pyrimidine_nucleobases_salvage,2
PWY-6700:_queuosine_biosynthesis_I_(de_novo),PWY-7220:_adenosine_deoxyribonucleotides_de_novo_biosynthesis_II,10
PWY-6700:_queuosine_biosynthesis_I_(de_novo),PWY-7221:_guanosine_ribonucleotides_de_novo_biosynthesis,20
PWY-6700:_queuosine_biosynthesis_I_(de_novo),PWY-7222:_guanosine_deoxyribonucleotides_de_novo_biosynthesis_II,10
PWY-6700:_queuosine_biosynthesis_I_(de_novo),PWY-7228:_superpathway_of_guanosine_nucleotides_de_novo_biosynthesis_I,10
PWY-6700:_queuosine_biosynthesis_I_(de_novo),PWY-7229:_superpathway_of_adenosine_nucleotides_de_novo_biosynthesis_I,10
PWY-6700:_queuosine_biosynthesis_I_(de_novo),PWY-7237:_myo-,_chiro-_and_scyllo-inositol_degradation,10
PWY-6700:_queuosine_biosynthesis_I_(de_novo),PWY-7238:_sucrose_biosynthesis_II,16
PWY-6700:_queuosine_biosynthesis_I_(de_novo),PWY-7242:_D-fructuronate_degradation,1
PWY-6700:_queuosine_biosynthesis_I_(de_novo),PWY-724:_superpathway_of_L-lysine,_L-threonine_and_L-methionine_biosynthesis_II,4
PWY-6700:_queuosine_biosynthesis_I_(de_novo),PWY-7282:_4-amino-2-methyl-5-diphosphomethylpyrimidine_biosynthesis_II,3
PWY-6700:_queuosine_biosynthesis_I_(de_novo),PWY-7312:_dTDP-&beta;-D-fucofuranose_biosynthesis,1
PWY-6700:_queuosine_biosynthesis_I_(de_novo),PWY-7315:_dTDP-N-acetylthomosamine_biosynthesis,2
PWY-6700:_queuosine_biosynthesis_I_(de_novo),PWY-7316:_dTDP-N-acetylviosamine_biosynthesis,1
PWY-6700:_queuosine_biosynthesis_I_(de_novo),PWY-7357:_thiamine_phosphate_formation_from_pyrithiamine_and_oxythiamine_(yeast),11
PWY-6700:_queuosine_biosynthesis_I_(de_novo),PWY-7456:_&beta;-(1,4)-mannan_degradation,2
PWY-6700:_queuosine_biosynthesis_I_(de_novo),PWY-7560:_methylerythritol_phosphate_pathway_II,6
PWY-6700:_queuosine_biosynthesis_I_(de_novo),PWY-7663:_gondoate_biosynthesis_(anaerobic),10
PWY-6700:_queuosine_biosynthesis_I_(de_novo),PWY-7664:_oleate_biosynthesis_IV_(anaerobic),1
PWY-6700:_queuosine_biosynthesis_I_(de_novo),PWY-7688:_dTDP-&alpha;-D-ravidosamine_and_dTDP-4-acetyl-&alpha;-D-ravidosamine_biosynthesis,1
PWY-6700:_queuosine_biosynthesis_I_(de_novo),PWY-7790:_UMP_biosynthesis_II,19
PWY-6700:_queuosine_biosynthesis_I_(de_novo),PWY-7791:_UMP_biosynthesis_III,19
PWY-6700:_queuosine_biosynthesis_I_(de_novo),PWY-7851:_coenzyme_A_biosynthesis_II_(eukaryotic),18
PWY-6700:_queuosine_biosynthesis_I_(de_novo),PWY-7953:_UDP-N-acetylmuramoyl-pentapeptide_biosynthesis_III_(meso-diaminopimelate_containing),19
PWY-6700:_queuosine_biosynthesis_I_(de_novo),PWY-7977:_L-methionine_biosynthesis_IV,17
PWY-6700:_queuosine_biosynthesis_I_(de_novo),PWY-8004:_Entner-Doudoroff_pathway_I,1
PWY-6700:_queuosine_biosynthesis_I_(de_novo),PWY-8073:_lipid_IVA_biosynthesis_(P._putida),3
PWY-6700:_queuosine_biosynthesis_I_(de_novo),PWY-8178:_pentose_phosphate_pathway_(non-oxidative_branch)_II,7
PWY-6700:_queuosine_biosynthesis_I_(de_novo),PWY-8187:_L-arginine_degradation_XIII_(reductive_Stickland_reaction),1
PWY-6700:_queuosine_biosynthesis_I_(de_novo),PWY0-1061:_superpathway_of_L-alanine_biosynthesis,2
PWY-6700:_queuosine_biosynthesis_I_(de_novo),PWY0-1241:_ADP-L-glycero-&beta;-D-manno-heptose_biosynthesis,1
PWY-6700:_queuosine_biosynthesis_I_(de_novo),PWY0-1296:_purine_ribonucleosides_degradation,6
PWY-6700:_queuosine_biosynthesis_I_(de_novo),PWY0-1319:_CDP-diacylglycerol_biosynthesis_II,16
PWY-6700:_queuosine_biosynthesis_I_(de_novo),PWY0-1479:_tRNA_processing,1
PWY-6700:_queuosine_biosynthesis_I_(de_novo),PWY0-1586:_peptidoglycan_maturation_(meso-diaminopimelate_containing),12
PWY-6700:_queuosine_biosynthesis_I_(de_novo),PWY0-162:_superpathway_of_pyrimidine_ribonucleotides_de_novo_biosynthesis,2
PWY-6700:_queuosine_biosynthesis_I_(de_novo),PWY0-845:_superpathway_of_pyridoxal_5'-phosphate_biosynthesis_and_salvage,6
PWY-6700:_queuosine_biosynthesis_I_(de_novo),PWY0-862:_(5Z)-dodecenoate_biosynthesis_I,1
PWY-6700:_queuosine_biosynthesis_I_(de_novo),PWY4FS-7:_phosphatidylglycerol_biosynthesis_I_(plastidic),1
PWY-6700:_queuosine_biosynthesis_I_(de_novo),PWY4FS-8:_phosphatidylglycerol_biosynthesis_II_(non-plastidic),1
PWY-6700:_queuosine_biosynthesis_I_(de_novo),PWY66-429:_fatty_acid_biosynthesis_initiation_(mitochondria),12
PWY-6700:_queuosine_biosynthesis_I_(de_novo),PYRIDNUCSYN-PWY:_NAD_de_novo_biosynthesis_I_(from_aspartate),10
PWY-6700:_queuosine_biosynthesis_I_(de_novo),PYRIDOXSYN-PWY:_pyridoxal_5'-phosphate_biosynthesis_I,7
PWY-6700:_queuosine_biosynthesis_I_(de_novo),RHAMCAT-PWY:_L-rhamnose_degradation_I,9
PWY-6700:_queuosine_biosynthesis_I_(de_novo),RIBOSYN2-PWY:_flavin_biosynthesis_I_(bacteria_and_plants),11
PWY-6700:_queuosine_biosynthesis_I_(de_novo),SALVADEHYPOX-PWY:_adenosine_nucleotides_degradation_II,1
PWY-6700:_queuosine_biosynthesis_I_(de_novo),SER-GLYSYN-PWY:_superpathway_of_L-serine_and_glycine_biosynthesis_I,14
PWY-6700:_queuosine_biosynthesis_I_(de_novo),THISYNARA-PWY:_superpathway_of_thiamine_diphosphate_biosynthesis_III_(eukaryotes),8
PWY-6700:_queuosine_biosynthesis_I_(de_novo),THRESYN-PWY:_superpathway_of_L-threonine_biosynthesis,7
PWY-6700:_queuosine_biosynthesis_I_(de_novo),TRNA-CHARGING-PWY:_tRNA_charging,16
PWY-6700:_queuosine_biosynthesis_I_(de_novo),UDPNAGSYN-PWY:_UDP-N-acetyl-D-glucosamine_biosynthesis_I,8
PWY-6700:_queuosine_biosynthesis_I_(de_novo),VALSYN-PWY:_L-valine_biosynthesis,22
PWY-6703:_preQ0_biosynthesis,PWY-6731:_starch_degradation_III,1
PWY-6703:_preQ0_biosynthesis,PWY-6897:_thiamine_diphosphate_salvage_II,4
PWY-6703:_preQ0_biosynthesis,PWY-6902:_chitin_degradation_II_(Vibrio),4
PWY-6703:_preQ0_biosynthesis,PWY-6936:_seleno-amino_acid_biosynthesis_(plants),2
PWY-6703:_preQ0_biosynthesis,PWY-7111:_pyruvate_fermentation_to_isobutanol_(engineered),5
PWY-6703:_preQ0_biosynthesis,PWY-7199:_pyrimidine_deoxyribonucleosides_salvage,10
PWY-6703:_preQ0_biosynthesis,PWY-7220:_adenosine_deoxyribonucleotides_de_novo_biosynthesis_II,9
PWY-6703:_preQ0_biosynthesis,PWY-7221:_guanosine_ribonucleotides_de_novo_biosynthesis,14
PWY-6703:_preQ0_biosynthesis,PWY-7222:_guanosine_deoxyribonucleotides_de_novo_biosynthesis_II,9
PWY-6703:_preQ0_biosynthesis,PWY-7228:_superpathway_of_guanosine_nucleotides_de_novo_biosynthesis_I,9
PWY-6703:_preQ0_biosynthesis,PWY-7229:_superpathway_of_adenosine_nucleotides_de_novo_biosynthesis_I,9
PWY-6703:_preQ0_biosynthesis,PWY-7234:_inosine-5'-phosphate_biosynthesis_III,1
PWY-6703:_preQ0_biosynthesis,PWY-7237:_myo-,_chiro-_and_scyllo-inositol_degradation,5
PWY-6703:_preQ0_biosynthesis,PWY-7238:_sucrose_biosynthesis_II,6
PWY-6703:_preQ0_biosynthesis,PWY-724:_superpathway_of_L-lysine,_L-threonine_and_L-methionine_biosynthesis_II,2
PWY-6703:_preQ0_biosynthesis,PWY-7282:_4-amino-2-methyl-5-diphosphomethylpyrimidine_biosynthesis_II,3
PWY-6703:_preQ0_biosynthesis,PWY-7312:_dTDP-&beta;-D-fucofuranose_biosynthesis,1
PWY-6703:_preQ0_biosynthesis,PWY-7315:_dTDP-N-acetylthomosamine_biosynthesis,1
PWY-6703:_preQ0_biosynthesis,PWY-7316:_dTDP-N-acetylviosamine_biosynthesis,1
PWY-6703:_preQ0_biosynthesis,PWY-7357:_thiamine_phosphate_formation_from_pyrithiamine_and_oxythiamine_(yeast),5
PWY-6703:_preQ0_biosynthesis,PWY-7456:_&beta;-(1,4)-mannan_degradation,1
PWY-6703:_preQ0_biosynthesis,PWY-7560:_methylerythritol_phosphate_pathway_II,6
PWY-6703:_preQ0_biosynthesis,PWY-7663:_gondoate_biosynthesis_(anaerobic),10
PWY-6703:_preQ0_biosynthesis,PWY-7664:_oleate_biosynthesis_IV_(anaerobic),1
PWY-6703:_preQ0_biosynthesis,PWY-7688:_dTDP-&alpha;-D-ravidosamine_and_dTDP-4-acetyl-&alpha;-D-ravidosamine_biosynthesis,1
PWY-6703:_preQ0_biosynthesis,PWY-7790:_UMP_biosynthesis_II,14
PWY-6703:_preQ0_biosynthesis,PWY-7791:_UMP_biosynthesis_III,14
PWY-6703:_preQ0_biosynthesis,PWY-7851:_coenzyme_A_biosynthesis_II_(eukaryotic),15
PWY-6703:_preQ0_biosynthesis,PWY-7953:_UDP-N-acetylmuramoyl-pentapeptide_biosynthesis_III_(meso-diaminopimelate_containing),15
PWY-6703:_preQ0_biosynthesis,PWY-7977:_L-methionine_biosynthesis_IV,15
PWY-6703:_preQ0_biosynthesis,PWY-8004:_Entner-Doudoroff_pathway_I,1
PWY-6703:_preQ0_biosynthesis,PWY-8073:_lipid_IVA_biosynthesis_(P._putida),3
PWY-6703:_preQ0_biosynthesis,PWY-8178:_pentose_phosphate_pathway_(non-oxidative_branch)_II,3
PWY-6703:_preQ0_biosynthesis,PWY-8187:_L-arginine_degradation_XIII_(reductive_Stickland_reaction),1
PWY-6703:_preQ0_biosynthesis,PWY0-1241:_ADP-L-glycero-&beta;-D-manno-heptose_biosynthesis,1
PWY-6703:_preQ0_biosynthesis,PWY0-1296:_purine_ribonucleosides_degradation,1
PWY-6703:_preQ0_biosynthesis,PWY0-1319:_CDP-diacylglycerol_biosynthesis_II,11
PWY-6703:_preQ0_biosynthesis,PWY0-1586:_peptidoglycan_maturation_(meso-diaminopimelate_containing),10
PWY-6703:_preQ0_biosynthesis,PWY0-162:_superpathway_of_pyrimidine_ribonucleotides_de_novo_biosynthesis,2
PWY-6703:_preQ0_biosynthesis,PWY0-845:_superpathway_of_pyridoxal_5'-phosphate_biosynthesis_and_salvage,6
PWY-6703:_preQ0_biosynthesis,PWY0-862:_(5Z)-dodecenoate_biosynthesis_I,1
PWY-6703:_preQ0_biosynthesis,PWY66-429:_fatty_acid_biosynthesis_initiation_(mitochondria),11
PWY-6703:_preQ0_biosynthesis,PYRIDNUCSYN-PWY:_NAD_de_novo_biosynthesis_I_(from_aspartate),10
PWY-6703:_preQ0_biosynthesis,PYRIDOXSYN-PWY:_pyridoxal_5'-phosphate_biosynthesis_I,7
PWY-6703:_preQ0_biosynthesis,RHAMCAT-PWY:_L-rhamnose_degradation_I,9
PWY-6703:_preQ0_biosynthesis,RIBOSYN2-PWY:_flavin_biosynthesis_I_(bacteria_and_plants),8
PWY-6703:_preQ0_biosynthesis,SER-GLYSYN-PWY:_superpathway_of_L-serine_and_glycine_biosynthesis_I,11
PWY-6703:_preQ0_biosynthesis,THISYNARA-PWY:_superpathway_of_thiamine_diphosphate_biosynthesis_III_(eukaryotes),4
PWY-6703:_preQ0_biosynthesis,THRESYN-PWY:_superpathway_of_L-threonine_biosynthesis,5
PWY-6703:_preQ0_biosynthesis,TRNA-CHARGING-PWY:_tRNA_charging,13
PWY-6703:_preQ0_biosynthesis,UDPNAGSYN-PWY:_UDP-N-acetyl-D-glucosamine_biosynthesis_I,2
PWY-6703:_preQ0_biosynthesis,VALSYN-PWY:_L-valine_biosynthesis,15
PWY-6731:_starch_degradation_III,PWY-6902:_chitin_degradation_II_(Vibrio),1
PWY-6731:_starch_degradation_III,PWY-6936:_seleno-amino_acid_biosynthesis_(plants),1
PWY-6731:_starch_degradation_III,PWY-7221:_guanosine_ribonucleotides_de_novo_biosynthesis,1
PWY-6731:_starch_degradation_III,PWY-7237:_myo-,_chiro-_and_scyllo-inositol_degradation,1
PWY-6731:_starch_degradation_III,PWY-7238:_sucrose_biosynthesis_II,1
PWY-6731:_starch_degradation_III,PWY-724:_superpathway_of_L-lysine,_L-threonine_and_L-methionine_biosynthesis_II,1
PWY-6731:_starch_degradation_III,PWY-7357:_thiamine_phosphate_formation_from_pyrithiamine_and_oxythiamine_(yeast),1
PWY-6731:_starch_degradation_III,PWY-7560:_methylerythritol_phosphate_pathway_II,1
PWY-6731:_starch_degradation_III,PWY-7953:_UDP-N-acetylmuramoyl-pentapeptide_biosynthesis_III_(meso-diaminopimelate_containing),1
PWY-6731:_starch_degradation_III,PWY-7977:_L-methionine_biosynthesis_IV,1
PWY-6731:_starch_degradation_III,PWY-8178:_pentose_phosphate_pathway_(non-oxidative_branch)_II,1
PWY-6731:_starch_degradation_III,PWY0-1296:_purine_ribonucleosides_degradation,1
PWY-6731:_starch_degradation_III,PWY0-1319:_CDP-diacylglycerol_biosynthesis_II,1
PWY-6731:_starch_degradation_III,PWY0-1586:_peptidoglycan_maturation_(meso-diaminopimelate_containing),1
PWY-6731:_starch_degradation_III,PWY66-429:_fatty_acid_biosynthesis_initiation_(mitochondria),1
PWY-6823:_molybdopterin_biosynthesis,PWY-6897:_thiamine_diphosphate_salvage_II,2
PWY-6823:_molybdopterin_biosynthesis,PWY-6936:_seleno-amino_acid_biosynthesis_(plants),1
PWY-6823:_molybdopterin_biosynthesis,PWY-7111:_pyruvate_fermentation_to_isobutanol_(engineered),4
PWY-6823:_molybdopterin_biosynthesis,PWY-7221:_guanosine_ribonucleotides_de_novo_biosynthesis,4
PWY-6823:_molybdopterin_biosynthesis,PWY-7237:_myo-,_chiro-_and_scyllo-inositol_degradation,3
PWY-6823:_molybdopterin_biosynthesis,PWY-7238:_sucrose_biosynthesis_II,4
PWY-6823:_molybdopterin_biosynthesis,PWY-7242:_D-fructuronate_degradation,1
PWY-6823:_molybdopterin_biosynthesis,PWY-724:_superpathway_of_L-lysine,_L-threonine_and_L-methionine_biosynthesis_II,1
PWY-6823:_molybdopterin_biosynthesis,PWY-7315:_dTDP-N-acetylthomosamine_biosynthesis,1
PWY-6823:_molybdopterin_biosynthesis,PWY-7357:_thiamine_phosphate_formation_from_pyrithiamine_and_oxythiamine_(yeast),4
PWY-6823:_molybdopterin_biosynthesis,PWY-7790:_UMP_biosynthesis_II,4
PWY-6823:_molybdopterin_biosynthesis,PWY-7791:_UMP_biosynthesis_III,4
PWY-6823:_molybdopterin_biosynthesis,PWY-7851:_coenzyme_A_biosynthesis_II_(eukaryotic),4
PWY-6823:_molybdopterin_biosynthesis,PWY-7953:_UDP-N-acetylmuramoyl-pentapeptide_biosynthesis_III_(meso-diaminopimelate_containing),3
PWY-6823:_molybdopterin_biosynthesis,PWY-7977:_L-methionine_biosynthesis_IV,2
PWY-6823:_molybdopterin_biosynthesis,PWY-8178:_pentose_phosphate_pathway_(non-oxidative_branch)_II,3
PWY-6823:_molybdopterin_biosynthesis,PWY0-1061:_superpathway_of_L-alanine_biosynthesis,2
PWY-6823:_molybdopterin_biosynthesis,PWY0-1296:_purine_ribonucleosides_degradation,4
PWY-6823:_molybdopterin_biosynthesis,PWY0-1319:_CDP-diacylglycerol_biosynthesis_II,4
PWY-6823:_molybdopterin_biosynthesis,PWY0-1586:_peptidoglycan_maturation_(meso-diaminopimelate_containing),1
PWY-6823:_molybdopterin_biosynthesis,RIBOSYN2-PWY:_flavin_biosynthesis_I_(bacteria_and_plants),3
PWY-6823:_molybdopterin_biosynthesis,SALVADEHYPOX-PWY:_adenosine_nucleotides_degradation_II,1
PWY-6823:_molybdopterin_biosynthesis,SER-GLYSYN-PWY:_superpathway_of_L-serine_and_glycine_biosynthesis_I,3
PWY-6823:_molybdopterin_biosynthesis,THISYNARA-PWY:_superpathway_of_thiamine_diphosphate_biosynthesis_III_(eukaryotes),4
PWY-6823:_molybdopterin_biosynthesis,THRESYN-PWY:_superpathway_of_L-threonine_biosynthesis,2
PWY-6823:_molybdopterin_biosynthesis,TRNA-CHARGING-PWY:_tRNA_charging,3
PWY-6823:_molybdopterin_biosynthesis,VALSYN-PWY:_L-valine_biosynthesis,4
PWY-6897:_thiamine_diphosphate_salvage_II,PWY-6902:_chitin_degradation_II_(Vibrio),1
PWY-6897:_thiamine_diphosphate_salvage_II,PWY-7111:_pyruvate_fermentation_to_isobutanol_(engineered),3
PWY-6897:_thiamine_diphosphate_salvage_II,PWY-7197:_pyrimidine_deoxyribonucleotide_phosphorylation,1
PWY-6897:_thiamine_diphosphate_salvage_II,PWY-7199:_pyrimidine_deoxyribonucleosides_salvage,3
PWY-6897:_thiamine_diphosphate_salvage_II,PWY-7220:_adenosine_deoxyribonucleotides_de_novo_biosynthesis_II,3
PWY-6897:_thiamine_diphosphate_salvage_II,PWY-7221:_guanosine_ribonucleotides_de_novo_biosynthesis,7
PWY-6897:_thiamine_diphosphate_salvage_II,PWY-7222:_guanosine_deoxyribonucleotides_de_novo_biosynthesis_II,3
PWY-6897:_thiamine_diphosphate_salvage_II,PWY-7228:_superpathway_of_guanosine_nucleotides_de_novo_biosynthesis_I,3
PWY-6897:_thiamine_diphosphate_salvage_II,PWY-7229:_superpathway_of_adenosine_nucleotides_de_novo_biosynthesis_I,3
PWY-6897:_thiamine_diphosphate_salvage_II,PWY-7237:_myo-,_chiro-_and_scyllo-inositol_degradation,5
PWY-6897:_thiamine_diphosphate_salvage_II,PWY-7238:_sucrose_biosynthesis_II,3
PWY-6897:_thiamine_diphosphate_salvage_II,PWY-7242:_D-fructuronate_degradation,1
PWY-6897:_thiamine_diphosphate_salvage_II,PWY-724:_superpathway_of_L-lysine,_L-threonine_and_L-methionine_biosynthesis_II,2
PWY-6897:_thiamine_diphosphate_salvage_II,PWY-7282:_4-amino-2-methyl-5-diphosphomethylpyrimidine_biosynthesis_II,3
PWY-6897:_thiamine_diphosphate_salvage_II,PWY-7315:_dTDP-N-acetylthomosamine_biosynthesis,2
PWY-6897:_thiamine_diphosphate_salvage_II,PWY-7357:_thiamine_phosphate_formation_from_pyrithiamine_and_oxythiamine_(yeast),7
PWY-6897:_thiamine_diphosphate_salvage_II,PWY-7560:_methylerythritol_phosphate_pathway_II,3
PWY-6897:_thiamine_diphosphate_salvage_II,PWY-7663:_gondoate_biosynthesis_(anaerobic),3
PWY-6897:_thiamine_diphosphate_salvage_II,PWY-7790:_UMP_biosynthesis_II,5
PWY-6897:_thiamine_diphosphate_salvage_II,PWY-7791:_UMP_biosynthesis_III,5
PWY-6897:_thiamine_diphosphate_salvage_II,PWY-7851:_coenzyme_A_biosynthesis_II_(eukaryotic),6
PWY-6897:_thiamine_diphosphate_salvage_II,PWY-7953:_UDP-N-acetylmuramoyl-pentapeptide_biosynthesis_III_(meso-diaminopimelate_containing),4
PWY-6897:_thiamine_diphosphate_salvage_II,PWY-7977:_L-methionine_biosynthesis_IV,5
PWY-6897:_thiamine_diphosphate_salvage_II,PWY-8073:_lipid_IVA_biosynthesis_(P._putida),1
PWY-6897:_thiamine_diphosphate_salvage_II,PWY-8178:_pentose_phosphate_pathway_(non-oxidative_branch)_II,2
PWY-6897:_thiamine_diphosphate_salvage_II,PWY0-1061:_superpathway_of_L-alanine_biosynthesis,1
PWY-6897:_thiamine_diphosphate_salvage_II,PWY0-1296:_purine_ribonucleosides_degradation,2
PWY-6897:_thiamine_diphosphate_salvage_II,PWY0-1319:_CDP-diacylglycerol_biosynthesis_II,6
PWY-6897:_thiamine_diphosphate_salvage_II,PWY0-1479:_tRNA_processing,1
PWY-6897:_thiamine_diphosphate_salvage_II,PWY0-1586:_peptidoglycan_maturation_(meso-diaminopimelate_containing),6
PWY-6897:_thiamine_diphosphate_salvage_II,PWY0-162:_superpathway_of_pyrimidine_ribonucleotides_de_novo_biosynthesis,1
PWY-6897:_thiamine_diphosphate_salvage_II,PWY0-845:_superpathway_of_pyridoxal_5'-phosphate_biosynthesis_and_salvage,3
PWY-6897:_thiamine_diphosphate_salvage_II,PWY66-429:_fatty_acid_biosynthesis_initiation_(mitochondria),3
PWY-6897:_thiamine_diphosphate_salvage_II,PYRIDNUCSYN-PWY:_NAD_de_novo_biosynthesis_I_(from_aspartate),4
PWY-6897:_thiamine_diphosphate_salvage_II,PYRIDOXSYN-PWY:_pyridoxal_5'-phosphate_biosynthesis_I,3
PWY-6897:_thiamine_diphosphate_salvage_II,RHAMCAT-PWY:_L-rhamnose_degradation_I,4
PWY-6897:_thiamine_diphosphate_salvage_II,RIBOSYN2-PWY:_flavin_biosynthesis_I_(bacteria_and_plants),3
PWY-6897:_thiamine_diphosphate_salvage_II,SALVADEHYPOX-PWY:_adenosine_nucleotides_degradation_II,1
PWY-6897:_thiamine_diphosphate_salvage_II,SER-GLYSYN-PWY:_superpathway_of_L-serine_and_glycine_biosynthesis_I,4
PWY-6897:_thiamine_diphosphate_salvage_II,THISYNARA-PWY:_superpathway_of_thiamine_diphosphate_biosynthesis_III_(eukaryotes),6
PWY-6897:_thiamine_diphosphate_salvage_II,THRESYN-PWY:_superpathway_of_L-threonine_biosynthesis,2
PWY-6897:_thiamine_diphosphate_salvage_II,TRNA-CHARGING-PWY:_tRNA_charging,6
PWY-6897:_thiamine_diphosphate_salvage_II,UDPNAGSYN-PWY:_UDP-N-acetyl-D-glucosamine_biosynthesis_I,1
PWY-6897:_thiamine_diphosphate_salvage_II,VALSYN-PWY:_L-valine_biosynthesis,6
PWY-6902:_chitin_degradation_II_(Vibrio),PWY-7111:_pyruvate_fermentation_to_isobutanol_(engineered),1
PWY-6902:_chitin_degradation_II_(Vibrio),PWY-7199:_pyrimidine_deoxyribonucleosides_salvage,4
PWY-6902:_chitin_degradation_II_(Vibrio),PWY-7220:_adenosine_deoxyribonucleotides_de_novo_biosynthesis_II,3
PWY-6902:_chitin_degradation_II_(Vibrio),PWY-7221:_guanosine_ribonucleotides_de_novo_biosynthesis,5
PWY-6902:_chitin_degradation_II_(Vibrio),PWY-7222:_guanosine_deoxyribonucleotides_de_novo_biosynthesis_II,3
PWY-6902:_chitin_degradation_II_(Vibrio),PWY-7228:_superpathway_of_guanosine_nucleotides_de_novo_biosynthesis_I,3
PWY-6902:_chitin_degradation_II_(Vibrio),PWY-7229:_superpathway_of_adenosine_nucleotides_de_novo_biosynthesis_I,2
PWY-6902:_chitin_degradation_II_(Vibrio),PWY-7238:_sucrose_biosynthesis_II,5
PWY-6902:_chitin_degradation_II_(Vibrio),PWY-724:_superpathway_of_L-lysine,_L-threonine_and_L-methionine_biosynthesis_II,1
PWY-6902:_chitin_degradation_II_(Vibrio),PWY-7282:_4-amino-2-methyl-5-diphosphomethylpyrimidine_biosynthesis_II,1
PWY-6902:_chitin_degradation_II_(Vibrio),PWY-7312:_dTDP-&beta;-D-fucofuranose_biosynthesis,1
PWY-6902:_chitin_degradation_II_(Vibrio),PWY-7315:_dTDP-N-acetylthomosamine_biosynthesis,1
PWY-6902:_chitin_degradation_II_(Vibrio),PWY-7316:_dTDP-N-acetylviosamine_biosynthesis,1
PWY-6902:_chitin_degradation_II_(Vibrio),PWY-7357:_thiamine_phosphate_formation_from_pyrithiamine_and_oxythiamine_(yeast),1
PWY-6902:_chitin_degradation_II_(Vibrio),PWY-7560:_methylerythritol_phosphate_pathway_II,2
PWY-6902:_chitin_degradation_II_(Vibrio),PWY-7663:_gondoate_biosynthesis_(anaerobic),4
PWY-6902:_chitin_degradation_II_(Vibrio),PWY-7664:_oleate_biosynthesis_IV_(anaerobic),1
PWY-6902:_chitin_degradation_II_(Vibrio),PWY-7688:_dTDP-&alpha;-D-ravidosamine_and_dTDP-4-acetyl-&alpha;-D-ravidosamine_biosynthesis,2
PWY-6902:_chitin_degradation_II_(Vibrio),PWY-7790:_UMP_biosynthesis_II,4
PWY-6902:_chitin_degradation_II_(Vibrio),PWY-7791:_UMP_biosynthesis_III,4
PWY-6902:_chitin_degradation_II_(Vibrio),PWY-7851:_coenzyme_A_biosynthesis_II_(eukaryotic),4
PWY-6902:_chitin_degradation_II_(Vibrio),PWY-7953:_UDP-N-acetylmuramoyl-pentapeptide_biosynthesis_III_(meso-diaminopimelate_containing),4
PWY-6902:_chitin_degradation_II_(Vibrio),PWY-7977:_L-methionine_biosynthesis_IV,5
PWY-6902:_chitin_degradation_II_(Vibrio),PWY-8073:_lipid_IVA_biosynthesis_(P._putida),4
PWY-6902:_chitin_degradation_II_(Vibrio),PWY0-1296:_purine_ribonucleosides_degradation,1
PWY-6902:_chitin_degradation_II_(Vibrio),PWY0-1319:_CDP-diacylglycerol_biosynthesis_II,4
PWY-6902:_chitin_degradation_II_(Vibrio),PWY0-1586:_peptidoglycan_maturation_(meso-diaminopimelate_containing),3
PWY-6902:_chitin_degradation_II_(Vibrio),PWY0-162:_superpathway_of_pyrimidine_ribonucleotides_de_novo_biosynthesis,1
PWY-6902:_chitin_degradation_II_(Vibrio),PWY0-845:_superpathway_of_pyridoxal_5'-phosphate_biosynthesis_and_salvage,2
PWY-6902:_chitin_degradation_II_(Vibrio),PWY0-862:_(5Z)-dodecenoate_biosynthesis_I,1
PWY-6902:_chitin_degradation_II_(Vibrio),PWY66-429:_fatty_acid_biosynthesis_initiation_(mitochondria),4
PWY-6902:_chitin_degradation_II_(Vibrio),PYRIDNUCSYN-PWY:_NAD_de_novo_biosynthesis_I_(from_aspartate),2
PWY-6902:_chitin_degradation_II_(Vibrio),PYRIDOXSYN-PWY:_pyridoxal_5'-phosphate_biosynthesis_I,3
PWY-6902:_chitin_degradation_II_(Vibrio),RHAMCAT-PWY:_L-rhamnose_degradation_I,3
PWY-6902:_chitin_degradation_II_(Vibrio),RIBOSYN2-PWY:_flavin_biosynthesis_I_(bacteria_and_plants),2
PWY-6902:_chitin_degradation_II_(Vibrio),SER-GLYSYN-PWY:_superpathway_of_L-serine_and_glycine_biosynthesis_I,4
PWY-6902:_chitin_degradation_II_(Vibrio),THISYNARA-PWY:_superpathway_of_thiamine_diphosphate_biosynthesis_III_(eukaryotes),1
PWY-6902:_chitin_degradation_II_(Vibrio),THRESYN-PWY:_superpathway_of_L-threonine_biosynthesis,3
PWY-6902:_chitin_degradation_II_(Vibrio),TRNA-CHARGING-PWY:_tRNA_charging,3
PWY-6902:_chitin_degradation_II_(Vibrio),VALSYN-PWY:_L-valine_biosynthesis,5
PWY-6936:_seleno-amino_acid_biosynthesis_(plants),PWY-7111:_pyruvate_fermentation_to_isobutanol_(engineered),2
PWY-6936:_seleno-amino_acid_biosynthesis_(plants),PWY-7221:_guanosine_ribonucleotides_de_novo_biosynthesis,2
PWY-6936:_seleno-amino_acid_biosynthesis_(plants),PWY-7237:_myo-,_chiro-_and_scyllo-inositol_degradation,1
PWY-6936:_seleno-amino_acid_biosynthesis_(plants),PWY-7238:_sucrose_biosynthesis_II,3
PWY-6936:_seleno-amino_acid_biosynthesis_(plants),PWY-724:_superpathway_of_L-lysine,_L-threonine_and_L-methionine_biosynthesis_II,1
PWY-6936:_seleno-amino_acid_biosynthesis_(plants),PWY-7357:_thiamine_phosphate_formation_from_pyrithiamine_and_oxythiamine_(yeast),2
PWY-6936:_seleno-amino_acid_biosynthesis_(plants),PWY-7456:_&beta;-(1,4)-mannan_degradation,1
PWY-6936:_seleno-amino_acid_biosynthesis_(plants),PWY-7790:_UMP_biosynthesis_II,1
PWY-6936:_seleno-amino_acid_biosynthesis_(plants),PWY-7791:_UMP_biosynthesis_III,1
PWY-6936:_seleno-amino_acid_biosynthesis_(plants),PWY-7851:_coenzyme_A_biosynthesis_II_(eukaryotic),1
PWY-6936:_seleno-amino_acid_biosynthesis_(plants),PWY-7953:_UDP-N-acetylmuramoyl-pentapeptide_biosynthesis_III_(meso-diaminopimelate_containing),2
PWY-6936:_seleno-amino_acid_biosynthesis_(plants),PWY-7977:_L-methionine_biosynthesis_IV,1
PWY-6936:_seleno-amino_acid_biosynthesis_(plants),PWY-8178:_pentose_phosphate_pathway_(non-oxidative_branch)_II,2
PWY-6936:_seleno-amino_acid_biosynthesis_(plants),PWY0-1296:_purine_ribonucleosides_degradation,1
PWY-6936:_seleno-amino_acid_biosynthesis_(plants),PWY0-1319:_CDP-diacylglycerol_biosynthesis_II,2
PWY-6936:_seleno-amino_acid_biosynthesis_(plants),PWY0-1586:_peptidoglycan_maturation_(meso-diaminopimelate_containing),1
PWY-6936:_seleno-amino_acid_biosynthesis_(plants),PWY66-429:_fatty_acid_biosynthesis_initiation_(mitochondria),1
PWY-6936:_seleno-amino_acid_biosynthesis_(plants),PYRIDNUCSYN-PWY:_NAD_de_novo_biosynthesis_I_(from_aspartate),1
PWY-6936:_seleno-amino_acid_biosynthesis_(plants),SER-GLYSYN-PWY:_superpathway_of_L-serine_and_glycine_biosynthesis_I,1
PWY-6936:_seleno-amino_acid_biosynthesis_(plants),THISYNARA-PWY:_superpathway_of_thiamine_diphosphate_biosynthesis_III_(eukaryotes),1
PWY-6936:_seleno-amino_acid_biosynthesis_(plants),UDPNAGSYN-PWY:_UDP-N-acetyl-D-glucosamine_biosynthesis_I,1
PWY-6936:_seleno-amino_acid_biosynthesis_(plants),VALSYN-PWY:_L-valine_biosynthesis,2
PWY-7111:_pyruvate_fermentation_to_isobutanol_(engineered),PWY-7199:_pyrimidine_deoxyribonucleosides_salvage,3
PWY-7111:_pyruvate_fermentation_to_isobutanol_(engineered),PWY-7208:_superpathway_of_pyrimidine_nucleobases_salvage,2
PWY-7111:_pyruvate_fermentation_to_isobutanol_(engineered),PWY-7220:_adenosine_deoxyribonucleotides_de_novo_biosynthesis_II,2
PWY-7111:_pyruvate_fermentation_to_isobutanol_(engineered),PWY-7221:_guanosine_ribonucleotides_de_novo_biosynthesis,9
PWY-7111:_pyruvate_fermentation_to_isobutanol_(engineered),PWY-7222:_guanosine_deoxyribonucleotides_de_novo_biosynthesis_II,2
PWY-7111:_pyruvate_fermentation_to_isobutanol_(engineered),PWY-7228:_superpathway_of_guanosine_nucleotides_de_novo_biosynthesis_I,2
PWY-7111:_pyruvate_fermentation_to_isobutanol_(engineered),PWY-7229:_superpathway_of_adenosine_nucleotides_de_novo_biosynthesis_I,2
PWY-7111:_pyruvate_fermentation_to_isobutanol_(engineered),PWY-7237:_myo-,_chiro-_and_scyllo-inositol_degradation,5
PWY-7111:_pyruvate_fermentation_to_isobutanol_(engineered),PWY-7238:_sucrose_biosynthesis_II,8
PWY-7111:_pyruvate_fermentation_to_isobutanol_(engineered),PWY-7242:_D-fructuronate_degradation,1
PWY-7111:_pyruvate_fermentation_to_isobutanol_(engineered),PWY-724:_superpathway_of_L-lysine,_L-threonine_and_L-methionine_biosynthesis_II,3
PWY-7111:_pyruvate_fermentation_to_isobutanol_(engineered),PWY-7282:_4-amino-2-methyl-5-diphosphomethylpyrimidine_biosynthesis_II,1
PWY-7111:_pyruvate_fermentation_to_isobutanol_(engineered),PWY-7315:_dTDP-N-acetylthomosamine_biosynthesis,2
PWY-7111:_pyruvate_fermentation_to_isobutanol_(engineered),PWY-7357:_thiamine_phosphate_formation_from_pyrithiamine_and_oxythiamine_(yeast),7
PWY-7111:_pyruvate_fermentation_to_isobutanol_(engineered),PWY-7456:_&beta;-(1,4)-mannan_degradation,2
PWY-7111:_pyruvate_fermentation_to_isobutanol_(engineered),PWY-7560:_methylerythritol_phosphate_pathway_II,2
PWY-7111:_pyruvate_fermentation_to_isobutanol_(engineered),PWY-7663:_gondoate_biosynthesis_(anaerobic),2
PWY-7111:_pyruvate_fermentation_to_isobutanol_(engineered),PWY-7790:_UMP_biosynthesis_II,10
PWY-7111:_pyruvate_fermentation_to_isobutanol_(engineered),PWY-7791:_UMP_biosynthesis_III,10
PWY-7111:_pyruvate_fermentation_to_isobutanol_(engineered),PWY-7851:_coenzyme_A_biosynthesis_II_(eukaryotic),9
PWY-7111:_pyruvate_fermentation_to_isobutanol_(engineered),PWY-7953:_UDP-N-acetylmuramoyl-pentapeptide_biosynthesis_III_(meso-diaminopimelate_containing),8
PWY-7111:_pyruvate_fermentation_to_isobutanol_(engineered),PWY-7977:_L-methionine_biosynthesis_IV,6
PWY-7111:_pyruvate_fermentation_to_isobutanol_(engineered),PWY-8004:_Entner-Doudoroff_pathway_I,1
PWY-7111:_pyruvate_fermentation_to_isobutanol_(engineered),PWY-8073:_lipid_IVA_biosynthesis_(P._putida),1
PWY-7111:_pyruvate_fermentation_to_isobutanol_(engineered),PWY-8178:_pentose_phosphate_pathway_(non-oxidative_branch)_II,6
PWY-7111:_pyruvate_fermentation_to_isobutanol_(engineered),PWY0-1061:_superpathway_of_L-alanine_biosynthesis,2
PWY-7111:_pyruvate_fermentation_to_isobutanol_(engineered),PWY0-1241:_ADP-L-glycero-&beta;-D-manno-heptose_biosynthesis,1
PWY-7111:_pyruvate_fermentation_to_isobutanol_(engineered),PWY0-1296:_purine_ribonucleosides_degradation,5
PWY-7111:_pyruvate_fermentation_to_isobutanol_(engineered),PWY0-1319:_CDP-diacylglycerol_biosynthesis_II,7
PWY-7111:_pyruvate_fermentation_to_isobutanol_(engineered),PWY0-1586:_peptidoglycan_maturation_(meso-diaminopimelate_containing),3
PWY-7111:_pyruvate_fermentation_to_isobutanol_(engineered),PWY0-845:_superpathway_of_pyridoxal_5'-phosphate_biosynthesis_and_salvage,2
PWY-7111:_pyruvate_fermentation_to_isobutanol_(engineered),PWY4FS-7:_phosphatidylglycerol_biosynthesis_I_(plastidic),1
PWY-7111:_pyruvate_fermentation_to_isobutanol_(engineered),PWY4FS-8:_phosphatidylglycerol_biosynthesis_II_(non-plastidic),1
PWY-7111:_pyruvate_fermentation_to_isobutanol_(engineered),PWY66-429:_fatty_acid_biosynthesis_initiation_(mitochondria),4
PWY-7111:_pyruvate_fermentation_to_isobutanol_(engineered),PYRIDNUCSYN-PWY:_NAD_de_novo_biosynthesis_I_(from_aspartate),5
PWY-7111:_pyruvate_fermentation_to_isobutanol_(engineered),PYRIDOXSYN-PWY:_pyridoxal_5'-phosphate_biosynthesis_I,2
PWY-7111:_pyruvate_fermentation_to_isobutanol_(engineered),RHAMCAT-PWY:_L-rhamnose_degradation_I,2
PWY-7111:_pyruvate_fermentation_to_isobutanol_(engineered),RIBOSYN2-PWY:_flavin_biosynthesis_I_(bacteria_and_plants),5
PWY-7111:_pyruvate_fermentation_to_isobutanol_(engineered),SALVADEHYPOX-PWY:_adenosine_nucleotides_degradation_II,1
PWY-7111:_pyruvate_fermentation_to_isobutanol_(engineered),SER-GLYSYN-PWY:_superpathway_of_L-serine_and_glycine_biosynthesis_I,8
PWY-7111:_pyruvate_fermentation_to_isobutanol_(engineered),THISYNARA-PWY:_superpathway_of_thiamine_diphosphate_biosynthesis_III_(eukaryotes),6
PWY-7111:_pyruvate_fermentation_to_isobutanol_(engineered),THRESYN-PWY:_superpathway_of_L-threonine_biosynthesis,5
PWY-7111:_pyruvate_fermentation_to_isobutanol_(engineered),TRNA-CHARGING-PWY:_tRNA_charging,6
PWY-7111:_pyruvate_fermentation_to_isobutanol_(engineered),UDPNAGSYN-PWY:_UDP-N-acetyl-D-glucosamine_biosynthesis_I,3
PWY-7111:_pyruvate_fermentation_to_isobutanol_(engineered),VALSYN-PWY:_L-valine_biosynthesis,12
PWY-7197:_pyrimidine_deoxyribonucleotide_phosphorylation,PWY-7220:_adenosine_deoxyribonucleotides_de_novo_biosynthesis_II,1
PWY-7197:_pyrimidine_deoxyribonucleotide_phosphorylation,PWY-7221:_guanosine_ribonucleotides_de_novo_biosynthesis,1
PWY-7197:_pyrimidine_deoxyribonucleotide_phosphorylation,PWY-7222:_guanosine_deoxyribonucleotides_de_novo_biosynthesis_II,1
PWY-7197:_pyrimidine_deoxyribonucleotide_phosphorylation,PWY-7228:_superpathway_of_guanosine_nucleotides_de_novo_biosynthesis_I,1
PWY-7197:_pyrimidine_deoxyribonucleotide_phosphorylation,PWY-7229:_superpathway_of_adenosine_nucleotides_de_novo_biosynthesis_I,1
PWY-7197:_pyrimidine_deoxyribonucleotide_phosphorylation,PWY-7357:_thiamine_phosphate_formation_from_pyrithiamine_and_oxythiamine_(yeast),1
PWY-7197:_pyrimidine_deoxyribonucleotide_phosphorylation,PWY0-1479:_tRNA_processing,1
PWY-7197:_pyrimidine_deoxyribonucleotide_phosphorylation,PWY0-1586:_peptidoglycan_maturation_(meso-diaminopimelate_containing),1
PWY-7197:_pyrimidine_deoxyribonucleotide_phosphorylation,UDPNAGSYN-PWY:_UDP-N-acetyl-D-glucosamine_biosynthesis_I,1
PWY-7199:_pyrimidine_deoxyribonucleosides_salvage,PWY-7220:_adenosine_deoxyribonucleotides_de_novo_biosynthesis_II,8
PWY-7199:_pyrimidine_deoxyribonucleosides_salvage,PWY-7221:_guanosine_ribonucleotides_de_novo_biosynthesis,10
PWY-7199:_pyrimidine_deoxyribonucleosides_salvage,PWY-7222:_guanosine_deoxyribonucleotides_de_novo_biosynthesis_II,8
PWY-7199:_pyrimidine_deoxyribonucleosides_salvage,PWY-7228:_superpathway_of_guanosine_nucleotides_de_novo_biosynthesis_I,8
PWY-7199:_pyrimidine_deoxyribonucleosides_salvage,PWY-7229:_superpathway_of_adenosine_nucleotides_de_novo_biosynthesis_I,8
PWY-7199:_pyrimidine_deoxyribonucleosides_salvage,PWY-7237:_myo-,_chiro-_and_scyllo-inositol_degradation,3
PWY-7199:_pyrimidine_deoxyribonucleosides_salvage,PWY-7238:_sucrose_biosynthesis_II,6
PWY-7199:_pyrimidine_deoxyribonucleosides_salvage,PWY-724:_superpathway_of_L-lysine,_L-threonine_and_L-methionine_biosynthesis_II,1
PWY-7199:_pyrimidine_deoxyribonucleosides_salvage,PWY-7282:_4-amino-2-methyl-5-diphosphomethylpyrimidine_biosynthesis_II,3
PWY-7199:_pyrimidine_deoxyribonucleosides_salvage,PWY-7312:_dTDP-&beta;-D-fucofuranose_biosynthesis,1
PWY-7199:_pyrimidine_deoxyribonucleosides_salvage,PWY-7315:_dTDP-N-acetylthomosamine_biosynthesis,1
PWY-7199:_pyrimidine_deoxyribonucleosides_salvage,PWY-7316:_dTDP-N-acetylviosamine_biosynthesis,1
PWY-7199:_pyrimidine_deoxyribonucleosides_salvage,PWY-7357:_thiamine_phosphate_formation_from_pyrithiamine_and_oxythiamine_(yeast),3
PWY-7199:_pyrimidine_deoxyribonucleosides_salvage,PWY-7560:_methylerythritol_phosphate_pathway_II,4
PWY-7199:_pyrimidine_deoxyribonucleosides_salvage,PWY-7663:_gondoate_biosynthesis_(anaerobic),8
PWY-7199:_pyrimidine_deoxyribonucleosides_salvage,PWY-7664:_oleate_biosynthesis_IV_(anaerobic),1
PWY-7199:_pyrimidine_deoxyribonucleosides_salvage,PWY-7688:_dTDP-&alpha;-D-ravidosamine_and_dTDP-4-acetyl-&alpha;-D-ravidosamine_biosynthesis,1
PWY-7199:_pyrimidine_deoxyribonucleosides_salvage,PWY-7790:_UMP_biosynthesis_II,10
PWY-7199:_pyrimidine_deoxyribonucleosides_salvage,PWY-7791:_UMP_biosynthesis_III,10
PWY-7199:_pyrimidine_deoxyribonucleosides_salvage,PWY-7851:_coenzyme_A_biosynthesis_II_(eukaryotic),10
PWY-7199:_pyrimidine_deoxyribonucleosides_salvage,PWY-7953:_UDP-N-acetylmuramoyl-pentapeptide_biosynthesis_III_(meso-diaminopimelate_containing),11
PWY-7199:_pyrimidine_deoxyribonucleosides_salvage,PWY-7977:_L-methionine_biosynthesis_IV,10
PWY-7199:_pyrimidine_deoxyribonucleosides_salvage,PWY-8004:_Entner-Doudoroff_pathway_I,1
PWY-7199:_pyrimidine_deoxyribonucleosides_salvage,PWY-8073:_lipid_IVA_biosynthesis_(P._putida),3
PWY-7199:_pyrimidine_deoxyribonucleosides_salvage,PWY-8178:_pentose_phosphate_pathway_(non-oxidative_branch)_II,2
PWY-7199:_pyrimidine_deoxyribonucleosides_salvage,PWY0-1319:_CDP-diacylglycerol_biosynthesis_II,8
PWY-7199:_pyrimidine_deoxyribonucleosides_salvage,PWY0-1586:_peptidoglycan_maturation_(meso-diaminopimelate_containing),7
PWY-7199:_pyrimidine_deoxyribonucleosides_salvage,PWY0-162:_superpathway_of_pyrimidine_ribonucleotides_de_novo_biosynthesis,2
PWY-7199:_pyrimidine_deoxyribonucleosides_salvage,PWY0-845:_superpathway_of_pyridoxal_5'-phosphate_biosynthesis_and_salvage,6
PWY-7199:_pyrimidine_deoxyribonucleosides_salvage,PWY0-862:_(5Z)-dodecenoate_biosynthesis_I,1
PWY-7199:_pyrimidine_deoxyribonucleosides_salvage,PWY66-429:_fatty_acid_biosynthesis_initiation_(mitochondria),9
PWY-7199:_pyrimidine_deoxyribonucleosides_salvage,PYRIDNUCSYN-PWY:_NAD_de_novo_biosynthesis_I_(from_aspartate),7
PWY-7199:_pyrimidine_deoxyribonucleosides_salvage,PYRIDOXSYN-PWY:_pyridoxal_5'-phosphate_biosynthesis_I,7
PWY-7199:_pyrimidine_deoxyribonucleosides_salvage,RHAMCAT-PWY:_L-rhamnose_degradation_I,8
PWY-7199:_pyrimidine_deoxyribonucleosides_salvage,RIBOSYN2-PWY:_flavin_biosynthesis_I_(bacteria_and_plants),6
PWY-7199:_pyrimidine_deoxyribonucleosides_salvage,SER-GLYSYN-PWY:_superpathway_of_L-serine_and_glycine_biosynthesis_I,10
PWY-7199:_pyrimidine_deoxyribonucleosides_salvage,THISYNARA-PWY:_superpathway_of_thiamine_diphosphate_biosynthesis_III_(eukaryotes),3
PWY-7199:_pyrimidine_deoxyribonucleosides_salvage,THRESYN-PWY:_superpathway_of_L-threonine_biosynthesis,4
PWY-7199:_pyrimidine_deoxyribonucleosides_salvage,TRNA-CHARGING-PWY:_tRNA_charging,9
PWY-7199:_pyrimidine_deoxyribonucleosides_salvage,UDPNAGSYN-PWY:_UDP-N-acetyl-D-glucosamine_biosynthesis_I,2
PWY-7199:_pyrimidine_deoxyribonucleosides_salvage,VALSYN-PWY:_L-valine_biosynthesis,10
PWY-7208:_superpathway_of_pyrimidine_nucleobases_salvage,PWY-7221:_guanosine_ribonucleotides_de_novo_biosynthesis,2
PWY-7208:_superpathway_of_pyrimidine_nucleobases_salvage,PWY-7237:_myo-,_chiro-_and_scyllo-inositol_degradation,1
PWY-7208:_superpathway_of_pyrimidine_nucleobases_salvage,PWY-7238:_sucrose_biosynthesis_II,2
PWY-7208:_superpathway_of_pyrimidine_nucleobases_salvage,PWY-724:_superpathway_of_L-lysine,_L-threonine_and_L-methionine_biosynthesis_II,1
PWY-7208:_superpathway_of_pyrimidine_nucleobases_salvage,PWY-7357:_thiamine_phosphate_formation_from_pyrithiamine_and_oxythiamine_(yeast),2
PWY-7208:_superpathway_of_pyrimidine_nucleobases_salvage,PWY-7456:_&beta;-(1,4)-mannan_degradation,1
PWY-7208:_superpathway_of_pyrimidine_nucleobases_salvage,PWY-7790:_UMP_biosynthesis_II,2
PWY-7208:_superpathway_of_pyrimidine_nucleobases_salvage,PWY-7791:_UMP_biosynthesis_III,2
PWY-7208:_superpathway_of_pyrimidine_nucleobases_salvage,PWY-7851:_coenzyme_A_biosynthesis_II_(eukaryotic),1
PWY-7208:_superpathway_of_pyrimidine_nucleobases_salvage,PWY-7953:_UDP-N-acetylmuramoyl-pentapeptide_biosynthesis_III_(meso-diaminopimelate_containing),1
PWY-7208:_superpathway_of_pyrimidine_nucleobases_salvage,PWY-7977:_L-methionine_biosynthesis_IV,1
PWY-7208:_superpathway_of_pyrimidine_nucleobases_salvage,PWY-8178:_pentose_phosphate_pathway_(non-oxidative_branch)_II,2
PWY-7208:_superpathway_of_pyrimidine_nucleobases_salvage,PWY0-1319:_CDP-diacylglycerol_biosynthesis_II,2
PWY-7208:_superpathway_of_pyrimidine_nucleobases_salvage,PWY4FS-7:_phosphatidylglycerol_biosynthesis_I_(plastidic),1
PWY-7208:_superpathway_of_pyrimidine_nucleobases_salvage,PWY4FS-8:_phosphatidylglycerol_biosynthesis_II_(non-plastidic),1
PWY-7208:_superpathway_of_pyrimidine_nucleobases_salvage,PWY66-429:_fatty_acid_biosynthesis_initiation_(mitochondria),1
PWY-7208:_superpathway_of_pyrimidine_nucleobases_salvage,PYRIDNUCSYN-PWY:_NAD_de_novo_biosynthesis_I_(from_aspartate),1
PWY-7208:_superpathway_of_pyrimidine_nucleobases_salvage,SER-GLYSYN-PWY:_superpathway_of_L-serine_and_glycine_biosynthesis_I,2
PWY-7208:_superpathway_of_pyrimidine_nucleobases_salvage,THISYNARA-PWY:_superpathway_of_thiamine_diphosphate_biosynthesis_III_(eukaryotes),1
PWY-7208:_superpathway_of_pyrimidine_nucleobases_salvage,UDPNAGSYN-PWY:_UDP-N-acetyl-D-glucosamine_biosynthesis_I,1
PWY-7208:_superpathway_of_pyrimidine_nucleobases_salvage,VALSYN-PWY:_L-valine_biosynthesis,2
PWY-7220:_adenosine_deoxyribonucleotides_de_novo_biosynthesis_II,PWY-7221:_guanosine_ribonucleotides_de_novo_biosynthesis,11
PWY-7220:_adenosine_deoxyribonucleotides_de_novo_biosynthesis_II,PWY-7222:_guanosine_deoxyribonucleotides_de_novo_biosynthesis_II,11
PWY-7220:_adenosine_deoxyribonucleotides_de_novo_biosynthesis_II,PWY-7228:_superpathway_of_guanosine_nucleotides_de_novo_biosynthesis_I,11
PWY-7220:_adenosine_deoxyribonucleotides_de_novo_biosynthesis_II,PWY-7229:_superpathway_of_adenosine_nucleotides_de_novo_biosynthesis_I,10
PWY-7220:_adenosine_deoxyribonucleotides_de_novo_biosynthesis_II,PWY-7237:_myo-,_chiro-_and_scyllo-inositol_degradation,3
PWY-7220:_adenosine_deoxyribonucleotides_de_novo_biosynthesis_II,PWY-7238:_sucrose_biosynthesis_II,3
PWY-7220:_adenosine_deoxyribonucleotides_de_novo_biosynthesis_II,PWY-7282:_4-amino-2-methyl-5-diphosphomethylpyrimidine_biosynthesis_II,2
PWY-7220:_adenosine_deoxyribonucleotides_de_novo_biosynthesis_II,PWY-7316:_dTDP-N-acetylviosamine_biosynthesis,1
PWY-7220:_adenosine_deoxyribonucleotides_de_novo_biosynthesis_II,PWY-7357:_thiamine_phosphate_formation_from_pyrithiamine_and_oxythiamine_(yeast),3
PWY-7220:_adenosine_deoxyribonucleotides_de_novo_biosynthesis_II,PWY-7560:_methylerythritol_phosphate_pathway_II,4
PWY-7220:_adenosine_deoxyribonucleotides_de_novo_biosynthesis_II,PWY-7663:_gondoate_biosynthesis_(anaerobic),7
PWY-7220:_adenosine_deoxyribonucleotides_de_novo_biosynthesis_II,PWY-7664:_oleate_biosynthesis_IV_(anaerobic),1
PWY-7220:_adenosine_deoxyribonucleotides_de_novo_biosynthesis_II,PWY-7688:_dTDP-&alpha;-D-ravidosamine_and_dTDP-4-acetyl-&alpha;-D-ravidosamine_biosynthesis,2
PWY-7220:_adenosine_deoxyribonucleotides_de_novo_biosynthesis_II,PWY-7790:_UMP_biosynthesis_II,9
PWY-7220:_adenosine_deoxyribonucleotides_de_novo_biosynthesis_II,PWY-7791:_UMP_biosynthesis_III,9
PWY-7220:_adenosine_deoxyribonucleotides_de_novo_biosynthesis_II,PWY-7851:_coenzyme_A_biosynthesis_II_(eukaryotic),9
PWY-7220:_adenosine_deoxyribonucleotides_de_novo_biosynthesis_II,PWY-7953:_UDP-N-acetylmuramoyl-pentapeptide_biosynthesis_III_(meso-diaminopimelate_containing),9
PWY-7220:_adenosine_deoxyribonucleotides_de_novo_biosynthesis_II,PWY-7977:_L-methionine_biosynthesis_IV,10
PWY-7220:_adenosine_deoxyribonucleotides_de_novo_biosynthesis_II,PWY-8004:_Entner-Doudoroff_pathway_I,1
PWY-7220:_adenosine_deoxyribonucleotides_de_novo_biosynthesis_II,PWY-8073:_lipid_IVA_biosynthesis_(P._putida),2
PWY-7220:_adenosine_deoxyribonucleotides_de_novo_biosynthesis_II,PWY-8178:_pentose_phosphate_pathway_(non-oxidative_branch)_II,2
PWY-7220:_adenosine_deoxyribonucleotides_de_novo_biosynthesis_II,PWY-8187:_L-arginine_degradation_XIII_(reductive_Stickland_reaction),1
PWY-7220:_adenosine_deoxyribonucleotides_de_novo_biosynthesis_II,PWY0-1319:_CDP-diacylglycerol_biosynthesis_II,6
PWY-7220:_adenosine_deoxyribonucleotides_de_novo_biosynthesis_II,PWY0-1479:_tRNA_processing,1
PWY-7220:_adenosine_deoxyribonucleotides_de_novo_biosynthesis_II,PWY0-1586:_peptidoglycan_maturation_(meso-diaminopimelate_containing),7
PWY-7220:_adenosine_deoxyribonucleotides_de_novo_biosynthesis_II,PWY0-162:_superpathway_of_pyrimidine_ribonucleotides_de_novo_biosynthesis,2
PWY-7220:_adenosine_deoxyribonucleotides_de_novo_biosynthesis_II,PWY0-845:_superpathway_of_pyridoxal_5'-phosphate_biosynthesis_and_salvage,5
PWY-7220:_adenosine_deoxyribonucleotides_de_novo_biosynthesis_II,PWY0-862:_(5Z)-dodecenoate_biosynthesis_I,1
PWY-7220:_adenosine_deoxyribonucleotides_de_novo_biosynthesis_II,PWY66-429:_fatty_acid_biosynthesis_initiation_(mitochondria),9
PWY-7220:_adenosine_deoxyribonucleotides_de_novo_biosynthesis_II,PYRIDNUCSYN-PWY:_NAD_de_novo_biosynthesis_I_(from_aspartate),6
PWY-7220:_adenosine_deoxyribonucleotides_de_novo_biosynthesis_II,PYRIDOXSYN-PWY:_pyridoxal_5'-phosphate_biosynthesis_I,5
PWY-7220:_adenosine_deoxyribonucleotides_de_novo_biosynthesis_II,RHAMCAT-PWY:_L-rhamnose_degradation_I,7
PWY-7220:_adenosine_deoxyribonucleotides_de_novo_biosynthesis_II,RIBOSYN2-PWY:_flavin_biosynthesis_I_(bacteria_and_plants),7
PWY-7220:_adenosine_deoxyribonucleotides_de_novo_biosynthesis_II,SER-GLYSYN-PWY:_superpathway_of_L-serine_and_glycine_biosynthesis_I,8
PWY-7220:_adenosine_deoxyribonucleotides_de_novo_biosynthesis_II,THISYNARA-PWY:_superpathway_of_thiamine_diphosphate_biosynthesis_III_(eukaryotes),2
PWY-7220:_adenosine_deoxyribonucleotides_de_novo_biosynthesis_II,THRESYN-PWY:_superpathway_of_L-threonine_biosynthesis,3
PWY-7220:_adenosine_deoxyribonucleotides_de_novo_biosynthesis_II,TRNA-CHARGING-PWY:_tRNA_charging,9
PWY-7220:_adenosine_deoxyribonucleotides_de_novo_biosynthesis_II,UDPNAGSYN-PWY:_UDP-N-acetyl-D-glucosamine_biosynthesis_I,1
PWY-7220:_adenosine_deoxyribonucleotides_de_novo_biosynthesis_II,VALSYN-PWY:_L-valine_biosynthesis,10
PWY-7221:_guanosine_ribonucleotides_de_novo_biosynthesis,PWY-7222:_guanosine_deoxyribonucleotides_de_novo_biosynthesis_II,11
PWY-7221:_guanosine_ribonucleotides_de_novo_biosynthesis,PWY-7228:_superpathway_of_guanosine_nucleotides_de_novo_biosynthesis_I,11
PWY-7221:_guanosine_ribonucleotides_de_novo_biosynthesis,PWY-7229:_superpathway_of_adenosine_nucleotides_de_novo_biosynthesis_I,10
PWY-7221:_guanosine_ribonucleotides_de_novo_biosynthesis,PWY-7234:_inosine-5'-phosphate_biosynthesis_III,3
PWY-7221:_guanosine_ribonucleotides_de_novo_biosynthesis,PWY-7237:_myo-,_chiro-_and_scyllo-inositol_degradation,11
PWY-7221:_guanosine_ribonucleotides_de_novo_biosynthesis,PWY-7238:_sucrose_biosynthesis_II,16
PWY-7221:_guanosine_ribonucleotides_de_novo_biosynthesis,PWY-7242:_D-fructuronate_degradation,1
PWY-7221:_guanosine_ribonucleotides_de_novo_biosynthesis,PWY-724:_superpathway_of_L-lysine,_L-threonine_and_L-methionine_biosynthesis_II,4
PWY-7221:_guanosine_ribonucleotides_de_novo_biosynthesis,PWY-7282:_4-amino-2-methyl-5-diphosphomethylpyrimidine_biosynthesis_II,3
PWY-7221:_guanosine_ribonucleotides_de_novo_biosynthesis,PWY-7312:_dTDP-&beta;-D-fucofuranose_biosynthesis,1
PWY-7221:_guanosine_ribonucleotides_de_novo_biosynthesis,PWY-7315:_dTDP-N-acetylthomosamine_biosynthesis,2
PWY-7221:_guanosine_ribonucleotides_de_novo_biosynthesis,PWY-7316:_dTDP-N-acetylviosamine_biosynthesis,1
PWY-7221:_guanosine_ribonucleotides_de_novo_biosynthesis,PWY-7357:_thiamine_phosphate_formation_from_pyrithiamine_and_oxythiamine_(yeast),12
PWY-7221:_guanosine_ribonucleotides_de_novo_biosynthesis,PWY-7456:_&beta;-(1,4)-mannan_degradation,1
PWY-7221:_guanosine_ribonucleotides_de_novo_biosynthesis,PWY-7560:_methylerythritol_phosphate_pathway_II,5
PWY-7221:_guanosine_ribonucleotides_de_novo_biosynthesis,PWY-7663:_gondoate_biosynthesis_(anaerobic),11
PWY-7221:_guanosine_ribonucleotides_de_novo_biosynthesis,PWY-7664:_oleate_biosynthesis_IV_(anaerobic),3
PWY-7221:_guanosine_ribonucleotides_de_novo_biosynthesis,PWY-7688:_dTDP-&alpha;-D-ravidosamine_and_dTDP-4-acetyl-&alpha;-D-ravidosamine_biosynthesis,2
PWY-7221:_guanosine_ribonucleotides_de_novo_biosynthesis,PWY-7790:_UMP_biosynthesis_II,22
PWY-7221:_guanosine_ribonucleotides_de_novo_biosynthesis,PWY-7791:_UMP_biosynthesis_III,22
PWY-7221:_guanosine_ribonucleotides_de_novo_biosynthesis,PWY-7851:_coenzyme_A_biosynthesis_II_(eukaryotic),19
PWY-7221:_guanosine_ribonucleotides_de_novo_biosynthesis,PWY-7953:_UDP-N-acetylmuramoyl-pentapeptide_biosynthesis_III_(meso-diaminopimelate_containing),20
PWY-7221:_guanosine_ribonucleotides_de_novo_biosynthesis,PWY-7977:_L-methionine_biosynthesis_IV,21
PWY-7221:_guanosine_ribonucleotides_de_novo_biosynthesis,PWY-8004:_Entner-Doudoroff_pathway_I,1
PWY-7221:_guanosine_ribonucleotides_de_novo_biosynthesis,PWY-8073:_lipid_IVA_biosynthesis_(P._putida),4
PWY-7221:_guanosine_ribonucleotides_de_novo_biosynthesis,PWY-8178:_pentose_phosphate_pathway_(non-oxidative_branch)_II,8
PWY-7221:_guanosine_ribonucleotides_de_novo_biosynthesis,PWY-8187:_L-arginine_degradation_XIII_(reductive_Stickland_reaction),1
PWY-7221:_guanosine_ribonucleotides_de_novo_biosynthesis,PWY0-1061:_superpathway_of_L-alanine_biosynthesis,2
PWY-7221:_guanosine_ribonucleotides_de_novo_biosynthesis,PWY0-1296:_purine_ribonucleosides_degradation,4
PWY-7221:_guanosine_ribonucleotides_de_novo_biosynthesis,PWY0-1319:_CDP-diacylglycerol_biosynthesis_II,18
PWY-7221:_guanosine_ribonucleotides_de_novo_biosynthesis,PWY0-1479:_tRNA_processing,1
PWY-7221:_guanosine_ribonucleotides_de_novo_biosynthesis,PWY0-1586:_peptidoglycan_maturation_(meso-diaminopimelate_containing),13
PWY-7221:_guanosine_ribonucleotides_de_novo_biosynthesis,PWY0-162:_superpathway_of_pyrimidine_ribonucleotides_de_novo_biosynthesis,2
PWY-7221:_guanosine_ribonucleotides_de_novo_biosynthesis,PWY0-845:_superpathway_of_pyridoxal_5'-phosphate_biosynthesis_and_salvage,6
PWY-7221:_guanosine_ribonucleotides_de_novo_biosynthesis,PWY0-862:_(5Z)-dodecenoate_biosynthesis_I,3
PWY-7221:_guanosine_ribonucleotides_de_novo_biosynthesis,PWY4FS-7:_phosphatidylglycerol_biosynthesis_I_(plastidic),1
PWY-7221:_guanosine_ribonucleotides_de_novo_biosynthesis,PWY4FS-8:_phosphatidylglycerol_biosynthesis_II_(non-plastidic),1
PWY-7221:_guanosine_ribonucleotides_de_novo_biosynthesis,PWY66-429:_fatty_acid_biosynthesis_initiation_(mitochondria),12
PWY-7221:_guanosine_ribonucleotides_de_novo_biosynthesis,PYRIDNUCSYN-PWY:_NAD_de_novo_biosynthesis_I_(from_aspartate),12
PWY-7221:_guanosine_ribonucleotides_de_novo_biosynthesis,PYRIDOXSYN-PWY:_pyridoxal_5'-phosphate_biosynthesis_I,7
PWY-7221:_guanosine_ribonucleotides_de_novo_biosynthesis,RHAMCAT-PWY:_L-rhamnose_degradation_I,9
PWY-7221:_guanosine_ribonucleotides_de_novo_biosynthesis,RIBOSYN2-PWY:_flavin_biosynthesis_I_(bacteria_and_plants),10
PWY-7221:_guanosine_ribonucleotides_de_novo_biosynthesis,SALVADEHYPOX-PWY:_adenosine_nucleotides_degradation_II,1
PWY-7221:_guanosine_ribonucleotides_de_novo_biosynthesis,SER-GLYSYN-PWY:_superpathway_of_L-serine_and_glycine_biosynthesis_I,19
PWY-7221:_guanosine_ribonucleotides_de_novo_biosynthesis,THISYNARA-PWY:_superpathway_of_thiamine_diphosphate_biosynthesis_III_(eukaryotes),9
PWY-7221:_guanosine_ribonucleotides_de_novo_biosynthesis,THRESYN-PWY:_superpathway_of_L-threonine_biosynthesis,7
PWY-7221:_guanosine_ribonucleotides_de_novo_biosynthesis,TRNA-CHARGING-PWY:_tRNA_charging,17
PWY-7221:_guanosine_ribonucleotides_de_novo_biosynthesis,UDPNAGSYN-PWY:_UDP-N-acetyl-D-glucosamine_biosynthesis_I,4
PWY-7221:_guanosine_ribonucleotides_de_novo_biosynthesis,VALSYN-PWY:_L-valine_biosynthesis,25
PWY-7222:_guanosine_deoxyribonucleotides_de_novo_biosynthesis_II,PWY-7228:_superpathway_of_guanosine_nucleotides_de_novo_biosynthesis_I,11
PWY-7222:_guanosine_deoxyribonucleotides_de_novo_biosynthesis_II,PWY-7229:_superpathway_of_adenosine_nucleotides_de_novo_biosynthesis_I,10
PWY-7222:_guanosine_deoxyribonucleotides_de_novo_biosynthesis_II,PWY-7237:_myo-,_chiro-_and_scyllo-inositol_degradation,3
PWY-7222:_guanosine_deoxyribonucleotides_de_novo_biosynthesis_II,PWY-7238:_sucrose_biosynthesis_II,3
PWY-7222:_guanosine_deoxyribonucleotides_de_novo_biosynthesis_II,PWY-7282:_4-amino-2-methyl-5-diphosphomethylpyrimidine_biosynthesis_II,2
PWY-7222:_guanosine_deoxyribonucleotides_de_novo_biosynthesis_II,PWY-7316:_dTDP-N-acetylviosamine_biosynthesis,1
PWY-7222:_guanosine_deoxyribonucleotides_de_novo_biosynthesis_II,PWY-7357:_thiamine_phosphate_formation_from_pyrithiamine_and_oxythiamine_(yeast),3
PWY-7222:_guanosine_deoxyribonucleotides_de_novo_biosynthesis_II,PWY-7560:_methylerythritol_phosphate_pathway_II,4
PWY-7222:_guanosine_deoxyribonucleotides_de_novo_biosynthesis_II,PWY-7663:_gondoate_biosynthesis_(anaerobic),7
PWY-7222:_guanosine_deoxyribonucleotides_de_novo_biosynthesis_II,PWY-7664:_oleate_biosynthesis_IV_(anaerobic),1
PWY-7222:_guanosine_deoxyribonucleotides_de_novo_biosynthesis_II,PWY-7688:_dTDP-&alpha;-D-ravidosamine_and_dTDP-4-acetyl-&alpha;-D-ravidosamine_biosynthesis,2
PWY-7222:_guanosine_deoxyribonucleotides_de_novo_biosynthesis_II,PWY-7790:_UMP_biosynthesis_II,9
PWY-7222:_guanosine_deoxyribonucleotides_de_novo_biosynthesis_II,PWY-7791:_UMP_biosynthesis_III,9
PWY-7222:_guanosine_deoxyribonucleotides_de_novo_biosynthesis_II,PWY-7851:_coenzyme_A_biosynthesis_II_(eukaryotic),9
PWY-7222:_guanosine_deoxyribonucleotides_de_novo_biosynthesis_II,PWY-7953:_UDP-N-acetylmuramoyl-pentapeptide_biosynthesis_III_(meso-diaminopimelate_containing),9
PWY-7222:_guanosine_deoxyribonucleotides_de_novo_biosynthesis_II,PWY-7977:_L-methionine_biosynthesis_IV,10
PWY-7222:_guanosine_deoxyribonucleotides_de_novo_biosynthesis_II,PWY-8004:_Entner-Doudoroff_pathway_I,1
PWY-7222:_guanosine_deoxyribonucleotides_de_novo_biosynthesis_II,PWY-8073:_lipid_IVA_biosynthesis_(P._putida),2
PWY-7222:_guanosine_deoxyribonucleotides_de_novo_biosynthesis_II,PWY-8178:_pentose_phosphate_pathway_(non-oxidative_branch)_II,2
PWY-7222:_guanosine_deoxyribonucleotides_de_novo_biosynthesis_II,PWY-8187:_L-arginine_degradation_XIII_(reductive_Stickland_reaction),1
PWY-7222:_guanosine_deoxyribonucleotides_de_novo_biosynthesis_II,PWY0-1319:_CDP-diacylglycerol_biosynthesis_II,6
PWY-7222:_guanosine_deoxyribonucleotides_de_novo_biosynthesis_II,PWY0-1479:_tRNA_processing,1
PWY-7222:_guanosine_deoxyribonucleotides_de_novo_biosynthesis_II,PWY0-1586:_peptidoglycan_maturation_(meso-diaminopimelate_containing),7
PWY-7222:_guanosine_deoxyribonucleotides_de_novo_biosynthesis_II,PWY0-162:_superpathway_of_pyrimidine_ribonucleotides_de_novo_biosynthesis,2
PWY-7222:_guanosine_deoxyribonucleotides_de_novo_biosynthesis_II,PWY0-845:_superpathway_of_pyridoxal_5'-phosphate_biosynthesis_and_salvage,5
PWY-7222:_guanosine_deoxyribonucleotides_de_novo_biosynthesis_II,PWY0-862:_(5Z)-dodecenoate_biosynthesis_I,1
PWY-7222:_guanosine_deoxyribonucleotides_de_novo_biosynthesis_II,PWY66-429:_fatty_acid_biosynthesis_initiation_(mitochondria),9
PWY-7222:_guanosine_deoxyribonucleotides_de_novo_biosynthesis_II,PYRIDNUCSYN-PWY:_NAD_de_novo_biosynthesis_I_(from_aspartate),6
PWY-7222:_guanosine_deoxyribonucleotides_de_novo_biosynthesis_II,PYRIDOXSYN-PWY:_pyridoxal_5'-phosphate_biosynthesis_I,5
PWY-7222:_guanosine_deoxyribonucleotides_de_novo_biosynthesis_II,RHAMCAT-PWY:_L-rhamnose_degradation_I,7
PWY-7222:_guanosine_deoxyribonucleotides_de_novo_biosynthesis_II,RIBOSYN2-PWY:_flavin_biosynthesis_I_(bacteria_and_plants),7
PWY-7222:_guanosine_deoxyribonucleotides_de_novo_biosynthesis_II,SER-GLYSYN-PWY:_superpathway_of_L-serine_and_glycine_biosynthesis_I,8
PWY-7222:_guanosine_deoxyribonucleotides_de_novo_biosynthesis_II,THISYNARA-PWY:_superpathway_of_thiamine_diphosphate_biosynthesis_III_(eukaryotes),2
PWY-7222:_guanosine_deoxyribonucleotides_de_novo_biosynthesis_II,THRESYN-PWY:_superpathway_of_L-threonine_biosynthesis,3
PWY-7222:_guanosine_deoxyribonucleotides_de_novo_biosynthesis_II,TRNA-CHARGING-PWY:_tRNA_charging,9
PWY-7222:_guanosine_deoxyribonucleotides_de_novo_biosynthesis_II,UDPNAGSYN-PWY:_UDP-N-acetyl-D-glucosamine_biosynthesis_I,1
PWY-7222:_guanosine_deoxyribonucleotides_de_novo_biosynthesis_II,VALSYN-PWY:_L-valine_biosynthesis,10
PWY-7228:_superpathway_of_guanosine_nucleotides_de_novo_biosynthesis_I,PWY-7229:_superpathway_of_adenosine_nucleotides_de_novo_biosynthesis_I,10
PWY-7228:_superpathway_of_guanosine_nucleotides_de_novo_biosynthesis_I,PWY-7237:_myo-,_chiro-_and_scyllo-inositol_degradation,3
PWY-7228:_superpathway_of_guanosine_nucleotides_de_novo_biosynthesis_I,PWY-7238:_sucrose_biosynthesis_II,3
PWY-7228:_superpathway_of_guanosine_nucleotides_de_novo_biosynthesis_I,PWY-7282:_4-amino-2-methyl-5-diphosphomethylpyrimidine_biosynthesis_II,2
PWY-7228:_superpathway_of_guanosine_nucleotides_de_novo_biosynthesis_I,PWY-7316:_dTDP-N-acetylviosamine_biosynthesis,1
PWY-7228:_superpathway_of_guanosine_nucleotides_de_novo_biosynthesis_I,PWY-7357:_thiamine_phosphate_formation_from_pyrithiamine_and_oxythiamine_(yeast),3
PWY-7228:_superpathway_of_guanosine_nucleotides_de_novo_biosynthesis_I,PWY-7560:_methylerythritol_phosphate_pathway_II,4
PWY-7228:_superpathway_of_guanosine_nucleotides_de_novo_biosynthesis_I,PWY-7663:_gondoate_biosynthesis_(anaerobic),7
PWY-7228:_superpathway_of_guanosine_nucleotides_de_novo_biosynthesis_I,PWY-7664:_oleate_biosynthesis_IV_(anaerobic),1
PWY-7228:_superpathway_of_guanosine_nucleotides_de_novo_biosynthesis_I,PWY-7688:_dTDP-&alpha;-D-ravidosamine_and_dTDP-4-acetyl-&alpha;-D-ravidosamine_biosynthesis,2
PWY-7228:_superpathway_of_guanosine_nucleotides_de_novo_biosynthesis_I,PWY-7790:_UMP_biosynthesis_II,9
PWY-7228:_superpathway_of_guanosine_nucleotides_de_novo_biosynthesis_I,PWY-7791:_UMP_biosynthesis_III,9
PWY-7228:_superpathway_of_guanosine_nucleotides_de_novo_biosynthesis_I,PWY-7851:_coenzyme_A_biosynthesis_II_(eukaryotic),9
PWY-7228:_superpathway_of_guanosine_nucleotides_de_novo_biosynthesis_I,PWY-7953:_UDP-N-acetylmuramoyl-pentapeptide_biosynthesis_III_(meso-diaminopimelate_containing),9
PWY-7228:_superpathway_of_guanosine_nucleotides_de_novo_biosynthesis_I,PWY-7977:_L-methionine_biosynthesis_IV,10
PWY-7228:_superpathway_of_guanosine_nucleotides_de_novo_biosynthesis_I,PWY-8004:_Entner-Doudoroff_pathway_I,1
PWY-7228:_superpathway_of_guanosine_nucleotides_de_novo_biosynthesis_I,PWY-8073:_lipid_IVA_biosynthesis_(P._putida),2
PWY-7228:_superpathway_of_guanosine_nucleotides_de_novo_biosynthesis_I,PWY-8178:_pentose_phosphate_pathway_(non-oxidative_branch)_II,2
PWY-7228:_superpathway_of_guanosine_nucleotides_de_novo_biosynthesis_I,PWY-8187:_L-arginine_degradation_XIII_(reductive_Stickland_reaction),1
PWY-7228:_superpathway_of_guanosine_nucleotides_de_novo_biosynthesis_I,PWY0-1319:_CDP-diacylglycerol_biosynthesis_II,6
PWY-7228:_superpathway_of_guanosine_nucleotides_de_novo_biosynthesis_I,PWY0-1479:_tRNA_processing,1
PWY-7228:_superpathway_of_guanosine_nucleotides_de_novo_biosynthesis_I,PWY0-1586:_peptidoglycan_maturation_(meso-diaminopimelate_containing),7
PWY-7228:_superpathway_of_guanosine_nucleotides_de_novo_biosynthesis_I,PWY0-162:_superpathway_of_pyrimidine_ribonucleotides_de_novo_biosynthesis,2
PWY-7228:_superpathway_of_guanosine_nucleotides_de_novo_biosynthesis_I,PWY0-845:_superpathway_of_pyridoxal_5'-phosphate_biosynthesis_and_salvage,5
PWY-7228:_superpathway_of_guanosine_nucleotides_de_novo_biosynthesis_I,PWY0-862:_(5Z)-dodecenoate_biosynthesis_I,1
PWY-7228:_superpathway_of_guanosine_nucleotides_de_novo_biosynthesis_I,PWY66-429:_fatty_acid_biosynthesis_initiation_(mitochondria),9
PWY-7228:_superpathway_of_guanosine_nucleotides_de_novo_biosynthesis_I,PYRIDNUCSYN-PWY:_NAD_de_novo_biosynthesis_I_(from_aspartate),6
PWY-7228:_superpathway_of_guanosine_nucleotides_de_novo_biosynthesis_I,PYRIDOXSYN-PWY:_pyridoxal_5'-phosphate_biosynthesis_I,5
PWY-7228:_superpathway_of_guanosine_nucleotides_de_novo_biosynthesis_I,RHAMCAT-PWY:_L-rhamnose_degradation_I,7
PWY-7228:_superpathway_of_guanosine_nucleotides_de_novo_biosynthesis_I,RIBOSYN2-PWY:_flavin_biosynthesis_I_(bacteria_and_plants),7
PWY-7228:_superpathway_of_guanosine_nucleotides_de_novo_biosynthesis_I,SER-GLYSYN-PWY:_superpathway_of_L-serine_and_glycine_biosynthesis_I,8
PWY-7228:_superpathway_of_guanosine_nucleotides_de_novo_biosynthesis_I,THISYNARA-PWY:_superpathway_of_thiamine_diphosphate_biosynthesis_III_(eukaryotes),2
PWY-7228:_superpathway_of_guanosine_nucleotides_de_novo_biosynthesis_I,THRESYN-PWY:_superpathway_of_L-threonine_biosynthesis,3
PWY-7228:_superpathway_of_guanosine_nucleotides_de_novo_biosynthesis_I,TRNA-CHARGING-PWY:_tRNA_charging,9
PWY-7228:_superpathway_of_guanosine_nucleotides_de_novo_biosynthesis_I,UDPNAGSYN-PWY:_UDP-N-acetyl-D-glucosamine_biosynthesis_I,1
PWY-7228:_superpathway_of_guanosine_nucleotides_de_novo_biosynthesis_I,VALSYN-PWY:_L-valine_biosynthesis,10
PWY-7229:_superpathway_of_adenosine_nucleotides_de_novo_biosynthesis_I,PWY-7237:_myo-,_chiro-_and_scyllo-inositol_degradation,3
PWY-7229:_superpathway_of_adenosine_nucleotides_de_novo_biosynthesis_I,PWY-7238:_sucrose_biosynthesis_II,2
PWY-7229:_superpathway_of_adenosine_nucleotides_de_novo_biosynthesis_I,PWY-7282:_4-amino-2-methyl-5-diphosphomethylpyrimidine_biosynthesis_II,2
PWY-7229:_superpathway_of_adenosine_nucleotides_de_novo_biosynthesis_I,PWY-7316:_dTDP-N-acetylviosamine_biosynthesis,1
PWY-7229:_superpathway_of_adenosine_nucleotides_de_novo_biosynthesis_I,PWY-7357:_thiamine_phosphate_formation_from_pyrithiamine_and_oxythiamine_(yeast),3
PWY-7229:_superpathway_of_adenosine_nucleotides_de_novo_biosynthesis_I,PWY-7560:_methylerythritol_phosphate_pathway_II,4
PWY-7229:_superpathway_of_adenosine_nucleotides_de_novo_biosynthesis_I,PWY-7663:_gondoate_biosynthesis_(anaerobic),7
PWY-7229:_superpathway_of_adenosine_nucleotides_de_novo_biosynthesis_I,PWY-7664:_oleate_biosynthesis_IV_(anaerobic),1
PWY-7229:_superpathway_of_adenosine_nucleotides_de_novo_biosynthesis_I,PWY-7688:_dTDP-&alpha;-D-ravidosamine_and_dTDP-4-acetyl-&alpha;-D-ravidosamine_biosynthesis,1
PWY-7229:_superpathway_of_adenosine_nucleotides_de_novo_biosynthesis_I,PWY-7790:_UMP_biosynthesis_II,9
PWY-7229:_superpathway_of_adenosine_nucleotides_de_novo_biosynthesis_I,PWY-7791:_UMP_biosynthesis_III,9
PWY-7229:_superpathway_of_adenosine_nucleotides_de_novo_biosynthesis_I,PWY-7851:_coenzyme_A_biosynthesis_II_(eukaryotic),9
PWY-7229:_superpathway_of_adenosine_nucleotides_de_novo_biosynthesis_I,PWY-7953:_UDP-N-acetylmuramoyl-pentapeptide_biosynthesis_III_(meso-diaminopimelate_containing),9
PWY-7229:_superpathway_of_adenosine_nucleotides_de_novo_biosynthesis_I,PWY-7977:_L-methionine_biosynthesis_IV,9
PWY-7229:_superpathway_of_adenosine_nucleotides_de_novo_biosynthesis_I,PWY-8004:_Entner-Doudoroff_pathway_I,1
PWY-7229:_superpathway_of_adenosine_nucleotides_de_novo_biosynthesis_I,PWY-8073:_lipid_IVA_biosynthesis_(P._putida),1
PWY-7229:_superpathway_of_adenosine_nucleotides_de_novo_biosynthesis_I,PWY-8178:_pentose_phosphate_pathway_(non-oxidative_branch)_II,2
PWY-7229:_superpathway_of_adenosine_nucleotides_de_novo_biosynthesis_I,PWY-8187:_L-arginine_degradation_XIII_(reductive_Stickland_reaction),1
PWY-7229:_superpathway_of_adenosine_nucleotides_de_novo_biosynthesis_I,PWY0-1319:_CDP-diacylglycerol_biosynthesis_II,6
PWY-7229:_superpathway_of_adenosine_nucleotides_de_novo_biosynthesis_I,PWY0-1479:_tRNA_processing,1
PWY-7229:_superpathway_of_adenosine_nucleotides_de_novo_biosynthesis_I,PWY0-1586:_peptidoglycan_maturation_(meso-diaminopimelate_containing),7
PWY-7229:_superpathway_of_adenosine_nucleotides_de_novo_biosynthesis_I,PWY0-162:_superpathway_of_pyrimidine_ribonucleotides_de_novo_biosynthesis,2
PWY-7229:_superpathway_of_adenosine_nucleotides_de_novo_biosynthesis_I,PWY0-845:_superpathway_of_pyridoxal_5'-phosphate_biosynthesis_and_salvage,5
PWY-7229:_superpathway_of_adenosine_nucleotides_de_novo_biosynthesis_I,PWY0-862:_(5Z)-dodecenoate_biosynthesis_I,1
PWY-7229:_superpathway_of_adenosine_nucleotides_de_novo_biosynthesis_I,PWY66-429:_fatty_acid_biosynthesis_initiation_(mitochondria),8
PWY-7229:_superpathway_of_adenosine_nucleotides_de_novo_biosynthesis_I,PYRIDNUCSYN-PWY:_NAD_de_novo_biosynthesis_I_(from_aspartate),6
PWY-7229:_superpathway_of_adenosine_nucleotides_de_novo_biosynthesis_I,PYRIDOXSYN-PWY:_pyridoxal_5'-phosphate_biosynthesis_I,5
PWY-7229:_superpathway_of_adenosine_nucleotides_de_novo_biosynthesis_I,RHAMCAT-PWY:_L-rhamnose_degradation_I,7
PWY-7229:_superpathway_of_adenosine_nucleotides_de_novo_biosynthesis_I,RIBOSYN2-PWY:_flavin_biosynthesis_I_(bacteria_and_plants),7
PWY-7229:_superpathway_of_adenosine_nucleotides_de_novo_biosynthesis_I,SER-GLYSYN-PWY:_superpathway_of_L-serine_and_glycine_biosynthesis_I,8
PWY-7229:_superpathway_of_adenosine_nucleotides_de_novo_biosynthesis_I,THISYNARA-PWY:_superpathway_of_thiamine_diphosphate_biosynthesis_III_(eukaryotes),2
PWY-7229:_superpathway_of_adenosine_nucleotides_de_novo_biosynthesis_I,THRESYN-PWY:_superpathway_of_L-threonine_biosynthesis,2
PWY-7229:_superpathway_of_adenosine_nucleotides_de_novo_biosynthesis_I,TRNA-CHARGING-PWY:_tRNA_charging,9
PWY-7229:_superpathway_of_adenosine_nucleotides_de_novo_biosynthesis_I,UDPNAGSYN-PWY:_UDP-N-acetyl-D-glucosamine_biosynthesis_I,1
PWY-7229:_superpathway_of_adenosine_nucleotides_de_novo_biosynthesis_I,VALSYN-PWY:_L-valine_biosynthesis,9
PWY-7234:_inosine-5'-phosphate_biosynthesis_III,PWY-7663:_gondoate_biosynthesis_(anaerobic),2
PWY-7234:_inosine-5'-phosphate_biosynthesis_III,PWY-7664:_oleate_biosynthesis_IV_(anaerobic),2
PWY-7234:_inosine-5'-phosphate_biosynthesis_III,PWY-7790:_UMP_biosynthesis_II,3
PWY-7234:_inosine-5'-phosphate_biosynthesis_III,PWY-7791:_UMP_biosynthesis_III,3
PWY-7234:_inosine-5'-phosphate_biosynthesis_III,PWY-7851:_coenzyme_A_biosynthesis_II_(eukaryotic),2
PWY-7234:_inosine-5'-phosphate_biosynthesis_III,PWY-7953:_UDP-N-acetylmuramoyl-pentapeptide_biosynthesis_III_(meso-diaminopimelate_containing),3
PWY-7234:_inosine-5'-phosphate_biosynthesis_III,PWY-7977:_L-methionine_biosynthesis_IV,3
PWY-7234:_inosine-5'-phosphate_biosynthesis_III,PWY0-1319:_CDP-diacylglycerol_biosynthesis_II,2
PWY-7234:_inosine-5'-phosphate_biosynthesis_III,PWY0-862:_(5Z)-dodecenoate_biosynthesis_I,2
PWY-7234:_inosine-5'-phosphate_biosynthesis_III,PYRIDNUCSYN-PWY:_NAD_de_novo_biosynthesis_I_(from_aspartate),2
PWY-7234:_inosine-5'-phosphate_biosynthesis_III,SER-GLYSYN-PWY:_superpathway_of_L-serine_and_glycine_biosynthesis_I,3
PWY-7234:_inosine-5'-phosphate_biosynthesis_III,TRNA-CHARGING-PWY:_tRNA_charging,2
PWY-7234:_inosine-5'-phosphate_biosynthesis_III,VALSYN-PWY:_L-valine_biosynthesis,2
PWY-7237:_myo-,_chiro-_and_scyllo-inositol_degradation,PWY-7238:_sucrose_biosynthesis_II,6
PWY-7237:_myo-,_chiro-_and_scyllo-inositol_degradation,PWY-7242:_D-fructuronate_degradation,1
PWY-7237:_myo-,_chiro-_and_scyllo-inositol_degradation,PWY-724:_superpathway_of_L-lysine,_L-threonine_and_L-methionine_biosynthesis_II,3
PWY-7237:_myo-,_chiro-_and_scyllo-inositol_degradation,PWY-7282:_4-amino-2-methyl-5-diphosphomethylpyrimidine_biosynthesis_II,2
PWY-7237:_myo-,_chiro-_and_scyllo-inositol_degradation,PWY-7315:_dTDP-N-acetylthomosamine_biosynthesis,1
PWY-7237:_myo-,_chiro-_and_scyllo-inositol_degradation,PWY-7357:_thiamine_phosphate_formation_from_pyrithiamine_and_oxythiamine_(yeast),8
PWY-7237:_myo-,_chiro-_and_scyllo-inositol_degradation,PWY-7560:_methylerythritol_phosphate_pathway_II,4
PWY-7237:_myo-,_chiro-_and_scyllo-inositol_degradation,PWY-7663:_gondoate_biosynthesis_(anaerobic),3
PWY-7237:_myo-,_chiro-_and_scyllo-inositol_degradation,PWY-7790:_UMP_biosynthesis_II,8
PWY-7237:_myo-,_chiro-_and_scyllo-inositol_degradation,PWY-7791:_UMP_biosynthesis_III,8
PWY-7237:_myo-,_chiro-_and_scyllo-inositol_degradation,PWY-7851:_coenzyme_A_biosynthesis_II_(eukaryotic),8
PWY-7237:_myo-,_chiro-_and_scyllo-inositol_degradation,PWY-7953:_UDP-N-acetylmuramoyl-pentapeptide_biosynthesis_III_(meso-diaminopimelate_containing),7
PWY-7237:_myo-,_chiro-_and_scyllo-inositol_degradation,PWY-7977:_L-methionine_biosynthesis_IV,7
PWY-7237:_myo-,_chiro-_and_scyllo-inositol_degradation,PWY-8004:_Entner-Doudoroff_pathway_I,1
PWY-7237:_myo-,_chiro-_and_scyllo-inositol_degradation,PWY-8178:_pentose_phosphate_pathway_(non-oxidative_branch)_II,6
PWY-7237:_myo-,_chiro-_and_scyllo-inositol_degradation,PWY0-1061:_superpathway_of_L-alanine_biosynthesis,2
PWY-7237:_myo-,_chiro-_and_scyllo-inositol_degradation,PWY0-1296:_purine_ribonucleosides_degradation,3
PWY-7237:_myo-,_chiro-_and_scyllo-inositol_degradation,PWY0-1319:_CDP-diacylglycerol_biosynthesis_II,8
PWY-7237:_myo-,_chiro-_and_scyllo-inositol_degradation,PWY0-1586:_peptidoglycan_maturation_(meso-diaminopimelate_containing),5
PWY-7237:_myo-,_chiro-_and_scyllo-inositol_degradation,PWY0-162:_superpathway_of_pyrimidine_ribonucleotides_de_novo_biosynthesis,1
PWY-7237:_myo-,_chiro-_and_scyllo-inositol_degradation,PWY0-845:_superpathway_of_pyridoxal_5'-phosphate_biosynthesis_and_salvage,3
PWY-7237:_myo-,_chiro-_and_scyllo-inositol_degradation,PWY4FS-7:_phosphatidylglycerol_biosynthesis_I_(plastidic),1
PWY-7237:_myo-,_chiro-_and_scyllo-inositol_degradation,PWY4FS-8:_phosphatidylglycerol_biosynthesis_II_(non-plastidic),1
PWY-7237:_myo-,_chiro-_and_scyllo-inositol_degradation,PWY66-429:_fatty_acid_biosynthesis_initiation_(mitochondria),4
PWY-7237:_myo-,_chiro-_and_scyllo-inositol_degradation,PYRIDNUCSYN-PWY:_NAD_de_novo_biosynthesis_I_(from_aspartate),5
PWY-7237:_myo-,_chiro-_and_scyllo-inositol_degradation,PYRIDOXSYN-PWY:_pyridoxal_5'-phosphate_biosynthesis_I,3
PWY-7237:_myo-,_chiro-_and_scyllo-inositol_degradation,RHAMCAT-PWY:_L-rhamnose_degradation_I,3
PWY-7237:_myo-,_chiro-_and_scyllo-inositol_degradation,RIBOSYN2-PWY:_flavin_biosynthesis_I_(bacteria_and_plants),5
PWY-7237:_myo-,_chiro-_and_scyllo-inositol_degradation,SALVADEHYPOX-PWY:_adenosine_nucleotides_degradation_II,1
PWY-7237:_myo-,_chiro-_and_scyllo-inositol_degradation,SER-GLYSYN-PWY:_superpathway_of_L-serine_and_glycine_biosynthesis_I,6
PWY-7237:_myo-,_chiro-_and_scyllo-inositol_degradation,THISYNARA-PWY:_superpathway_of_thiamine_diphosphate_biosynthesis_III_(eukaryotes),7
PWY-7237:_myo-,_chiro-_and_scyllo-inositol_degradation,THRESYN-PWY:_superpathway_of_L-threonine_biosynthesis,2
PWY-7237:_myo-,_chiro-_and_scyllo-inositol_degradation,TRNA-CHARGING-PWY:_tRNA_charging,7
PWY-7237:_myo-,_chiro-_and_scyllo-inositol_degradation,UDPNAGSYN-PWY:_UDP-N-acetyl-D-glucosamine_biosynthesis_I,1
PWY-7237:_myo-,_chiro-_and_scyllo-inositol_degradation,VALSYN-PWY:_L-valine_biosynthesis,12
PWY-7238:_sucrose_biosynthesis_II,PWY-7242:_D-fructuronate_degradation,1
PWY-7238:_sucrose_biosynthesis_II,PWY-724:_superpathway_of_L-lysine,_L-threonine_and_L-methionine_biosynthesis_II,4
PWY-7238:_sucrose_biosynthesis_II,PWY-7282:_4-amino-2-methyl-5-diphosphomethylpyrimidine_biosynthesis_II,1
PWY-7238:_sucrose_biosynthesis_II,PWY-7312:_dTDP-&beta;-D-fucofuranose_biosynthesis,1
PWY-7238:_sucrose_biosynthesis_II,PWY-7315:_dTDP-N-acetylthomosamine_biosynthesis,2
PWY-7238:_sucrose_biosynthesis_II,PWY-7316:_dTDP-N-acetylviosamine_biosynthesis,1
PWY-7238:_sucrose_biosynthesis_II,PWY-7357:_thiamine_phosphate_formation_from_pyrithiamine_and_oxythiamine_(yeast),8
PWY-7238:_sucrose_biosynthesis_II,PWY-7456:_&beta;-(1,4)-mannan_degradation,2
PWY-7238:_sucrose_biosynthesis_II,PWY-7560:_methylerythritol_phosphate_pathway_II,1
PWY-7238:_sucrose_biosynthesis_II,PWY-7663:_gondoate_biosynthesis_(anaerobic),4
PWY-7238:_sucrose_biosynthesis_II,PWY-7664:_oleate_biosynthesis_IV_(anaerobic),1
PWY-7238:_sucrose_biosynthesis_II,PWY-7688:_dTDP-&alpha;-D-ravidosamine_and_dTDP-4-acetyl-&alpha;-D-ravidosamine_biosynthesis,2
PWY-7238:_sucrose_biosynthesis_II,PWY-7790:_UMP_biosynthesis_II,11
PWY-7238:_sucrose_biosynthesis_II,PWY-7791:_UMP_biosynthesis_III,11
PWY-7238:_sucrose_biosynthesis_II,PWY-7851:_coenzyme_A_biosynthesis_II_(eukaryotic),9
PWY-7238:_sucrose_biosynthesis_II,PWY-7953:_UDP-N-acetylmuramoyl-pentapeptide_biosynthesis_III_(meso-diaminopimelate_containing),12
PWY-7238:_sucrose_biosynthesis_II,PWY-7977:_L-methionine_biosynthesis_IV,10
PWY-7238:_sucrose_biosynthesis_II,PWY-8073:_lipid_IVA_biosynthesis_(P._putida),4
PWY-7238:_sucrose_biosynthesis_II,PWY-8178:_pentose_phosphate_pathway_(non-oxidative_branch)_II,6
PWY-7238:_sucrose_biosynthesis_II,PWY0-1061:_superpathway_of_L-alanine_biosynthesis,2
PWY-7238:_sucrose_biosynthesis_II,PWY0-1296:_purine_ribonucleosides_degradation,6
PWY-7238:_sucrose_biosynthesis_II,PWY0-1319:_CDP-diacylglycerol_biosynthesis_II,11
PWY-7238:_sucrose_biosynthesis_II,PWY0-1586:_peptidoglycan_maturation_(meso-diaminopimelate_containing),6
PWY-7238:_sucrose_biosynthesis_II,PWY0-162:_superpathway_of_pyrimidine_ribonucleotides_de_novo_biosynthesis,1
PWY-7238:_sucrose_biosynthesis_II,PWY0-845:_superpathway_of_pyridoxal_5'-phosphate_biosynthesis_and_salvage,2
PWY-7238:_sucrose_biosynthesis_II,PWY0-862:_(5Z)-dodecenoate_biosynthesis_I,1
PWY-7238:_sucrose_biosynthesis_II,PWY4FS-7:_phosphatidylglycerol_biosynthesis_I_(plastidic),1
PWY-7238:_sucrose_biosynthesis_II,PWY4FS-8:_phosphatidylglycerol_biosynthesis_II_(non-plastidic),1
PWY-7238:_sucrose_biosynthesis_II,PWY66-429:_fatty_acid_biosynthesis_initiation_(mitochondria),6
PWY-7238:_sucrose_biosynthesis_II,PYRIDNUCSYN-PWY:_NAD_de_novo_biosynthesis_I_(from_aspartate),5
PWY-7238:_sucrose_biosynthesis_II,PYRIDOXSYN-PWY:_pyridoxal_5'-phosphate_biosynthesis_I,3
PWY-7238:_sucrose_biosynthesis_II,RHAMCAT-PWY:_L-rhamnose_degradation_I,3
PWY-7238:_sucrose_biosynthesis_II,RIBOSYN2-PWY:_flavin_biosynthesis_I_(bacteria_and_plants),5
PWY-7238:_sucrose_biosynthesis_II,SALVADEHYPOX-PWY:_adenosine_nucleotides_degradation_II,1
PWY-7238:_sucrose_biosynthesis_II,SER-GLYSYN-PWY:_superpathway_of_L-serine_and_glycine_biosynthesis_I,10
PWY-7238:_sucrose_biosynthesis_II,THISYNARA-PWY:_superpathway_of_thiamine_diphosphate_biosynthesis_III_(eukaryotes),6
PWY-7238:_sucrose_biosynthesis_II,THRESYN-PWY:_superpathway_of_L-threonine_biosynthesis,5
PWY-7238:_sucrose_biosynthesis_II,TRNA-CHARGING-PWY:_tRNA_charging,8
PWY-7238:_sucrose_biosynthesis_II,UDPNAGSYN-PWY:_UDP-N-acetyl-D-glucosamine_biosynthesis_I,7
PWY-7238:_sucrose_biosynthesis_II,VALSYN-PWY:_L-valine_biosynthesis,16
PWY-7242:_D-fructuronate_degradation,PWY-724:_superpathway_of_L-lysine,_L-threonine_and_L-methionine_biosynthesis_II,1
PWY-7242:_D-fructuronate_degradation,PWY-7357:_thiamine_phosphate_formation_from_pyrithiamine_and_oxythiamine_(yeast),1
PWY-7242:_D-fructuronate_degradation,PWY-7790:_UMP_biosynthesis_II,1
PWY-7242:_D-fructuronate_degradation,PWY-7791:_UMP_biosynthesis_III,1
PWY-7242:_D-fructuronate_degradation,PWY-7851:_coenzyme_A_biosynthesis_II_(eukaryotic),1
PWY-7242:_D-fructuronate_degradation,PWY-7977:_L-methionine_biosynthesis_IV,1
PWY-7242:_D-fructuronate_degradation,PWY0-1296:_purine_ribonucleosides_degradation,1
PWY-7242:_D-fructuronate_degradation,PWY0-1319:_CDP-diacylglycerol_biosynthesis_II,1
PWY-7242:_D-fructuronate_degradation,RIBOSYN2-PWY:_flavin_biosynthesis_I_(bacteria_and_plants),1
PWY-7242:_D-fructuronate_degradation,SALVADEHYPOX-PWY:_adenosine_nucleotides_degradation_II,1
PWY-7242:_D-fructuronate_degradation,SER-GLYSYN-PWY:_superpathway_of_L-serine_and_glycine_biosynthesis_I,1
PWY-7242:_D-fructuronate_degradation,THISYNARA-PWY:_superpathway_of_thiamine_diphosphate_biosynthesis_III_(eukaryotes),1
PWY-7242:_D-fructuronate_degradation,THRESYN-PWY:_superpathway_of_L-threonine_biosynthesis,1
PWY-7242:_D-fructuronate_degradation,TRNA-CHARGING-PWY:_tRNA_charging,1
PWY-7242:_D-fructuronate_degradation,VALSYN-PWY:_L-valine_biosynthesis,1
PWY-724:_superpathway_of_L-lysine,_L-threonine_and_L-methionine_biosynthesis_II,PWY-7282:_4-amino-2-methyl-5-diphosphomethylpyrimidine_biosynthesis_II,1
PWY-724:_superpathway_of_L-lysine,_L-threonine_and_L-methionine_biosynthesis_II,PWY-7315:_dTDP-N-acetylthomosamine_biosynthesis,1
PWY-724:_superpathway_of_L-lysine,_L-threonine_and_L-methionine_biosynthesis_II,PWY-7357:_thiamine_phosphate_formation_from_pyrithiamine_and_oxythiamine_(yeast),4
PWY-724:_superpathway_of_L-lysine,_L-threonine_and_L-methionine_biosynthesis_II,PWY-7663:_gondoate_biosynthesis_(anaerobic),1
PWY-724:_superpathway_of_L-lysine,_L-threonine_and_L-methionine_biosynthesis_II,PWY-7790:_UMP_biosynthesis_II,3
PWY-724:_superpathway_of_L-lysine,_L-threonine_and_L-methionine_biosynthesis_II,PWY-7791:_UMP_biosynthesis_III,3
PWY-724:_superpathway_of_L-lysine,_L-threonine_and_L-methionine_biosynthesis_II,PWY-7851:_coenzyme_A_biosynthesis_II_(eukaryotic),3
PWY-724:_superpathway_of_L-lysine,_L-threonine_and_L-methionine_biosynthesis_II,PWY-7953:_UDP-N-acetylmuramoyl-pentapeptide_biosynthesis_III_(meso-diaminopimelate_containing),3
PWY-724:_superpathway_of_L-lysine,_L-threonine_and_L-methionine_biosynthesis_II,PWY-7977:_L-methionine_biosynthesis_IV,3
PWY-724:_superpathway_of_L-lysine,_L-threonine_and_L-methionine_biosynthesis_II,PWY-8073:_lipid_IVA_biosynthesis_(P._putida),1
PWY-724:_superpathway_of_L-lysine,_L-threonine_and_L-methionine_biosynthesis_II,PWY-8178:_pentose_phosphate_pathway_(non-oxidative_branch)_II,2
PWY-724:_superpathway_of_L-lysine,_L-threonine_and_L-methionine_biosynthesis_II,PWY0-1296:_purine_ribonucleosides_degradation,1
PWY-724:_superpathway_of_L-lysine,_L-threonine_and_L-methionine_biosynthesis_II,PWY0-1319:_CDP-diacylglycerol_biosynthesis_II,4
PWY-724:_superpathway_of_L-lysine,_L-threonine_and_L-methionine_biosynthesis_II,PWY0-1586:_peptidoglycan_maturation_(meso-diaminopimelate_containing),2
PWY-724:_superpathway_of_L-lysine,_L-threonine_and_L-methionine_biosynthesis_II,PWY0-845:_superpathway_of_pyridoxal_5'-phosphate_biosynthesis_and_salvage,1
PWY-724:_superpathway_of_L-lysine,_L-threonine_and_L-methionine_biosynthesis_II,PWY4FS-7:_phosphatidylglycerol_biosynthesis_I_(plastidic),1
PWY-724:_superpathway_of_L-lysine,_L-threonine_and_L-methionine_biosynthesis_II,PWY4FS-8:_phosphatidylglycerol_biosynthesis_II_(non-plastidic),1
PWY-724:_superpathway_of_L-lysine,_L-threonine_and_L-methionine_biosynthesis_II,PWY66-429:_fatty_acid_biosynthesis_initiation_(mitochondria),2
PWY-724:_superpathway_of_L-lysine,_L-threonine_and_L-methionine_biosynthesis_II,PYRIDNUCSYN-PWY:_NAD_de_novo_biosynthesis_I_(from_aspartate),2
PWY-724:_superpathway_of_L-lysine,_L-threonine_and_L-methionine_biosynthesis_II,PYRIDOXSYN-PWY:_pyridoxal_5'-phosphate_biosynthesis_I,1
PWY-724:_superpathway_of_L-lysine,_L-threonine_and_L-methionine_biosynthesis_II,RHAMCAT-PWY:_L-rhamnose_degradation_I,1
PWY-724:_superpathway_of_L-lysine,_L-threonine_and_L-methionine_biosynthesis_II,RIBOSYN2-PWY:_flavin_biosynthesis_I_(bacteria_and_plants),1
PWY-724:_superpathway_of_L-lysine,_L-threonine_and_L-methionine_biosynthesis_II,SALVADEHYPOX-PWY:_adenosine_nucleotides_degradation_II,1
PWY-724:_superpathway_of_L-lysine,_L-threonine_and_L-methionine_biosynthesis_II,SER-GLYSYN-PWY:_superpathway_of_L-serine_and_glycine_biosynthesis_I,3
PWY-724:_superpathway_of_L-lysine,_L-threonine_and_L-methionine_biosynthesis_II,THISYNARA-PWY:_superpathway_of_thiamine_diphosphate_biosynthesis_III_(eukaryotes),3
PWY-724:_superpathway_of_L-lysine,_L-threonine_and_L-methionine_biosynthesis_II,THRESYN-PWY:_superpathway_of_L-threonine_biosynthesis,2
PWY-724:_superpathway_of_L-lysine,_L-threonine_and_L-methionine_biosynthesis_II,TRNA-CHARGING-PWY:_tRNA_charging,2
PWY-724:_superpathway_of_L-lysine,_L-threonine_and_L-methionine_biosynthesis_II,VALSYN-PWY:_L-valine_biosynthesis,3
PWY-7282:_4-amino-2-methyl-5-diphosphomethylpyrimidine_biosynthesis_II,PWY-7315:_dTDP-N-acetylthomosamine_biosynthesis,1
PWY-7282:_4-amino-2-methyl-5-diphosphomethylpyrimidine_biosynthesis_II,PWY-7357:_thiamine_phosphate_formation_from_pyrithiamine_and_oxythiamine_(yeast),3
PWY-7282:_4-amino-2-methyl-5-diphosphomethylpyrimidine_biosynthesis_II,PWY-7560:_methylerythritol_phosphate_pathway_II,2
PWY-7282:_4-amino-2-methyl-5-diphosphomethylpyrimidine_biosynthesis_II,PWY-7663:_gondoate_biosynthesis_(anaerobic),3
PWY-7282:_4-amino-2-methyl-5-diphosphomethylpyrimidine_biosynthesis_II,PWY-7790:_UMP_biosynthesis_II,3
PWY-7282:_4-amino-2-methyl-5-diphosphomethylpyrimidine_biosynthesis_II,PWY-7791:_UMP_biosynthesis_III,3
PWY-7282:_4-amino-2-methyl-5-diphosphomethylpyrimidine_biosynthesis_II,PWY-7851:_coenzyme_A_biosynthesis_II_(eukaryotic),3
PWY-7282:_4-amino-2-methyl-5-diphosphomethylpyrimidine_biosynthesis_II,PWY-7953:_UDP-N-acetylmuramoyl-pentapeptide_biosynthesis_III_(meso-diaminopimelate_containing),3
PWY-7282:_4-amino-2-methyl-5-diphosphomethylpyrimidine_biosynthesis_II,PWY-7977:_L-methionine_biosynthesis_IV,3
PWY-7282:_4-amino-2-methyl-5-diphosphomethylpyrimidine_biosynthesis_II,PWY-8073:_lipid_IVA_biosynthesis_(P._putida),1
PWY-7282:_4-amino-2-methyl-5-diphosphomethylpyrimidine_biosynthesis_II,PWY-8178:_pentose_phosphate_pathway_(non-oxidative_branch)_II,1
PWY-7282:_4-amino-2-methyl-5-diphosphomethylpyrimidine_biosynthesis_II,PWY0-1319:_CDP-diacylglycerol_biosynthesis_II,3
PWY-7282:_4-amino-2-methyl-5-diphosphomethylpyrimidine_biosynthesis_II,PWY0-1586:_peptidoglycan_maturation_(meso-diaminopimelate_containing),3
PWY-7282:_4-amino-2-methyl-5-diphosphomethylpyrimidine_biosynthesis_II,PWY0-162:_superpathway_of_pyrimidine_ribonucleotides_de_novo_biosynthesis,1
PWY-7282:_4-amino-2-methyl-5-diphosphomethylpyrimidine_biosynthesis_II,PWY0-845:_superpathway_of_pyridoxal_5'-phosphate_biosynthesis_and_salvage,3
PWY-7282:_4-amino-2-methyl-5-diphosphomethylpyrimidine_biosynthesis_II,PWY66-429:_fatty_acid_biosynthesis_initiation_(mitochondria),3
PWY-7282:_4-amino-2-methyl-5-diphosphomethylpyrimidine_biosynthesis_II,PYRIDNUCSYN-PWY:_NAD_de_novo_biosynthesis_I_(from_aspartate),3
PWY-7282:_4-amino-2-methyl-5-diphosphomethylpyrimidine_biosynthesis_II,PYRIDOXSYN-PWY:_pyridoxal_5'-phosphate_biosynthesis_I,3
PWY-7282:_4-amino-2-methyl-5-diphosphomethylpyrimidine_biosynthesis_II,RHAMCAT-PWY:_L-rhamnose_degradation_I,3
PWY-7282:_4-amino-2-methyl-5-diphosphomethylpyrimidine_biosynthesis_II,RIBOSYN2-PWY:_flavin_biosynthesis_I_(bacteria_and_plants),1
PWY-7282:_4-amino-2-methyl-5-diphosphomethylpyrimidine_biosynthesis_II,SER-GLYSYN-PWY:_superpathway_of_L-serine_and_glycine_biosynthesis_I,3
PWY-7282:_4-amino-2-methyl-5-diphosphomethylpyrimidine_biosynthesis_II,THISYNARA-PWY:_superpathway_of_thiamine_diphosphate_biosynthesis_III_(eukaryotes),3
PWY-7282:_4-amino-2-methyl-5-diphosphomethylpyrimidine_biosynthesis_II,THRESYN-PWY:_superpathway_of_L-threonine_biosynthesis,1
PWY-7282:_4-amino-2-methyl-5-diphosphomethylpyrimidine_biosynthesis_II,TRNA-CHARGING-PWY:_tRNA_charging,3
PWY-7282:_4-amino-2-methyl-5-diphosphomethylpyrimidine_biosynthesis_II,VALSYN-PWY:_L-valine_biosynthesis,3
PWY-7312:_dTDP-&beta;-D-fucofuranose_biosynthesis,PWY-7663:_gondoate_biosynthesis_(anaerobic),1
PWY-7312:_dTDP-&beta;-D-fucofuranose_biosynthesis,PWY-7790:_UMP_biosynthesis_II,1
PWY-7312:_dTDP-&beta;-D-fucofuranose_biosynthesis,PWY-7791:_UMP_biosynthesis_III,1
PWY-7312:_dTDP-&beta;-D-fucofuranose_biosynthesis,PWY-7851:_coenzyme_A_biosynthesis_II_(eukaryotic),1
PWY-7312:_dTDP-&beta;-D-fucofuranose_biosynthesis,PWY-7953:_UDP-N-acetylmuramoyl-pentapeptide_biosynthesis_III_(meso-diaminopimelate_containing),1
PWY-7312:_dTDP-&beta;-D-fucofuranose_biosynthesis,PWY-7977:_L-methionine_biosynthesis_IV,1
PWY-7312:_dTDP-&beta;-D-fucofuranose_biosynthesis,PWY-8073:_lipid_IVA_biosynthesis_(P._putida),1
PWY-7312:_dTDP-&beta;-D-fucofuranose_biosynthesis,PWY0-1319:_CDP-diacylglycerol_biosynthesis_II,1
PWY-7312:_dTDP-&beta;-D-fucofuranose_biosynthesis,PWY0-1586:_peptidoglycan_maturation_(meso-diaminopimelate_containing),1
PWY-7312:_dTDP-&beta;-D-fucofuranose_biosynthesis,PYRIDOXSYN-PWY:_pyridoxal_5'-phosphate_biosynthesis_I,1
PWY-7312:_dTDP-&beta;-D-fucofuranose_biosynthesis,SER-GLYSYN-PWY:_superpathway_of_L-serine_and_glycine_biosynthesis_I,1
PWY-7312:_dTDP-&beta;-D-fucofuranose_biosynthesis,THRESYN-PWY:_superpathway_of_L-threonine_biosynthesis,1
PWY-7312:_dTDP-&beta;-D-fucofuranose_biosynthesis,VALSYN-PWY:_L-valine_biosynthesis,1
PWY-7315:_dTDP-N-acetylthomosamine_biosynthesis,PWY-7357:_thiamine_phosphate_formation_from_pyrithiamine_and_oxythiamine_(yeast),2
PWY-7315:_dTDP-N-acetylthomosamine_biosynthesis,PWY-7663:_gondoate_biosynthesis_(anaerobic),1
PWY-7315:_dTDP-N-acetylthomosamine_biosynthesis,PWY-7790:_UMP_biosynthesis_II,2
PWY-7315:_dTDP-N-acetylthomosamine_biosynthesis,PWY-7791:_UMP_biosynthesis_III,2
PWY-7315:_dTDP-N-acetylthomosamine_biosynthesis,PWY-7851:_coenzyme_A_biosynthesis_II_(eukaryotic),2
PWY-7315:_dTDP-N-acetylthomosamine_biosynthesis,PWY-7953:_UDP-N-acetylmuramoyl-pentapeptide_biosynthesis_III_(meso-diaminopimelate_containing),2
PWY-7315:_dTDP-N-acetylthomosamine_biosynthesis,PWY-7977:_L-methionine_biosynthesis_IV,1
PWY-7315:_dTDP-N-acetylthomosamine_biosynthesis,PWY-8073:_lipid_IVA_biosynthesis_(P._putida),1
PWY-7315:_dTDP-N-acetylthomosamine_biosynthesis,PWY-8178:_pentose_phosphate_pathway_(non-oxidative_branch)_II,1
PWY-7315:_dTDP-N-acetylthomosamine_biosynthesis,PWY0-1061:_superpathway_of_L-alanine_biosynthesis,1
PWY-7315:_dTDP-N-acetylthomosamine_biosynthesis,PWY0-1296:_purine_ribonucleosides_degradation,1
PWY-7315:_dTDP-N-acetylthomosamine_biosynthesis,PWY0-1319:_CDP-diacylglycerol_biosynthesis_II,2
PWY-7315:_dTDP-N-acetylthomosamine_biosynthesis,PWY0-1586:_peptidoglycan_maturation_(meso-diaminopimelate_containing),2
PWY-7315:_dTDP-N-acetylthomosamine_biosynthesis,PWY0-845:_superpathway_of_pyridoxal_5'-phosphate_biosynthesis_and_salvage,1
PWY-7315:_dTDP-N-acetylthomosamine_biosynthesis,PWY66-429:_fatty_acid_biosynthesis_initiation_(mitochondria),1
PWY-7315:_dTDP-N-acetylthomosamine_biosynthesis,PYRIDNUCSYN-PWY:_NAD_de_novo_biosynthesis_I_(from_aspartate),1
PWY-7315:_dTDP-N-acetylthomosamine_biosynthesis,PYRIDOXSYN-PWY:_pyridoxal_5'-phosphate_biosynthesis_I,1
PWY-7315:_dTDP-N-acetylthomosamine_biosynthesis,RHAMCAT-PWY:_L-rhamnose_degradation_I,1
PWY-7315:_dTDP-N-acetylthomosamine_biosynthesis,RIBOSYN2-PWY:_flavin_biosynthesis_I_(bacteria_and_plants),1
PWY-7315:_dTDP-N-acetylthomosamine_biosynthesis,SER-GLYSYN-PWY:_superpathway_of_L-serine_and_glycine_biosynthesis_I,1
PWY-7315:_dTDP-N-acetylthomosamine_biosynthesis,THISYNARA-PWY:_superpathway_of_thiamine_diphosphate_biosynthesis_III_(eukaryotes),2
PWY-7315:_dTDP-N-acetylthomosamine_biosynthesis,THRESYN-PWY:_superpathway_of_L-threonine_biosynthesis,1
PWY-7315:_dTDP-N-acetylthomosamine_biosynthesis,TRNA-CHARGING-PWY:_tRNA_charging,2
PWY-7315:_dTDP-N-acetylthomosamine_biosynthesis,VALSYN-PWY:_L-valine_biosynthesis,2
PWY-7316:_dTDP-N-acetylviosamine_biosynthesis,PWY-7663:_gondoate_biosynthesis_(anaerobic),1
PWY-7316:_dTDP-N-acetylviosamine_biosynthesis,PWY-7664:_oleate_biosynthesis_IV_(anaerobic),1
PWY-7316:_dTDP-N-acetylviosamine_biosynthesis,PWY-7688:_dTDP-&alpha;-D-ravidosamine_and_dTDP-4-acetyl-&alpha;-D-ravidosamine_biosynthesis,1
PWY-7316:_dTDP-N-acetylviosamine_biosynthesis,PWY-7790:_UMP_biosynthesis_II,1
PWY-7316:_dTDP-N-acetylviosamine_biosynthesis,PWY-7791:_UMP_biosynthesis_III,1
PWY-7316:_dTDP-N-acetylviosamine_biosynthesis,PWY-7851:_coenzyme_A_biosynthesis_II_(eukaryotic),1
PWY-7316:_dTDP-N-acetylviosamine_biosynthesis,PWY-7953:_UDP-N-acetylmuramoyl-pentapeptide_biosynthesis_III_(meso-diaminopimelate_containing),1
PWY-7316:_dTDP-N-acetylviosamine_biosynthesis,PWY-7977:_L-methionine_biosynthesis_IV,1
PWY-7316:_dTDP-N-acetylviosamine_biosynthesis,PWY-8073:_lipid_IVA_biosynthesis_(P._putida),1
PWY-7316:_dTDP-N-acetylviosamine_biosynthesis,PWY0-1319:_CDP-diacylglycerol_biosynthesis_II,1
PWY-7316:_dTDP-N-acetylviosamine_biosynthesis,PWY0-862:_(5Z)-dodecenoate_biosynthesis_I,1
PWY-7316:_dTDP-N-acetylviosamine_biosynthesis,PWY66-429:_fatty_acid_biosynthesis_initiation_(mitochondria),1
PWY-7316:_dTDP-N-acetylviosamine_biosynthesis,PYRIDNUCSYN-PWY:_NAD_de_novo_biosynthesis_I_(from_aspartate),1
PWY-7316:_dTDP-N-acetylviosamine_biosynthesis,RHAMCAT-PWY:_L-rhamnose_degradation_I,1
PWY-7316:_dTDP-N-acetylviosamine_biosynthesis,RIBOSYN2-PWY:_flavin_biosynthesis_I_(bacteria_and_plants),1
PWY-7316:_dTDP-N-acetylviosamine_biosynthesis,SER-GLYSYN-PWY:_superpathway_of_L-serine_and_glycine_biosynthesis_I,1
PWY-7316:_dTDP-N-acetylviosamine_biosynthesis,TRNA-CHARGING-PWY:_tRNA_charging,1
PWY-7316:_dTDP-N-acetylviosamine_biosynthesis,VALSYN-PWY:_L-valine_biosynthesis,1
PWY-7357:_thiamine_phosphate_formation_from_pyrithiamine_and_oxythiamine_(yeast),PWY-7456:_&beta;-(1,4)-mannan_degradation,1
PWY-7357:_thiamine_phosphate_formation_from_pyrithiamine_and_oxythiamine_(yeast),PWY-7560:_methylerythritol_phosphate_pathway_II,3
PWY-7357:_thiamine_phosphate_formation_from_pyrithiamine_and_oxythiamine_(yeast),PWY-7663:_gondoate_biosynthesis_(anaerobic),3
PWY-7357:_thiamine_phosphate_formation_from_pyrithiamine_and_oxythiamine_(yeast),PWY-7790:_UMP_biosynthesis_II,9
PWY-7357:_thiamine_phosphate_formation_from_pyrithiamine_and_oxythiamine_(yeast),PWY-7791:_UMP_biosynthesis_III,9
PWY-7357:_thiamine_phosphate_formation_from_pyrithiamine_and_oxythiamine_(yeast),PWY-7851:_coenzyme_A_biosynthesis_II_(eukaryotic),9
PWY-7357:_thiamine_phosphate_formation_from_pyrithiamine_and_oxythiamine_(yeast),PWY-7953:_UDP-N-acetylmuramoyl-pentapeptide_biosynthesis_III_(meso-diaminopimelate_containing),8
PWY-7357:_thiamine_phosphate_formation_from_pyrithiamine_and_oxythiamine_(yeast),PWY-7977:_L-methionine_biosynthesis_IV,8
PWY-7357:_thiamine_phosphate_formation_from_pyrithiamine_and_oxythiamine_(yeast),PWY-8073:_lipid_IVA_biosynthesis_(P._putida),1
PWY-7357:_thiamine_phosphate_formation_from_pyrithiamine_and_oxythiamine_(yeast),PWY-8178:_pentose_phosphate_pathway_(non-oxidative_branch)_II,7
PWY-7357:_thiamine_phosphate_formation_from_pyrithiamine_and_oxythiamine_(yeast),PWY0-1061:_superpathway_of_L-alanine_biosynthesis,2
PWY-7357:_thiamine_phosphate_formation_from_pyrithiamine_and_oxythiamine_(yeast),PWY0-1296:_purine_ribonucleosides_degradation,4
PWY-7357:_thiamine_phosphate_formation_from_pyrithiamine_and_oxythiamine_(yeast),PWY0-1319:_CDP-diacylglycerol_biosynthesis_II,11
PWY-7357:_thiamine_phosphate_formation_from_pyrithiamine_and_oxythiamine_(yeast),PWY0-1479:_tRNA_processing,1
PWY-7357:_thiamine_phosphate_formation_from_pyrithiamine_and_oxythiamine_(yeast),PWY0-1586:_peptidoglycan_maturation_(meso-diaminopimelate_containing),7
PWY-7357:_thiamine_phosphate_formation_from_pyrithiamine_and_oxythiamine_(yeast),PWY0-162:_superpathway_of_pyrimidine_ribonucleotides_de_novo_biosynthesis,1
PWY-7357:_thiamine_phosphate_formation_from_pyrithiamine_and_oxythiamine_(yeast),PWY0-845:_superpathway_of_pyridoxal_5'-phosphate_biosynthesis_and_salvage,3
PWY-7357:_thiamine_phosphate_formation_from_pyrithiamine_and_oxythiamine_(yeast),PWY4FS-7:_phosphatidylglycerol_biosynthesis_I_(plastidic),1
PWY-7357:_thiamine_phosphate_formation_from_pyrithiamine_and_oxythiamine_(yeast),PWY4FS-8:_phosphatidylglycerol_biosynthesis_II_(non-plastidic),1
PWY-7357:_thiamine_phosphate_formation_from_pyrithiamine_and_oxythiamine_(yeast),PWY66-429:_fatty_acid_biosynthesis_initiation_(mitochondria),5
PWY-7357:_thiamine_phosphate_formation_from_pyrithiamine_and_oxythiamine_(yeast),PYRIDNUCSYN-PWY:_NAD_de_novo_biosynthesis_I_(from_aspartate),5
PWY-7357:_thiamine_phosphate_formation_from_pyrithiamine_and_oxythiamine_(yeast),PYRIDOXSYN-PWY:_pyridoxal_5'-phosphate_biosynthesis_I,3
PWY-7357:_thiamine_phosphate_formation_from_pyrithiamine_and_oxythiamine_(yeast),RHAMCAT-PWY:_L-rhamnose_degradation_I,4
PWY-7357:_thiamine_phosphate_formation_from_pyrithiamine_and_oxythiamine_(yeast),RIBOSYN2-PWY:_flavin_biosynthesis_I_(bacteria_and_plants),4
PWY-7357:_thiamine_phosphate_formation_from_pyrithiamine_and_oxythiamine_(yeast),SALVADEHYPOX-PWY:_adenosine_nucleotides_degradation_II,1
PWY-7357:_thiamine_phosphate_formation_from_pyrithiamine_and_oxythiamine_(yeast),SER-GLYSYN-PWY:_superpathway_of_L-serine_and_glycine_biosynthesis_I,8
PWY-7357:_thiamine_phosphate_formation_from_pyrithiamine_and_oxythiamine_(yeast),THISYNARA-PWY:_superpathway_of_thiamine_diphosphate_biosynthesis_III_(eukaryotes),9
PWY-7357:_thiamine_phosphate_formation_from_pyrithiamine_and_oxythiamine_(yeast),THRESYN-PWY:_superpathway_of_L-threonine_biosynthesis,3
PWY-7357:_thiamine_phosphate_formation_from_pyrithiamine_and_oxythiamine_(yeast),TRNA-CHARGING-PWY:_tRNA_charging,7
PWY-7357:_thiamine_phosphate_formation_from_pyrithiamine_and_oxythiamine_(yeast),UDPNAGSYN-PWY:_UDP-N-acetyl-D-glucosamine_biosynthesis_I,2
PWY-7357:_thiamine_phosphate_formation_from_pyrithiamine_and_oxythiamine_(yeast),VALSYN-PWY:_L-valine_biosynthesis,10
PWY-7456:_&beta;-(1,4)-mannan_degradation,PWY-7790:_UMP_biosynthesis_II,1
PWY-7456:_&beta;-(1,4)-mannan_degradation,PWY-7791:_UMP_biosynthesis_III,1
PWY-7456:_&beta;-(1,4)-mannan_degradation,PWY-7977:_L-methionine_biosynthesis_IV,1
PWY-7456:_&beta;-(1,4)-mannan_degradation,PWY-8178:_pentose_phosphate_pathway_(non-oxidative_branch)_II,1
PWY-7456:_&beta;-(1,4)-mannan_degradation,PWY0-1319:_CDP-diacylglycerol_biosynthesis_II,1
PWY-7456:_&beta;-(1,4)-mannan_degradation,PWY66-429:_fatty_acid_biosynthesis_initiation_(mitochondria),1
PWY-7456:_&beta;-(1,4)-mannan_degradation,PYRIDNUCSYN-PWY:_NAD_de_novo_biosynthesis_I_(from_aspartate),1
PWY-7456:_&beta;-(1,4)-mannan_degradation,SER-GLYSYN-PWY:_superpathway_of_L-serine_and_glycine_biosynthesis_I,1
PWY-7456:_&beta;-(1,4)-mannan_degradation,UDPNAGSYN-PWY:_UDP-N-acetyl-D-glucosamine_biosynthesis_I,2
PWY-7456:_&beta;-(1,4)-mannan_degradation,VALSYN-PWY:_L-valine_biosynthesis,2
PWY-7560:_methylerythritol_phosphate_pathway_II,PWY-7663:_gondoate_biosynthesis_(anaerobic),4
PWY-7560:_methylerythritol_phosphate_pathway_II,PWY-7790:_UMP_biosynthesis_II,5
PWY-7560:_methylerythritol_phosphate_pathway_II,PWY-7791:_UMP_biosynthesis_III,5
PWY-7560:_methylerythritol_phosphate_pathway_II,PWY-7851:_coenzyme_A_biosynthesis_II_(eukaryotic),6
PWY-7560:_methylerythritol_phosphate_pathway_II,PWY-7953:_UDP-N-acetylmuramoyl-pentapeptide_biosynthesis_III_(meso-diaminopimelate_containing),5
PWY-7560:_methylerythritol_phosphate_pathway_II,PWY-7977:_L-methionine_biosynthesis_IV,5
PWY-7560:_methylerythritol_phosphate_pathway_II,PWY-8004:_Entner-Doudoroff_pathway_I,1
PWY-7560:_methylerythritol_phosphate_pathway_II,PWY-8178:_pentose_phosphate_pathway_(non-oxidative_branch)_II,2
PWY-7560:_methylerythritol_phosphate_pathway_II,PWY0-1241:_ADP-L-glycero-&beta;-D-manno-heptose_biosynthesis,1
PWY-7560:_methylerythritol_phosphate_pathway_II,PWY0-1296:_purine_ribonucleosides_degradation,2
PWY-7560:_methylerythritol_phosphate_pathway_II,PWY0-1319:_CDP-diacylglycerol_biosynthesis_II,4
PWY-7560:_methylerythritol_phosphate_pathway_II,PWY0-1586:_peptidoglycan_maturation_(meso-diaminopimelate_containing),4
PWY-7560:_methylerythritol_phosphate_pathway_II,PWY0-162:_superpathway_of_pyrimidine_ribonucleotides_de_novo_biosynthesis,2
PWY-7560:_methylerythritol_phosphate_pathway_II,PWY0-845:_superpathway_of_pyridoxal_5'-phosphate_biosynthesis_and_salvage,4
PWY-7560:_methylerythritol_phosphate_pathway_II,PWY66-429:_fatty_acid_biosynthesis_initiation_(mitochondria),4
PWY-7560:_methylerythritol_phosphate_pathway_II,PYRIDNUCSYN-PWY:_NAD_de_novo_biosynthesis_I_(from_aspartate),4
PWY-7560:_methylerythritol_phosphate_pathway_II,PYRIDOXSYN-PWY:_pyridoxal_5'-phosphate_biosynthesis_I,4
PWY-7560:_methylerythritol_phosphate_pathway_II,RHAMCAT-PWY:_L-rhamnose_degradation_I,4
PWY-7560:_methylerythritol_phosphate_pathway_II,RIBOSYN2-PWY:_flavin_biosynthesis_I_(bacteria_and_plants),4
PWY-7560:_methylerythritol_phosphate_pathway_II,SER-GLYSYN-PWY:_superpathway_of_L-serine_and_glycine_biosynthesis_I,4
PWY-7560:_methylerythritol_phosphate_pathway_II,THISYNARA-PWY:_superpathway_of_thiamine_diphosphate_biosynthesis_III_(eukaryotes),3
PWY-7560:_methylerythritol_phosphate_pathway_II,THRESYN-PWY:_superpathway_of_L-threonine_biosynthesis,1
PWY-7560:_methylerythritol_phosphate_pathway_II,TRNA-CHARGING-PWY:_tRNA_charging,5
PWY-7560:_methylerythritol_phosphate_pathway_II,UDPNAGSYN-PWY:_UDP-N-acetyl-D-glucosamine_biosynthesis_I,1
PWY-7560:_methylerythritol_phosphate_pathway_II,VALSYN-PWY:_L-valine_biosynthesis,6
PWY-7663:_gondoate_biosynthesis_(anaerobic),PWY-7664:_oleate_biosynthesis_IV_(anaerobic),3
PWY-7663:_gondoate_biosynthesis_(anaerobic),PWY-7688:_dTDP-&alpha;-D-ravidosamine_and_dTDP-4-acetyl-&alpha;-D-ravidosamine_biosynthesis,1
PWY-7663:_gondoate_biosynthesis_(anaerobic),PWY-7790:_UMP_biosynthesis_II,12
PWY-7663:_gondoate_biosynthesis_(anaerobic),PWY-7791:_UMP_biosynthesis_III,12
PWY-7663:_gondoate_biosynthesis_(anaerobic),PWY-7851:_coenzyme_A_biosynthesis_II_(eukaryotic),11
PWY-7663:_gondoate_biosynthesis_(anaerobic),PWY-7953:_UDP-N-acetylmuramoyl-pentapeptide_biosynthesis_III_(meso-diaminopimelate_containing),12
PWY-7663:_gondoate_biosynthesis_(anaerobic),PWY-7977:_L-methionine_biosynthesis_IV,12
PWY-7663:_gondoate_biosynthesis_(anaerobic),PWY-8004:_Entner-Doudoroff_pathway_I,1
PWY-7663:_gondoate_biosynthesis_(anaerobic),PWY-8073:_lipid_IVA_biosynthesis_(P._putida),3
PWY-7663:_gondoate_biosynthesis_(anaerobic),PWY-8178:_pentose_phosphate_pathway_(non-oxidative_branch)_II,2
PWY-7663:_gondoate_biosynthesis_(anaerobic),PWY-8187:_L-arginine_degradation_XIII_(reductive_Stickland_reaction),1
PWY-7663:_gondoate_biosynthesis_(anaerobic),PWY0-1319:_CDP-diacylglycerol_biosynthesis_II,10
PWY-7663:_gondoate_biosynthesis_(anaerobic),PWY0-1586:_peptidoglycan_maturation_(meso-diaminopimelate_containing),6
PWY-7663:_gondoate_biosynthesis_(anaerobic),PWY0-162:_superpathway_of_pyrimidine_ribonucleotides_de_novo_biosynthesis,2
PWY-7663:_gondoate_biosynthesis_(anaerobic),PWY0-845:_superpathway_of_pyridoxal_5'-phosphate_biosynthesis_and_salvage,6
PWY-7663:_gondoate_biosynthesis_(anaerobic),PWY0-862:_(5Z)-dodecenoate_biosynthesis_I,3
PWY-7663:_gondoate_biosynthesis_(anaerobic),PWY66-429:_fatty_acid_biosynthesis_initiation_(mitochondria),8
PWY-7663:_gondoate_biosynthesis_(anaerobic),PYRIDNUCSYN-PWY:_NAD_de_novo_biosynthesis_I_(from_aspartate),6
PWY-7663:_gondoate_biosynthesis_(anaerobic),PYRIDOXSYN-PWY:_pyridoxal_5'-phosphate_biosynthesis_I,7
PWY-7663:_gondoate_biosynthesis_(anaerobic),RHAMCAT-PWY:_L-rhamnose_degradation_I,6
PWY-7663:_gondoate_biosynthesis_(anaerobic),RIBOSYN2-PWY:_flavin_biosynthesis_I_(bacteria_and_plants),6
PWY-7663:_gondoate_biosynthesis_(anaerobic),SER-GLYSYN-PWY:_superpathway_of_L-serine_and_glycine_biosynthesis_I,10
PWY-7663:_gondoate_biosynthesis_(anaerobic),THISYNARA-PWY:_superpathway_of_thiamine_diphosphate_biosynthesis_III_(eukaryotes),3
PWY-7663:_gondoate_biosynthesis_(anaerobic),THRESYN-PWY:_superpathway_of_L-threonine_biosynthesis,2
PWY-7663:_gondoate_biosynthesis_(anaerobic),TRNA-CHARGING-PWY:_tRNA_charging,10
PWY-7663:_gondoate_biosynthesis_(anaerobic),VALSYN-PWY:_L-valine_biosynthesis,12
PWY-7664:_oleate_biosynthesis_IV_(anaerobic),PWY-7688:_dTDP-&alpha;-D-ravidosamine_and_dTDP-4-acetyl-&alpha;-D-ravidosamine_biosynthesis,1
PWY-7664:_oleate_biosynthesis_IV_(anaerobic),PWY-7790:_UMP_biosynthesis_II,3
PWY-7664:_oleate_biosynthesis_IV_(anaerobic),PWY-7791:_UMP_biosynthesis_III,3
PWY-7664:_oleate_biosynthesis_IV_(anaerobic),PWY-7851:_coenzyme_A_biosynthesis_II_(eukaryotic),2
PWY-7664:_oleate_biosynthesis_IV_(anaerobic),PWY-7953:_UDP-N-acetylmuramoyl-pentapeptide_biosynthesis_III_(meso-diaminopimelate_containing),3
PWY-7664:_oleate_biosynthesis_IV_(anaerobic),PWY-7977:_L-methionine_biosynthesis_IV,3
PWY-7664:_oleate_biosynthesis_IV_(anaerobic),PWY-8073:_lipid_IVA_biosynthesis_(P._putida),1
PWY-7664:_oleate_biosynthesis_IV_(anaerobic),PWY0-1319:_CDP-diacylglycerol_biosynthesis_II,3
PWY-7664:_oleate_biosynthesis_IV_(anaerobic),PWY0-862:_(5Z)-dodecenoate_biosynthesis_I,3
PWY-7664:_oleate_biosynthesis_IV_(anaerobic),PWY66-429:_fatty_acid_biosynthesis_initiation_(mitochondria),1
PWY-7664:_oleate_biosynthesis_IV_(anaerobic),PYRIDNUCSYN-PWY:_NAD_de_novo_biosynthesis_I_(from_aspartate),2
PWY-7664:_oleate_biosynthesis_IV_(anaerobic),RHAMCAT-PWY:_L-rhamnose_degradation_I,1
PWY-7664:_oleate_biosynthesis_IV_(anaerobic),RIBOSYN2-PWY:_flavin_biosynthesis_I_(bacteria_and_plants),1
PWY-7664:_oleate_biosynthesis_IV_(anaerobic),SER-GLYSYN-PWY:_superpathway_of_L-serine_and_glycine_biosynthesis_I,3
PWY-7664:_oleate_biosynthesis_IV_(anaerobic),TRNA-CHARGING-PWY:_tRNA_charging,2
PWY-7664:_oleate_biosynthesis_IV_(anaerobic),VALSYN-PWY:_L-valine_biosynthesis,3
PWY-7688:_dTDP-&alpha;-D-ravidosamine_and_dTDP-4-acetyl-&alpha;-D-ravidosamine_biosynthesis,PWY-7790:_UMP_biosynthesis_II,1
PWY-7688:_dTDP-&alpha;-D-ravidosamine_and_dTDP-4-acetyl-&alpha;-D-ravidosamine_biosynthesis,PWY-7791:_UMP_biosynthesis_III,1
PWY-7688:_dTDP-&alpha;-D-ravidosamine_and_dTDP-4-acetyl-&alpha;-D-ravidosamine_biosynthesis,PWY-7851:_coenzyme_A_biosynthesis_II_(eukaryotic),1
PWY-7688:_dTDP-&alpha;-D-ravidosamine_and_dTDP-4-acetyl-&alpha;-D-ravidosamine_biosynthesis,PWY-7953:_UDP-N-acetylmuramoyl-pentapeptide_biosynthesis_III_(meso-diaminopimelate_containing),1
PWY-7688:_dTDP-&alpha;-D-ravidosamine_and_dTDP-4-acetyl-&alpha;-D-ravidosamine_biosynthesis,PWY-7977:_L-methionine_biosynthesis_IV,2
PWY-7688:_dTDP-&alpha;-D-ravidosamine_and_dTDP-4-acetyl-&alpha;-D-ravidosamine_biosynthesis,PWY-8073:_lipid_IVA_biosynthesis_(P._putida),2
PWY-7688:_dTDP-&alpha;-D-ravidosamine_and_dTDP-4-acetyl-&alpha;-D-ravidosamine_biosynthesis,PWY0-1319:_CDP-diacylglycerol_biosynthesis_II,1
PWY-7688:_dTDP-&alpha;-D-ravidosamine_and_dTDP-4-acetyl-&alpha;-D-ravidosamine_biosynthesis,PWY0-862:_(5Z)-dodecenoate_biosynthesis_I,1
PWY-7688:_dTDP-&alpha;-D-ravidosamine_and_dTDP-4-acetyl-&alpha;-D-ravidosamine_biosynthesis,PWY66-429:_fatty_acid_biosynthesis_initiation_(mitochondria),2
PWY-7688:_dTDP-&alpha;-D-ravidosamine_and_dTDP-4-acetyl-&alpha;-D-ravidosamine_biosynthesis,PYRIDNUCSYN-PWY:_NAD_de_novo_biosynthesis_I_(from_aspartate),1
PWY-7688:_dTDP-&alpha;-D-ravidosamine_and_dTDP-4-acetyl-&alpha;-D-ravidosamine_biosynthesis,RHAMCAT-PWY:_L-rhamnose_degradation_I,1
PWY-7688:_dTDP-&alpha;-D-ravidosamine_and_dTDP-4-acetyl-&alpha;-D-ravidosamine_biosynthesis,RIBOSYN2-PWY:_flavin_biosynthesis_I_(bacteria_and_plants),1
PWY-7688:_dTDP-&alpha;-D-ravidosamine_and_dTDP-4-acetyl-&alpha;-D-ravidosamine_biosynthesis,SER-GLYSYN-PWY:_superpathway_of_L-serine_and_glycine_biosynthesis_I,1
PWY-7688:_dTDP-&alpha;-D-ravidosamine_and_dTDP-4-acetyl-&alpha;-D-ravidosamine_biosynthesis,THRESYN-PWY:_superpathway_of_L-threonine_biosynthesis,1
PWY-7688:_dTDP-&alpha;-D-ravidosamine_and_dTDP-4-acetyl-&alpha;-D-ravidosamine_biosynthesis,TRNA-CHARGING-PWY:_tRNA_charging,1
PWY-7688:_dTDP-&alpha;-D-ravidosamine_and_dTDP-4-acetyl-&alpha;-D-ravidosamine_biosynthesis,VALSYN-PWY:_L-valine_biosynthesis,2
PWY-7790:_UMP_biosynthesis_II,PWY-7791:_UMP_biosynthesis_III,24
PWY-7790:_UMP_biosynthesis_II,PWY-7851:_coenzyme_A_biosynthesis_II_(eukaryotic),20
PWY-7790:_UMP_biosynthesis_II,PWY-7953:_UDP-N-acetylmuramoyl-pentapeptide_biosynthesis_III_(meso-diaminopimelate_containing),20
PWY-7790:_UMP_biosynthesis_II,PWY-7977:_L-methionine_biosynthesis_IV,18
PWY-7790:_UMP_biosynthesis_II,PWY-8004:_Entner-Doudoroff_pathway_I,1
PWY-7790:_UMP_biosynthesis_II,PWY-8073:_lipid_IVA_biosynthesis_(P._putida),3
PWY-7790:_UMP_biosynthesis_II,PWY-8178:_pentose_phosphate_pathway_(non-oxidative_branch)_II,7
PWY-7790:_UMP_biosynthesis_II,PWY-8187:_L-arginine_degradation_XIII_(reductive_Stickland_reaction),1
PWY-7790:_UMP_biosynthesis_II,PWY0-1061:_superpathway_of_L-alanine_biosynthesis,2
PWY-7790:_UMP_biosynthesis_II,PWY0-1241:_ADP-L-glycero-&beta;-D-manno-heptose_biosynthesis,1
PWY-7790:_UMP_biosynthesis_II,PWY0-1296:_purine_ribonucleosides_degradation,5
PWY-7790:_UMP_biosynthesis_II,PWY0-1319:_CDP-diacylglycerol_biosynthesis_II,17
PWY-7790:_UMP_biosynthesis_II,PWY0-1586:_peptidoglycan_maturation_(meso-diaminopimelate_containing),9
PWY-7790:_UMP_biosynthesis_II,PWY0-162:_superpathway_of_pyrimidine_ribonucleotides_de_novo_biosynthesis,2
PWY-7790:_UMP_biosynthesis_II,PWY0-845:_superpathway_of_pyridoxal_5'-phosphate_biosynthesis_and_salvage,6
PWY-7790:_UMP_biosynthesis_II,PWY0-862:_(5Z)-dodecenoate_biosynthesis_I,3
PWY-7790:_UMP_biosynthesis_II,PWY4FS-7:_phosphatidylglycerol_biosynthesis_I_(plastidic),1
PWY-7790:_UMP_biosynthesis_II,PWY4FS-8:_phosphatidylglycerol_biosynthesis_II_(non-plastidic),1
PWY-7790:_UMP_biosynthesis_II,PWY66-429:_fatty_acid_biosynthesis_initiation_(mitochondria),11
PWY-7790:_UMP_biosynthesis_II,PYRIDNUCSYN-PWY:_NAD_de_novo_biosynthesis_I_(from_aspartate),10
PWY-7790:_UMP_biosynthesis_II,PYRIDOXSYN-PWY:_pyridoxal_5'-phosphate_biosynthesis_I,7
PWY-7790:_UMP_biosynthesis_II,RHAMCAT-PWY:_L-rhamnose_degradation_I,8
PWY-7790:_UMP_biosynthesis_II,RIBOSYN2-PWY:_flavin_biosynthesis_I_(bacteria_and_plants),11
PWY-7790:_UMP_biosynthesis_II,SALVADEHYPOX-PWY:_adenosine_nucleotides_degradation_II,1
PWY-7790:_UMP_biosynthesis_II,SER-GLYSYN-PWY:_superpathway_of_L-serine_and_glycine_biosynthesis_I,18
PWY-7790:_UMP_biosynthesis_II,THISYNARA-PWY:_superpathway_of_thiamine_diphosphate_biosynthesis_III_(eukaryotes),8
PWY-7790:_UMP_biosynthesis_II,THRESYN-PWY:_superpathway_of_L-threonine_biosynthesis,7
PWY-7790:_UMP_biosynthesis_II,TRNA-CHARGING-PWY:_tRNA_charging,16
PWY-7790:_UMP_biosynthesis_II,UDPNAGSYN-PWY:_UDP-N-acetyl-D-glucosamine_biosynthesis_I,3
PWY-7790:_UMP_biosynthesis_II,VALSYN-PWY:_L-valine_biosynthesis,22
PWY-7791:_UMP_biosynthesis_III,PWY-7851:_coenzyme_A_biosynthesis_II_(eukaryotic),20
PWY-7791:_UMP_biosynthesis_III,PWY-7953:_UDP-N-acetylmuramoyl-pentapeptide_biosynthesis_III_(meso-diaminopimelate_containing),20
PWY-7791:_UMP_biosynthesis_III,PWY-7977:_L-methionine_biosynthesis_IV,18
PWY-7791:_UMP_biosynthesis_III,PWY-8004:_Entner-Doudoroff_pathway_I,1
PWY-7791:_UMP_biosynthesis_III,PWY-8073:_lipid_IVA_biosynthesis_(P._putida),3
PWY-7791:_UMP_biosynthesis_III,PWY-8178:_pentose_phosphate_pathway_(non-oxidative_branch)_II,7
PWY-7791:_UMP_biosynthesis_III,PWY-8187:_L-arginine_degradation_XIII_(reductive_Stickland_reaction),1
PWY-7791:_UMP_biosynthesis_III,PWY0-1061:_superpathway_of_L-alanine_biosynthesis,2
PWY-7791:_UMP_biosynthesis_III,PWY0-1241:_ADP-L-glycero-&beta;-D-manno-heptose_biosynthesis,1
PWY-7791:_UMP_biosynthesis_III,PWY0-1296:_purine_ribonucleosides_degradation,5
PWY-7791:_UMP_biosynthesis_III,PWY0-1319:_CDP-diacylglycerol_biosynthesis_II,17
PWY-7791:_UMP_biosynthesis_III,PWY0-1586:_peptidoglycan_maturation_(meso-diaminopimelate_containing),9
PWY-7791:_UMP_biosynthesis_III,PWY0-162:_superpathway_of_pyrimidine_ribonucleotides_de_novo_biosynthesis,2
PWY-7791:_UMP_biosynthesis_III,PWY0-845:_superpathway_of_pyridoxal_5'-phosphate_biosynthesis_and_salvage,6
PWY-7791:_UMP_biosynthesis_III,PWY0-862:_(5Z)-dodecenoate_biosynthesis_I,3
PWY-7791:_UMP_biosynthesis_III,PWY4FS-7:_phosphatidylglycerol_biosynthesis_I_(plastidic),1
PWY-7791:_UMP_biosynthesis_III,PWY4FS-8:_phosphatidylglycerol_biosynthesis_II_(non-plastidic),1
PWY-7791:_UMP_biosynthesis_III,PWY66-429:_fatty_acid_biosynthesis_initiation_(mitochondria),11
PWY-7791:_UMP_biosynthesis_III,PYRIDNUCSYN-PWY:_NAD_de_novo_biosynthesis_I_(from_aspartate),10
PWY-7791:_UMP_biosynthesis_III,PYRIDOXSYN-PWY:_pyridoxal_5'-phosphate_biosynthesis_I,7
PWY-7791:_UMP_biosynthesis_III,RHAMCAT-PWY:_L-rhamnose_degradation_I,8
PWY-7791:_UMP_biosynthesis_III,RIBOSYN2-PWY:_flavin_biosynthesis_I_(bacteria_and_plants),11
PWY-7791:_UMP_biosynthesis_III,SALVADEHYPOX-PWY:_adenosine_nucleotides_degradation_II,1
PWY-7791:_UMP_biosynthesis_III,SER-GLYSYN-PWY:_superpathway_of_L-serine_and_glycine_biosynthesis_I,18
PWY-7791:_UMP_biosynthesis_III,THISYNARA-PWY:_superpathway_of_thiamine_diphosphate_biosynthesis_III_(eukaryotes),8
PWY-7791:_UMP_biosynthesis_III,THRESYN-PWY:_superpathway_of_L-threonine_biosynthesis,7
PWY-7791:_UMP_biosynthesis_III,TRNA-CHARGING-PWY:_tRNA_charging,16
PWY-7791:_UMP_biosynthesis_III,UDPNAGSYN-PWY:_UDP-N-acetyl-D-glucosamine_biosynthesis_I,3
PWY-7791:_UMP_biosynthesis_III,VALSYN-PWY:_L-valine_biosynthesis,22
PWY-7851:_coenzyme_A_biosynthesis_II_(eukaryotic),PWY-7953:_UDP-N-acetylmuramoyl-pentapeptide_biosynthesis_III_(meso-diaminopimelate_containing),19
PWY-7851:_coenzyme_A_biosynthesis_II_(eukaryotic),PWY-7977:_L-methionine_biosynthesis_IV,17
PWY-7851:_coenzyme_A_biosynthesis_II_(eukaryotic),PWY-8004:_Entner-Doudoroff_pathway_I,1
PWY-7851:_coenzyme_A_biosynthesis_II_(eukaryotic),PWY-8073:_lipid_IVA_biosynthesis_(P._putida),3
PWY-7851:_coenzyme_A_biosynthesis_II_(eukaryotic),PWY-8178:_pentose_phosphate_pathway_(non-oxidative_branch)_II,6
PWY-7851:_coenzyme_A_biosynthesis_II_(eukaryotic),PWY-8187:_L-arginine_degradation_XIII_(reductive_Stickland_reaction),1
PWY-7851:_coenzyme_A_biosynthesis_II_(eukaryotic),PWY0-1061:_superpathway_of_L-alanine_biosynthesis,2
PWY-7851:_coenzyme_A_biosynthesis_II_(eukaryotic),PWY0-1241:_ADP-L-glycero-&beta;-D-manno-heptose_biosynthesis,1
PWY-7851:_coenzyme_A_biosynthesis_II_(eukaryotic),PWY0-1296:_purine_ribonucleosides_degradation,5
PWY-7851:_coenzyme_A_biosynthesis_II_(eukaryotic),PWY0-1319:_CDP-diacylglycerol_biosynthesis_II,16
PWY-7851:_coenzyme_A_biosynthesis_II_(eukaryotic),PWY0-1586:_peptidoglycan_maturation_(meso-diaminopimelate_containing),10
PWY-7851:_coenzyme_A_biosynthesis_II_(eukaryotic),PWY0-162:_superpathway_of_pyrimidine_ribonucleotides_de_novo_biosynthesis,2
PWY-7851:_coenzyme_A_biosynthesis_II_(eukaryotic),PWY0-845:_superpathway_of_pyridoxal_5'-phosphate_biosynthesis_and_salvage,6
PWY-7851:_coenzyme_A_biosynthesis_II_(eukaryotic),PWY0-862:_(5Z)-dodecenoate_biosynthesis_I,2
PWY-7851:_coenzyme_A_biosynthesis_II_(eukaryotic),PWY4FS-7:_phosphatidylglycerol_biosynthesis_I_(plastidic),1
PWY-7851:_coenzyme_A_biosynthesis_II_(eukaryotic),PWY4FS-8:_phosphatidylglycerol_biosynthesis_II_(non-plastidic),1
PWY-7851:_coenzyme_A_biosynthesis_II_(eukaryotic),PWY66-429:_fatty_acid_biosynthesis_initiation_(mitochondria),10
PWY-7851:_coenzyme_A_biosynthesis_II_(eukaryotic),PYRIDNUCSYN-PWY:_NAD_de_novo_biosynthesis_I_(from_aspartate),10
PWY-7851:_coenzyme_A_biosynthesis_II_(eukaryotic),PYRIDOXSYN-PWY:_pyridoxal_5'-phosphate_biosynthesis_I,7
PWY-7851:_coenzyme_A_biosynthesis_II_(eukaryotic),RHAMCAT-PWY:_L-rhamnose_degradation_I,9
PWY-7851:_coenzyme_A_biosynthesis_II_(eukaryotic),RIBOSYN2-PWY:_flavin_biosynthesis_I_(bacteria_and_plants),11
PWY-7851:_coenzyme_A_biosynthesis_II_(eukaryotic),SALVADEHYPOX-PWY:_adenosine_nucleotides_degradation_II,1
PWY-7851:_coenzyme_A_biosynthesis_II_(eukaryotic),SER-GLYSYN-PWY:_superpathway_of_L-serine_and_glycine_biosynthesis_I,16
PWY-7851:_coenzyme_A_biosynthesis_II_(eukaryotic),THISYNARA-PWY:_superpathway_of_thiamine_diphosphate_biosynthesis_III_(eukaryotes),9
PWY-7851:_coenzyme_A_biosynthesis_II_(eukaryotic),THRESYN-PWY:_superpathway_of_L-threonine_biosynthesis,7
PWY-7851:_coenzyme_A_biosynthesis_II_(eukaryotic),TRNA-CHARGING-PWY:_tRNA_charging,17
PWY-7851:_coenzyme_A_biosynthesis_II_(eukaryotic),UDPNAGSYN-PWY:_UDP-N-acetyl-D-glucosamine_biosynthesis_I,1
PWY-7851:_coenzyme_A_biosynthesis_II_(eukaryotic),VALSYN-PWY:_L-valine_biosynthesis,20
PWY-7953:_UDP-N-acetylmuramoyl-pentapeptide_biosynthesis_III_(meso-diaminopimelate_containing),PWY-7977:_L-methionine_biosynthesis_IV,17
PWY-7953:_UDP-N-acetylmuramoyl-pentapeptide_biosynthesis_III_(meso-diaminopimelate_containing),PWY-8004:_Entner-Doudoroff_pathway_I,1
PWY-7953:_UDP-N-acetylmuramoyl-pentapeptide_biosynthesis_III_(meso-diaminopimelate_containing),PWY-8073:_lipid_IVA_biosynthesis_(P._putida),3
PWY-7953:_UDP-N-acetylmuramoyl-pentapeptide_biosynthesis_III_(meso-diaminopimelate_containing),PWY-8178:_pentose_phosphate_pathway_(non-oxidative_branch)_II,7
PWY-7953:_UDP-N-acetylmuramoyl-pentapeptide_biosynthesis_III_(meso-diaminopimelate_containing),PWY-8187:_L-arginine_degradation_XIII_(reductive_Stickland_reaction),1
PWY-7953:_UDP-N-acetylmuramoyl-pentapeptide_biosynthesis_III_(meso-diaminopimelate_containing),PWY0-1061:_superpathway_of_L-alanine_biosynthesis,2
PWY-7953:_UDP-N-acetylmuramoyl-pentapeptide_biosynthesis_III_(meso-diaminopimelate_containing),PWY0-1241:_ADP-L-glycero-&beta;-D-manno-heptose_biosynthesis,1
PWY-7953:_UDP-N-acetylmuramoyl-pentapeptide_biosynthesis_III_(meso-diaminopimelate_containing),PWY0-1296:_purine_ribonucleosides_degradation,5
PWY-7953:_UDP-N-acetylmuramoyl-pentapeptide_biosynthesis_III_(meso-diaminopimelate_containing),PWY0-1319:_CDP-diacylglycerol_biosynthesis_II,16
PWY-7953:_UDP-N-acetylmuramoyl-pentapeptide_biosynthesis_III_(meso-diaminopimelate_containing),PWY0-1586:_peptidoglycan_maturation_(meso-diaminopimelate_containing),11
PWY-7953:_UDP-N-acetylmuramoyl-pentapeptide_biosynthesis_III_(meso-diaminopimelate_containing),PWY0-162:_superpathway_of_pyrimidine_ribonucleotides_de_novo_biosynthesis,2
PWY-7953:_UDP-N-acetylmuramoyl-pentapeptide_biosynthesis_III_(meso-diaminopimelate_containing),PWY0-845:_superpathway_of_pyridoxal_5'-phosphate_biosynthesis_and_salvage,6
PWY-7953:_UDP-N-acetylmuramoyl-pentapeptide_biosynthesis_III_(meso-diaminopimelate_containing),PWY0-862:_(5Z)-dodecenoate_biosynthesis_I,3
PWY-7953:_UDP-N-acetylmuramoyl-pentapeptide_biosynthesis_III_(meso-diaminopimelate_containing),PWY4FS-7:_phosphatidylglycerol_biosynthesis_I_(plastidic),1
PWY-7953:_UDP-N-acetylmuramoyl-pentapeptide_biosynthesis_III_(meso-diaminopimelate_containing),PWY4FS-8:_phosphatidylglycerol_biosynthesis_II_(non-plastidic),1
PWY-7953:_UDP-N-acetylmuramoyl-pentapeptide_biosynthesis_III_(meso-diaminopimelate_containing),PWY66-429:_fatty_acid_biosynthesis_initiation_(mitochondria),11
PWY-7953:_UDP-N-acetylmuramoyl-pentapeptide_biosynthesis_III_(meso-diaminopimelate_containing),PYRIDNUCSYN-PWY:_NAD_de_novo_biosynthesis_I_(from_aspartate),10
PWY-7953:_UDP-N-acetylmuramoyl-pentapeptide_biosynthesis_III_(meso-diaminopimelate_containing),PYRIDOXSYN-PWY:_pyridoxal_5'-phosphate_biosynthesis_I,7
PWY-7953:_UDP-N-acetylmuramoyl-pentapeptide_biosynthesis_III_(meso-diaminopimelate_containing),RHAMCAT-PWY:_L-rhamnose_degradation_I,8
PWY-7953:_UDP-N-acetylmuramoyl-pentapeptide_biosynthesis_III_(meso-diaminopimelate_containing),RIBOSYN2-PWY:_flavin_biosynthesis_I_(bacteria_and_plants),10
PWY-7953:_UDP-N-acetylmuramoyl-pentapeptide_biosynthesis_III_(meso-diaminopimelate_containing),SER-GLYSYN-PWY:_superpathway_of_L-serine_and_glycine_biosynthesis_I,16
PWY-7953:_UDP-N-acetylmuramoyl-pentapeptide_biosynthesis_III_(meso-diaminopimelate_containing),THISYNARA-PWY:_superpathway_of_thiamine_diphosphate_biosynthesis_III_(eukaryotes),7
PWY-7953:_UDP-N-acetylmuramoyl-pentapeptide_biosynthesis_III_(meso-diaminopimelate_containing),THRESYN-PWY:_superpathway_of_L-threonine_biosynthesis,6
PWY-7953:_UDP-N-acetylmuramoyl-pentapeptide_biosynthesis_III_(meso-diaminopimelate_containing),TRNA-CHARGING-PWY:_tRNA_charging,15
PWY-7953:_UDP-N-acetylmuramoyl-pentapeptide_biosynthesis_III_(meso-diaminopimelate_containing),UDPNAGSYN-PWY:_UDP-N-acetyl-D-glucosamine_biosynthesis_I,4
PWY-7953:_UDP-N-acetylmuramoyl-pentapeptide_biosynthesis_III_(meso-diaminopimelate_containing),VALSYN-PWY:_L-valine_biosynthesis,20
PWY-7977:_L-methionine_biosynthesis_IV,PWY-8004:_Entner-Doudoroff_pathway_I,1
PWY-7977:_L-methionine_biosynthesis_IV,PWY-8073:_lipid_IVA_biosynthesis_(P._putida),4
PWY-7977:_L-methionine_biosynthesis_IV,PWY-8178:_pentose_phosphate_pathway_(non-oxidative_branch)_II,5
PWY-7977:_L-methionine_biosynthesis_IV,PWY-8187:_L-arginine_degradation_XIII_(reductive_Stickland_reaction),1
PWY-7977:_L-methionine_biosynthesis_IV,PWY0-1061:_superpathway_of_L-alanine_biosynthesis,1
PWY-7977:_L-methionine_biosynthesis_IV,PWY0-1296:_purine_ribonucleosides_degradation,2
PWY-7977:_L-methionine_biosynthesis_IV,PWY0-1319:_CDP-diacylglycerol_biosynthesis_II,16
PWY-7977:_L-methionine_biosynthesis_IV,PWY0-1586:_peptidoglycan_maturation_(meso-diaminopimelate_containing),10
PWY-7977:_L-methionine_biosynthesis_IV,PWY0-162:_superpathway_of_pyrimidine_ribonucleotides_de_novo_biosynthesis,2
PWY-7977:_L-methionine_biosynthesis_IV,PWY0-845:_superpathway_of_pyridoxal_5'-phosphate_biosynthesis_and_salvage,6
PWY-7977:_L-methionine_biosynthesis_IV,PWY0-862:_(5Z)-dodecenoate_biosynthesis_I,3
PWY-7977:_L-methionine_biosynthesis_IV,PWY66-429:_fatty_acid_biosynthesis_initiation_(mitochondria),13
PWY-7977:_L-methionine_biosynthesis_IV,PYRIDNUCSYN-PWY:_NAD_de_novo_biosynthesis_I_(from_aspartate),11
PWY-7977:_L-methionine_biosynthesis_IV,PYRIDOXSYN-PWY:_pyridoxal_5'-phosphate_biosynthesis_I,7
PWY-7977:_L-methionine_biosynthesis_IV,RHAMCAT-PWY:_L-rhamnose_degradation_I,9
PWY-7977:_L-methionine_biosynthesis_IV,RIBOSYN2-PWY:_flavin_biosynthesis_I_(bacteria_and_plants),9
PWY-7977:_L-methionine_biosynthesis_IV,SALVADEHYPOX-PWY:_adenosine_nucleotides_degradation_II,1
PWY-7977:_L-methionine_biosynthesis_IV,SER-GLYSYN-PWY:_superpathway_of_L-serine_and_glycine_biosynthesis_I,17
PWY-7977:_L-methionine_biosynthesis_IV,THISYNARA-PWY:_superpathway_of_thiamine_diphosphate_biosynthesis_III_(eukaryotes),6
PWY-7977:_L-methionine_biosynthesis_IV,THRESYN-PWY:_superpathway_of_L-threonine_biosynthesis,7
PWY-7977:_L-methionine_biosynthesis_IV,TRNA-CHARGING-PWY:_tRNA_charging,17
PWY-7977:_L-methionine_biosynthesis_IV,UDPNAGSYN-PWY:_UDP-N-acetyl-D-glucosamine_biosynthesis_I,1
PWY-7977:_L-methionine_biosynthesis_IV,VALSYN-PWY:_L-valine_biosynthesis,19
PWY-8004:_Entner-Doudoroff_pathway_I,PWY-8178:_pentose_phosphate_pathway_(non-oxidative_branch)_II,1
PWY-8004:_Entner-Doudoroff_pathway_I,PWY0-845:_superpathway_of_pyridoxal_5'-phosphate_biosynthesis_and_salvage,1
PWY-8004:_Entner-Doudoroff_pathway_I,PWY66-429:_fatty_acid_biosynthesis_initiation_(mitochondria),1
PWY-8004:_Entner-Doudoroff_pathway_I,PYRIDNUCSYN-PWY:_NAD_de_novo_biosynthesis_I_(from_aspartate),1
PWY-8004:_Entner-Doudoroff_pathway_I,PYRIDOXSYN-PWY:_pyridoxal_5'-phosphate_biosynthesis_I,1
PWY-8004:_Entner-Doudoroff_pathway_I,RIBOSYN2-PWY:_flavin_biosynthesis_I_(bacteria_and_plants),1
PWY-8004:_Entner-Doudoroff_pathway_I,SER-GLYSYN-PWY:_superpathway_of_L-serine_and_glycine_biosynthesis_I,1
PWY-8004:_Entner-Doudoroff_pathway_I,TRNA-CHARGING-PWY:_tRNA_charging,1
PWY-8004:_Entner-Doudoroff_pathway_I,VALSYN-PWY:_L-valine_biosynthesis,1
PWY-8073:_lipid_IVA_biosynthesis_(P._putida),PWY0-1319:_CDP-diacylglycerol_biosynthesis_II,3
PWY-8073:_lipid_IVA_biosynthesis_(P._putida),PWY0-1586:_peptidoglycan_maturation_(meso-diaminopimelate_containing),2
PWY-8073:_lipid_IVA_biosynthesis_(P._putida),PWY0-845:_superpathway_of_pyridoxal_5'-phosphate_biosynthesis_and_salvage,1
PWY-8073:_lipid_IVA_biosynthesis_(P._putida),PWY0-862:_(5Z)-dodecenoate_biosynthesis_I,1
PWY-8073:_lipid_IVA_biosynthesis_(P._putida),PWY66-429:_fatty_acid_biosynthesis_initiation_(mitochondria),3
PWY-8073:_lipid_IVA_biosynthesis_(P._putida),PYRIDNUCSYN-PWY:_NAD_de_novo_biosynthesis_I_(from_aspartate),2
PWY-8073:_lipid_IVA_biosynthesis_(P._putida),PYRIDOXSYN-PWY:_pyridoxal_5'-phosphate_biosynthesis_I,2
PWY-8073:_lipid_IVA_biosynthesis_(P._putida),RHAMCAT-PWY:_L-rhamnose_degradation_I,2
PWY-8073:_lipid_IVA_biosynthesis_(P._putida),RIBOSYN2-PWY:_flavin_biosynthesis_I_(bacteria_and_plants),1
PWY-8073:_lipid_IVA_biosynthesis_(P._putida),SER-GLYSYN-PWY:_superpathway_of_L-serine_and_glycine_biosynthesis_I,3
PWY-8073:_lipid_IVA_biosynthesis_(P._putida),THISYNARA-PWY:_superpathway_of_thiamine_diphosphate_biosynthesis_III_(eukaryotes),1
PWY-8073:_lipid_IVA_biosynthesis_(P._putida),THRESYN-PWY:_superpathway_of_L-threonine_biosynthesis,3
PWY-8073:_lipid_IVA_biosynthesis_(P._putida),TRNA-CHARGING-PWY:_tRNA_charging,2
PWY-8073:_lipid_IVA_biosynthesis_(P._putida),VALSYN-PWY:_L-valine_biosynthesis,4
PWY-8178:_pentose_phosphate_pathway_(non-oxidative_branch)_II,PWY0-1061:_superpathway_of_L-alanine_biosynthesis,2
PWY-8178:_pentose_phosphate_pathway_(non-oxidative_branch)_II,PWY0-1296:_purine_ribonucleosides_degradation,3
PWY-8178:_pentose_phosphate_pathway_(non-oxidative_branch)_II,PWY0-1319:_CDP-diacylglycerol_biosynthesis_II,7
PWY-8178:_pentose_phosphate_pathway_(non-oxidative_branch)_II,PWY0-1586:_peptidoglycan_maturation_(meso-diaminopimelate_containing),3
PWY-8178:_pentose_phosphate_pathway_(non-oxidative_branch)_II,PWY0-845:_superpathway_of_pyridoxal_5'-phosphate_biosynthesis_and_salvage,2
PWY-8178:_pentose_phosphate_pathway_(non-oxidative_branch)_II,PWY4FS-7:_phosphatidylglycerol_biosynthesis_I_(plastidic),1
PWY-8178:_pentose_phosphate_pathway_(non-oxidative_branch)_II,PWY4FS-8:_phosphatidylglycerol_biosynthesis_II_(non-plastidic),1
PWY-8178:_pentose_phosphate_pathway_(non-oxidative_branch)_II,PWY66-429:_fatty_acid_biosynthesis_initiation_(mitochondria),4
PWY-8178:_pentose_phosphate_pathway_(non-oxidative_branch)_II,PYRIDNUCSYN-PWY:_NAD_de_novo_biosynthesis_I_(from_aspartate),3
PWY-8178:_pentose_phosphate_pathway_(non-oxidative_branch)_II,PYRIDOXSYN-PWY:_pyridoxal_5'-phosphate_biosynthesis_I,2
PWY-8178:_pentose_phosphate_pathway_(non-oxidative_branch)_II,RHAMCAT-PWY:_L-rhamnose_degradation_I,1
PWY-8178:_pentose_phosphate_pathway_(non-oxidative_branch)_II,RIBOSYN2-PWY:_flavin_biosynthesis_I_(bacteria_and_plants),4
PWY-8178:_pentose_phosphate_pathway_(non-oxidative_branch)_II,SER-GLYSYN-PWY:_superpathway_of_L-serine_and_glycine_biosynthesis_I,6
PWY-8178:_pentose_phosphate_pathway_(non-oxidative_branch)_II,THISYNARA-PWY:_superpathway_of_thiamine_diphosphate_biosynthesis_III_(eukaryotes),5
PWY-8178:_pentose_phosphate_pathway_(non-oxidative_branch)_II,THRESYN-PWY:_superpathway_of_L-threonine_biosynthesis,1
PWY-8178:_pentose_phosphate_pathway_(non-oxidative_branch)_II,TRNA-CHARGING-PWY:_tRNA_charging,4
PWY-8178:_pentose_phosphate_pathway_(non-oxidative_branch)_II,UDPNAGSYN-PWY:_UDP-N-acetyl-D-glucosamine_biosynthesis_I,1
PWY-8178:_pentose_phosphate_pathway_(non-oxidative_branch)_II,VALSYN-PWY:_L-valine_biosynthesis,7
PWY-8187:_L-arginine_degradation_XIII_(reductive_Stickland_reaction),PWY0-1586:_peptidoglycan_maturation_(meso-diaminopimelate_containing),1
PWY-8187:_L-arginine_degradation_XIII_(reductive_Stickland_reaction),RIBOSYN2-PWY:_flavin_biosynthesis_I_(bacteria_and_plants),1
PWY-8187:_L-arginine_degradation_XIII_(reductive_Stickland_reaction),TRNA-CHARGING-PWY:_tRNA_charging,1
PWY-8187:_L-arginine_degradation_XIII_(reductive_Stickland_reaction),VALSYN-PWY:_L-valine_biosynthesis,1
PWY0-1061:_superpathway_of_L-alanine_biosynthesis,PWY0-1296:_purine_ribonucleosides_degradation,2
PWY0-1061:_superpathway_of_L-alanine_biosynthesis,PWY0-1319:_CDP-diacylglycerol_biosynthesis_II,2
PWY0-1061:_superpathway_of_L-alanine_biosynthesis,PWY0-1586:_peptidoglycan_maturation_(meso-diaminopimelate_containing),1
PWY0-1061:_superpathway_of_L-alanine_biosynthesis,RIBOSYN2-PWY:_flavin_biosynthesis_I_(bacteria_and_plants),2
PWY0-1061:_superpathway_of_L-alanine_biosynthesis,SER-GLYSYN-PWY:_superpathway_of_L-serine_and_glycine_biosynthesis_I,1
PWY0-1061:_superpathway_of_L-alanine_biosynthesis,THISYNARA-PWY:_superpathway_of_thiamine_diphosphate_biosynthesis_III_(eukaryotes),2
PWY0-1061:_superpathway_of_L-alanine_biosynthesis,THRESYN-PWY:_superpathway_of_L-threonine_biosynthesis,1
PWY0-1061:_superpathway_of_L-alanine_biosynthesis,TRNA-CHARGING-PWY:_tRNA_charging,2
PWY0-1061:_superpathway_of_L-alanine_biosynthesis,VALSYN-PWY:_L-valine_biosynthesis,2
PWY0-1241:_ADP-L-glycero-&beta;-D-manno-heptose_biosynthesis,PWY0-1296:_purine_ribonucleosides_degradation,1
PWY0-1241:_ADP-L-glycero-&beta;-D-manno-heptose_biosynthesis,RIBOSYN2-PWY:_flavin_biosynthesis_I_(bacteria_and_plants),1
PWY0-1241:_ADP-L-glycero-&beta;-D-manno-heptose_biosynthesis,THRESYN-PWY:_superpathway_of_L-threonine_biosynthesis,1
PWY0-1241:_ADP-L-glycero-&beta;-D-manno-heptose_biosynthesis,UDPNAGSYN-PWY:_UDP-N-acetyl-D-glucosamine_biosynthesis_I,1
PWY0-1241:_ADP-L-glycero-&beta;-D-manno-heptose_biosynthesis,VALSYN-PWY:_L-valine_biosynthesis,1
PWY0-1296:_purine_ribonucleosides_degradation,PWY0-1319:_CDP-diacylglycerol_biosynthesis_II,4
PWY0-1296:_purine_ribonucleosides_degradation,PWY0-1586:_peptidoglycan_maturation_(meso-diaminopimelate_containing),1
PWY0-1296:_purine_ribonucleosides_degradation,RIBOSYN2-PWY:_flavin_biosynthesis_I_(bacteria_and_plants),4
PWY0-1296:_purine_ribonucleosides_degradation,SALVADEHYPOX-PWY:_adenosine_nucleotides_degradation_II,1
PWY0-1296:_purine_ribonucleosides_degradation,SER-GLYSYN-PWY:_superpathway_of_L-serine_and_glycine_biosynthesis_I,3
PWY0-1296:_purine_ribonucleosides_degradation,THISYNARA-PWY:_superpathway_of_thiamine_diphosphate_biosynthesis_III_(eukaryotes),4
PWY0-1296:_purine_ribonucleosides_degradation,THRESYN-PWY:_superpathway_of_L-threonine_biosynthesis,3
PWY0-1296:_purine_ribonucleosides_degradation,TRNA-CHARGING-PWY:_tRNA_charging,4
PWY0-1296:_purine_ribonucleosides_degradation,UDPNAGSYN-PWY:_UDP-N-acetyl-D-glucosamine_biosynthesis_I,2
PWY0-1296:_purine_ribonucleosides_degradation,VALSYN-PWY:_L-valine_biosynthesis,6
PWY0-1319:_CDP-diacylglycerol_biosynthesis_II,PWY0-1586:_peptidoglycan_maturation_(meso-diaminopimelate_containing),9
PWY0-1319:_CDP-diacylglycerol_biosynthesis_II,PWY0-162:_superpathway_of_pyrimidine_ribonucleotides_de_novo_biosynthesis,2
PWY0-1319:_CDP-diacylglycerol_biosynthesis_II,PWY0-845:_superpathway_of_pyridoxal_5'-phosphate_biosynthesis_and_salvage,5
PWY0-1319:_CDP-diacylglycerol_biosynthesis_II,PWY0-862:_(5Z)-dodecenoate_biosynthesis_I,3
PWY0-1319:_CDP-diacylglycerol_biosynthesis_II,PWY4FS-7:_phosphatidylglycerol_biosynthesis_I_(plastidic),1
PWY0-1319:_CDP-diacylglycerol_biosynthesis_II,PWY4FS-8:_phosphatidylglycerol_biosynthesis_II_(non-plastidic),1
PWY0-1319:_CDP-diacylglycerol_biosynthesis_II,PWY66-429:_fatty_acid_biosynthesis_initiation_(mitochondria),10
PWY0-1319:_CDP-diacylglycerol_biosynthesis_II,PYRIDNUCSYN-PWY:_NAD_de_novo_biosynthesis_I_(from_aspartate),8
PWY0-1319:_CDP-diacylglycerol_biosynthesis_II,PYRIDOXSYN-PWY:_pyridoxal_5'-phosphate_biosynthesis_I,6
PWY0-1319:_CDP-diacylglycerol_biosynthesis_II,RHAMCAT-PWY:_L-rhamnose_degradation_I,8
PWY0-1319:_CDP-diacylglycerol_biosynthesis_II,RIBOSYN2-PWY:_flavin_biosynthesis_I_(bacteria_and_plants),8
PWY0-1319:_CDP-diacylglycerol_biosynthesis_II,SALVADEHYPOX-PWY:_adenosine_nucleotides_degradation_II,1
PWY0-1319:_CDP-diacylglycerol_biosynthesis_II,SER-GLYSYN-PWY:_superpathway_of_L-serine_and_glycine_biosynthesis_I,15
PWY0-1319:_CDP-diacylglycerol_biosynthesis_II,THISYNARA-PWY:_superpathway_of_thiamine_diphosphate_biosynthesis_III_(eukaryotes),9
PWY0-1319:_CDP-diacylglycerol_biosynthesis_II,THRESYN-PWY:_superpathway_of_L-threonine_biosynthesis,5
PWY0-1319:_CDP-diacylglycerol_biosynthesis_II,TRNA-CHARGING-PWY:_tRNA_charging,13
PWY0-1319:_CDP-diacylglycerol_biosynthesis_II,UDPNAGSYN-PWY:_UDP-N-acetyl-D-glucosamine_biosynthesis_I,1
PWY0-1319:_CDP-diacylglycerol_biosynthesis_II,VALSYN-PWY:_L-valine_biosynthesis,18
PWY0-1479:_tRNA_processing,PWY0-1586:_peptidoglycan_maturation_(meso-diaminopimelate_containing),1
PWY0-1479:_tRNA_processing,UDPNAGSYN-PWY:_UDP-N-acetyl-D-glucosamine_biosynthesis_I,1
PWY0-1586:_peptidoglycan_maturation_(meso-diaminopimelate_containing),PWY0-162:_superpathway_of_pyrimidine_ribonucleotides_de_novo_biosynthesis,2
PWY0-1586:_peptidoglycan_maturation_(meso-diaminopimelate_containing),PWY0-845:_superpathway_of_pyridoxal_5'-phosphate_biosynthesis_and_salvage,4
PWY0-1586:_peptidoglycan_maturation_(meso-diaminopimelate_containing),PWY66-429:_fatty_acid_biosynthesis_initiation_(mitochondria),7
PWY0-1586:_peptidoglycan_maturation_(meso-diaminopimelate_containing),PYRIDNUCSYN-PWY:_NAD_de_novo_biosynthesis_I_(from_aspartate),6
PWY0-1586:_peptidoglycan_maturation_(meso-diaminopimelate_containing),PYRIDOXSYN-PWY:_pyridoxal_5'-phosphate_biosynthesis_I,5
PWY0-1586:_peptidoglycan_maturation_(meso-diaminopimelate_containing),RHAMCAT-PWY:_L-rhamnose_degradation_I,7
PWY0-1586:_peptidoglycan_maturation_(meso-diaminopimelate_containing),RIBOSYN2-PWY:_flavin_biosynthesis_I_(bacteria_and_plants),5
PWY0-1586:_peptidoglycan_maturation_(meso-diaminopimelate_containing),SER-GLYSYN-PWY:_superpathway_of_L-serine_and_glycine_biosynthesis_I,7
PWY0-1586:_peptidoglycan_maturation_(meso-diaminopimelate_containing),THISYNARA-PWY:_superpathway_of_thiamine_diphosphate_biosynthesis_III_(eukaryotes),5
PWY0-1586:_peptidoglycan_maturation_(meso-diaminopimelate_containing),THRESYN-PWY:_superpathway_of_L-threonine_biosynthesis,4
PWY0-1586:_peptidoglycan_maturation_(meso-diaminopimelate_containing),TRNA-CHARGING-PWY:_tRNA_charging,9
PWY0-1586:_peptidoglycan_maturation_(meso-diaminopimelate_containing),UDPNAGSYN-PWY:_UDP-N-acetyl-D-glucosamine_biosynthesis_I,2
PWY0-1586:_peptidoglycan_maturation_(meso-diaminopimelate_containing),VALSYN-PWY:_L-valine_biosynthesis,11
PWY0-162:_superpathway_of_pyrimidine_ribonucleotides_de_novo_biosynthesis,PWY0-845:_superpathway_of_pyridoxal_5'-phosphate_biosynthesis_and_salvage,2
PWY0-162:_superpathway_of_pyrimidine_ribonucleotides_de_novo_biosynthesis,PWY66-429:_fatty_acid_biosynthesis_initiation_(mitochondria),2
PWY0-162:_superpathway_of_pyrimidine_ribonucleotides_de_novo_biosynthesis,PYRIDNUCSYN-PWY:_NAD_de_novo_biosynthesis_I_(from_aspartate),1
PWY0-162:_superpathway_of_pyrimidine_ribonucleotides_de_novo_biosynthesis,PYRIDOXSYN-PWY:_pyridoxal_5'-phosphate_biosynthesis_I,2
PWY0-162:_superpathway_of_pyrimidine_ribonucleotides_de_novo_biosynthesis,RHAMCAT-PWY:_L-rhamnose_degradation_I,2
PWY0-162:_superpathway_of_pyrimidine_ribonucleotides_de_novo_biosynthesis,RIBOSYN2-PWY:_flavin_biosynthesis_I_(bacteria_and_plants),1
PWY0-162:_superpathway_of_pyrimidine_ribonucleotides_de_novo_biosynthesis,SER-GLYSYN-PWY:_superpathway_of_L-serine_and_glycine_biosynthesis_I,2
PWY0-162:_superpathway_of_pyrimidine_ribonucleotides_de_novo_biosynthesis,THISYNARA-PWY:_superpathway_of_thiamine_diphosphate_biosynthesis_III_(eukaryotes),1
PWY0-162:_superpathway_of_pyrimidine_ribonucleotides_de_novo_biosynthesis,TRNA-CHARGING-PWY:_tRNA_charging,2
PWY0-162:_superpathway_of_pyrimidine_ribonucleotides_de_novo_biosynthesis,VALSYN-PWY:_L-valine_biosynthesis,2
PWY0-845:_superpathway_of_pyridoxal_5'-phosphate_biosynthesis_and_salvage,PWY66-429:_fatty_acid_biosynthesis_initiation_(mitochondria),6
PWY0-845:_superpathway_of_pyridoxal_5'-phosphate_biosynthesis_and_salvage,PYRIDNUCSYN-PWY:_NAD_de_novo_biosynthesis_I_(from_aspartate),4
PWY0-845:_superpathway_of_pyridoxal_5'-phosphate_biosynthesis_and_salvage,PYRIDOXSYN-PWY:_pyridoxal_5'-phosphate_biosynthesis_I,6
PWY0-845:_superpathway_of_pyridoxal_5'-phosphate_biosynthesis_and_salvage,RHAMCAT-PWY:_L-rhamnose_degradation_I,5
PWY0-845:_superpathway_of_pyridoxal_5'-phosphate_biosynthesis_and_salvage,RIBOSYN2-PWY:_flavin_biosynthesis_I_(bacteria_and_plants),4
PWY0-845:_superpathway_of_pyridoxal_5'-phosphate_biosynthesis_and_salvage,SER-GLYSYN-PWY:_superpathway_of_L-serine_and_glycine_biosynthesis_I,6
PWY0-845:_superpathway_of_pyridoxal_5'-phosphate_biosynthesis_and_salvage,THISYNARA-PWY:_superpathway_of_thiamine_diphosphate_biosynthesis_III_(eukaryotes),3
PWY0-845:_superpathway_of_pyridoxal_5'-phosphate_biosynthesis_and_salvage,THRESYN-PWY:_superpathway_of_L-threonine_biosynthesis,1
PWY0-845:_superpathway_of_pyridoxal_5'-phosphate_biosynthesis_and_salvage,TRNA-CHARGING-PWY:_tRNA_charging,6
PWY0-845:_superpathway_of_pyridoxal_5'-phosphate_biosynthesis_and_salvage,VALSYN-PWY:_L-valine_biosynthesis,6
PWY0-862:_(5Z)-dodecenoate_biosynthesis_I,PWY66-429:_fatty_acid_biosynthesis_initiation_(mitochondria),1
PWY0-862:_(5Z)-dodecenoate_biosynthesis_I,PYRIDNUCSYN-PWY:_NAD_de_novo_biosynthesis_I_(from_aspartate),2
PWY0-862:_(5Z)-dodecenoate_biosynthesis_I,RHAMCAT-PWY:_L-rhamnose_degradation_I,1
PWY0-862:_(5Z)-dodecenoate_biosynthesis_I,RIBOSYN2-PWY:_flavin_biosynthesis_I_(bacteria_and_plants),1
PWY0-862:_(5Z)-dodecenoate_biosynthesis_I,SER-GLYSYN-PWY:_superpathway_of_L-serine_and_glycine_biosynthesis_I,3
PWY0-862:_(5Z)-dodecenoate_biosynthesis_I,TRNA-CHARGING-PWY:_tRNA_charging,2
PWY0-862:_(5Z)-dodecenoate_biosynthesis_I,VALSYN-PWY:_L-valine_biosynthesis,3
PWY4FS-7:_phosphatidylglycerol_biosynthesis_I_(plastidic),PWY4FS-8:_phosphatidylglycerol_biosynthesis_II_(non-plastidic),1
PWY4FS-7:_phosphatidylglycerol_biosynthesis_I_(plastidic),PYRIDNUCSYN-PWY:_NAD_de_novo_biosynthesis_I_(from_aspartate),1
PWY4FS-7:_phosphatidylglycerol_biosynthesis_I_(plastidic),SER-GLYSYN-PWY:_superpathway_of_L-serine_and_glycine_biosynthesis_I,1
PWY4FS-7:_phosphatidylglycerol_biosynthesis_I_(plastidic),THISYNARA-PWY:_superpathway_of_thiamine_diphosphate_biosynthesis_III_(eukaryotes),1
PWY4FS-7:_phosphatidylglycerol_biosynthesis_I_(plastidic),VALSYN-PWY:_L-valine_biosynthesis,1
PWY4FS-8:_phosphatidylglycerol_biosynthesis_II_(non-plastidic),PYRIDNUCSYN-PWY:_NAD_de_novo_biosynthesis_I_(from_aspartate),1
PWY4FS-8:_phosphatidylglycerol_biosynthesis_II_(non-plastidic),SER-GLYSYN-PWY:_superpathway_of_L-serine_and_glycine_biosynthesis_I,1
PWY4FS-8:_phosphatidylglycerol_biosynthesis_II_(non-plastidic),THISYNARA-PWY:_superpathway_of_thiamine_diphosphate_biosynthesis_III_(eukaryotes),1
PWY4FS-8:_phosphatidylglycerol_biosynthesis_II_(non-plastidic),VALSYN-PWY:_L-valine_biosynthesis,1
PWY66-429:_fatty_acid_biosynthesis_initiation_(mitochondria),PYRIDNUCSYN-PWY:_NAD_de_novo_biosynthesis_I_(from_aspartate),7
PWY66-429:_fatty_acid_biosynthesis_initiation_(mitochondria),PYRIDOXSYN-PWY:_pyridoxal_5'-phosphate_biosynthesis_I,6
PWY66-429:_fatty_acid_biosynthesis_initiation_(mitochondria),RHAMCAT-PWY:_L-rhamnose_degradation_I,8
PWY66-429:_fatty_acid_biosynthesis_initiation_(mitochondria),RIBOSYN2-PWY:_flavin_biosynthesis_I_(bacteria_and_plants),6
PWY66-429:_fatty_acid_biosynthesis_initiation_(mitochondria),SER-GLYSYN-PWY:_superpathway_of_L-serine_and_glycine_biosynthesis_I,10
PWY66-429:_fatty_acid_biosynthesis_initiation_(mitochondria),THISYNARA-PWY:_superpathway_of_thiamine_diphosphate_biosynthesis_III_(eukaryotes),3
PWY66-429:_fatty_acid_biosynthesis_initiation_(mitochondria),THRESYN-PWY:_superpathway_of_L-threonine_biosynthesis,4
PWY66-429:_fatty_acid_biosynthesis_initiation_(mitochondria),TRNA-CHARGING-PWY:_tRNA_charging,10
PWY66-429:_fatty_acid_biosynthesis_initiation_(mitochondria),UDPNAGSYN-PWY:_UDP-N-acetyl-D-glucosamine_biosynthesis_I,1
PWY66-429:_fatty_acid_biosynthesis_initiation_(mitochondria),VALSYN-PWY:_L-valine_biosynthesis,12
PYRIDNUCSYN-PWY:_NAD_de_novo_biosynthesis_I_(from_aspartate),PYRIDOXSYN-PWY:_pyridoxal_5'-phosphate_biosynthesis_I,4
PYRIDNUCSYN-PWY:_NAD_de_novo_biosynthesis_I_(from_aspartate),RHAMCAT-PWY:_L-rhamnose_degradation_I,7
PYRIDNUCSYN-PWY:_NAD_de_novo_biosynthesis_I_(from_aspartate),RIBOSYN2-PWY:_flavin_biosynthesis_I_(bacteria_and_plants),4
PYRIDNUCSYN-PWY:_NAD_de_novo_biosynthesis_I_(from_aspartate),SER-GLYSYN-PWY:_superpathway_of_L-serine_and_glycine_biosynthesis_I,11
PYRIDNUCSYN-PWY:_NAD_de_novo_biosynthesis_I_(from_aspartate),THISYNARA-PWY:_superpathway_of_thiamine_diphosphate_biosynthesis_III_(eukaryotes),5
PYRIDNUCSYN-PWY:_NAD_de_novo_biosynthesis_I_(from_aspartate),THRESYN-PWY:_superpathway_of_L-threonine_biosynthesis,3
PYRIDNUCSYN-PWY:_NAD_de_novo_biosynthesis_I_(from_aspartate),TRNA-CHARGING-PWY:_tRNA_charging,10
PYRIDNUCSYN-PWY:_NAD_de_novo_biosynthesis_I_(from_aspartate),UDPNAGSYN-PWY:_UDP-N-acetyl-D-glucosamine_biosynthesis_I,1
PYRIDNUCSYN-PWY:_NAD_de_novo_biosynthesis_I_(from_aspartate),VALSYN-PWY:_L-valine_biosynthesis,11
PYRIDOXSYN-PWY:_pyridoxal_5'-phosphate_biosynthesis_I,RHAMCAT-PWY:_L-rhamnose_degradation_I,5
PYRIDOXSYN-PWY:_pyridoxal_5'-phosphate_biosynthesis_I,RIBOSYN2-PWY:_flavin_biosynthesis_I_(bacteria_and_plants),4
PYRIDOXSYN-PWY:_pyridoxal_5'-phosphate_biosynthesis_I,SER-GLYSYN-PWY:_superpathway_of_L-serine_and_glycine_biosynthesis_I,7
PYRIDOXSYN-PWY:_pyridoxal_5'-phosphate_biosynthesis_I,THISYNARA-PWY:_superpathway_of_thiamine_diphosphate_biosynthesis_III_(eukaryotes),3
PYRIDOXSYN-PWY:_pyridoxal_5'-phosphate_biosynthesis_I,THRESYN-PWY:_superpathway_of_L-threonine_biosynthesis,2
PYRIDOXSYN-PWY:_pyridoxal_5'-phosphate_biosynthesis_I,TRNA-CHARGING-PWY:_tRNA_charging,6
PYRIDOXSYN-PWY:_pyridoxal_5'-phosphate_biosynthesis_I,VALSYN-PWY:_L-valine_biosynthesis,7
RHAMCAT-PWY:_L-rhamnose_degradation_I,RIBOSYN2-PWY:_flavin_biosynthesis_I_(bacteria_and_plants),5
RHAMCAT-PWY:_L-rhamnose_degradation_I,SER-GLYSYN-PWY:_superpathway_of_L-serine_and_glycine_biosynthesis_I,8
RHAMCAT-PWY:_L-rhamnose_degradation_I,THISYNARA-PWY:_superpathway_of_thiamine_diphosphate_biosynthesis_III_(eukaryotes),4
RHAMCAT-PWY:_L-rhamnose_degradation_I,THRESYN-PWY:_superpathway_of_L-threonine_biosynthesis,3
RHAMCAT-PWY:_L-rhamnose_degradation_I,TRNA-CHARGING-PWY:_tRNA_charging,9
RHAMCAT-PWY:_L-rhamnose_degradation_I,VALSYN-PWY:_L-valine_biosynthesis,9
RIBOSYN2-PWY:_flavin_biosynthesis_I_(bacteria_and_plants),SALVADEHYPOX-PWY:_adenosine_nucleotides_degradation_II,1
RIBOSYN2-PWY:_flavin_biosynthesis_I_(bacteria_and_plants),SER-GLYSYN-PWY:_superpathway_of_L-serine_and_glycine_biosynthesis_I,8
RIBOSYN2-PWY:_flavin_biosynthesis_I_(bacteria_and_plants),THISYNARA-PWY:_superpathway_of_thiamine_diphosphate_biosynthesis_III_(eukaryotes),4
RIBOSYN2-PWY:_flavin_biosynthesis_I_(bacteria_and_plants),THRESYN-PWY:_superpathway_of_L-threonine_biosynthesis,4
RIBOSYN2-PWY:_flavin_biosynthesis_I_(bacteria_and_plants),TRNA-CHARGING-PWY:_tRNA_charging,10
RIBOSYN2-PWY:_flavin_biosynthesis_I_(bacteria_and_plants),UDPNAGSYN-PWY:_UDP-N-acetyl-D-glucosamine_biosynthesis_I,1
RIBOSYN2-PWY:_flavin_biosynthesis_I_(bacteria_and_plants),VALSYN-PWY:_L-valine_biosynthesis,11
SALVADEHYPOX-PWY:_adenosine_nucleotides_degradation_II,SER-GLYSYN-PWY:_superpathway_of_L-serine_and_glycine_biosynthesis_I,1
SALVADEHYPOX-PWY:_adenosine_nucleotides_degradation_II,THISYNARA-PWY:_superpathway_of_thiamine_diphosphate_biosynthesis_III_(eukaryotes),1
SALVADEHYPOX-PWY:_adenosine_nucleotides_degradation_II,THRESYN-PWY:_superpathway_of_L-threonine_biosynthesis,1
SALVADEHYPOX-PWY:_adenosine_nucleotides_degradation_II,TRNA-CHARGING-PWY:_tRNA_charging,1
SALVADEHYPOX-PWY:_adenosine_nucleotides_degradation_II,VALSYN-PWY:_L-valine_biosynthesis,1
SER-GLYSYN-PWY:_superpathway_of_L-serine_and_glycine_biosynthesis_I,THISYNARA-PWY:_superpathway_of_thiamine_diphosphate_biosynthesis_III_(eukaryotes),7
SER-GLYSYN-PWY:_superpathway_of_L-serine_and_glycine_biosynthesis_I,THRESYN-PWY:_superpathway_of_L-threonine_biosynthesis,6
SER-GLYSYN-PWY:_superpathway_of_L-serine_and_glycine_biosynthesis_I,TRNA-CHARGING-PWY:_tRNA_charging,14
SER-GLYSYN-PWY:_superpathway_of_L-serine_and_glycine_biosynthesis_I,UDPNAGSYN-PWY:_UDP-N-acetyl-D-glucosamine_biosynthesis_I,1
SER-GLYSYN-PWY:_superpathway_of_L-serine_and_glycine_biosynthesis_I,VALSYN-PWY:_L-valine_biosynthesis,17
THISYNARA-PWY:_superpathway_of_thiamine_diphosphate_biosynthesis_III_(eukaryotes),THRESYN-PWY:_superpathway_of_L-threonine_biosynthesis,3
THISYNARA-PWY:_superpathway_of_thiamine_diphosphate_biosynthesis_III_(eukaryotes),TRNA-CHARGING-PWY:_tRNA_charging,7
THISYNARA-PWY:_superpathway_of_thiamine_diphosphate_biosynthesis_III_(eukaryotes),VALSYN-PWY:_L-valine_biosynthesis,9
THRESYN-PWY:_superpathway_of_L-threonine_biosynthesis,TRNA-CHARGING-PWY:_tRNA_charging,5
THRESYN-PWY:_superpathway_of_L-threonine_biosynthesis,UDPNAGSYN-PWY:_UDP-N-acetyl-D-glucosamine_biosynthesis_I,1
THRESYN-PWY:_superpathway_of_L-threonine_biosynthesis,VALSYN-PWY:_L-valine_biosynthesis,8
TRNA-CHARGING-PWY:_tRNA_charging,VALSYN-PWY:_L-valine_biosynthesis,17
UDPNAGSYN-PWY:_UDP-N-acetyl-D-glucosamine_biosynthesis_I,VALSYN-PWY:_L-valine_biosynthesis,5
